100.748
100.187
23.3136
147.074
78.6106
186.239
70.0127
46.3594
63.0634
167.335
117.795
101.352
123.09
75.1861
166.107
31.3489
105.912
120.836
91.3525
102.362
94.9308
63.6418
160.821
155.934
79.0939
94.5616
131.479
36.687
76.4801
160.78
112.751
49.3905
53.9077
138.376
135.07
68.4936
246.16
54.7931
28.4553
19.6225
89.2653
118.478
106.563
135.671
52.6212
118.038
129.965
70.5525
32.0237
104.171
106.811
70.5577
92.72
96.6902
105.277
30.4086
200.741
99.5261
70.4289
136.424
127.745
96.1601
83.6414
41.9727
43.5608
155.394
86.5329
154.723
91.2362
53.3846
138.24
141.246
82.3865
101.28
109.759
153.561
100.994
142.797
37.6152
135.996
67.1444
95.194
57.2121
63.3095
65.2677
57.7676
144.484
179.655
113.709
112.03
56.7479
89.9405
21.3599
130.761
145.417
53.6489
128.723
73.9031
60.8467
108.428
112.617
81.145
67.103
118.843
98.7916
90.169
34.4814
106.329
102.545
50.8144
24.2471
34.6072
94.3435
68.435
46.8303
149.98
109.886
69.4475
151.385
84.6302
113.744
133.14
72.2236
137.957
88.136
41.9972
44.5499
75.5379
142.318
113.352
128.584
142.101
105.046
81.9812
79.6011
65.5342
130.428
175.52
65.919
159.162
50.5389
144.484
111.971
162.371
111.562
196.175
66.2954
71.1515
213.375
76.7122
175.598
88.7693
60.1714
23.5937
51.6124
87.8383
59.125
138.82
141.491
37.7071
85.0851
118.994
100.428
34.0878
47.472
158.111
126.574
47.7398
63.6118
136.426
124.059
57.5598
127.305
98.1861
123.261
33.3114
35.3891
190.138
145.48
84.3122
23.6632
39.7573
74.01
159.898
58.3329
137.626
140.992
122.316
98.6877
111.73
169.161
135.337
116.982
107.451
48.5989
119.707
145.631
55.9294
57.9484
114.963
110.317
120.534
135.015
146.218
128.526
89.4376
93.4274
115.738
66.4373
71.9587
82.1203
55.1982
86.0155
83.776
60.9989
171.761
98.355
64.5834
102.327
57.4486
110.237
69.3013
227.625
163.398
35.8835
179.595
38.0429
128.27
38.8981
137.033
191.372
210.805
130.364
48.1912
113.694
123.153
158.617
145.123
121.496
124.899
38.1072
130.472
49.5994
100.633
53.8407
101.982
66.9764
149.897
117.683
78.3799
115.117
136.11
55.0484
173.37
86.5544
85.8143
90.7469
90.6135
104.853
126.296
175.189
27.3982
95.4336
167.293
157.616
103.988
133.168
96.7623
99.4177
139.481
106.998
144.536
77.4977
94.394
182.888
212.743
47.7098
91.3075
50.6769
75.5229
67.7727
78.0521
54.9159
93.3437
77.0706
170.228
68.327
120.052
59.9368
79.3959
39.5592
121.375
184.814
132.751
67.2783
103.737
23.3324
84.0483
143.742
46.4374
139.775
203.113
88.311
156.298
60.2111
119.308
69.3664
131.444
75.0328
62.028
85.8766
116.12
212.398
144.421
137.221
114.458
16.5538
118.844
62.8568
62.3673
178.941
63.9405
110.534
78.9276
206.046
131.259
160.36
138.049
56.9973
152.116
126.429
83.6986
134.607
201.423
140.697
89.9801
101.051
122.68
128.803
142.381
201.308
105.936
24.5817
102.511
138.526
130.949
243.51
174.498
67.5681
184.182
75.7883
167.969
87.8167
76.4604
140.397
74.4392
84.252
82.9163
239.977
154.76
126.916
65.8881
44.5609
143.605
73.7219
54.3387
125.582
86.4505
48.0694
92.3469
91.5071
177.079
47.6927
82.7192
146.755
82.6699
103.11
89.6791
102.589
54.0822
39.0469
170.3
74.5054
59.7453
53.2702
78.2194
83.5678
106.814
108.271
82.8049
47.873
120.463
74.4725
75.2058
132.08
152.072
118.122
78.0911
32.794
77.6802
86.5108
69.918
95.0768
117.946
114.105
48.2392
46.4221
86.2225
68.8804
78.0804
86.9619
145.838
148.941
85.6565
101.826
66.9072
85.7561
93.2667
141.042
105.562
89.7878
135.182
56.5165
70.6933
247.445
133.194
93.6805
177.894
80.2537
106.026
72.5323
126.533
168.013
84.714
203.903
80.056
88.6453
41.3013
78.7152
135.318
49.9065
167.813
92.087
43.0277
117.835
119.335
119.831
86.8062
107.285
87.2513
179.002
35.5269
102.321
108.842
181.771
106.124
202.222
139.107
87.9714
90.177
77.6932
104.715
54.8492
116.234
132.264
74.2335
157.075
137.297
59.5657
260.83
84.4546
28.2266
73.063
37.5633
129.233
15.1273
97.8489
47.7882
167.949
86.3422
154.889
197.241
95.9342
52.745
144.089
72.6793
74.6886
172.422
127.65
132.551
58.549
103.206
129.035
151.644
102.133
80.3418
185.883
94.8466
146.149
126.235
31.0823
117.896
90.3138
30.9332
53.3515
166.714
19.3036
121.764
28.2955
71.9365
153.705
168.54
183.51
82.4415
48.3068
92.7934
120.448
83.6011
116.238
60.683
91.7349
95.8394
148.69
151.239
88.3572
103.885
97.5261
42.1622
119.882
63.1051
111.002
101.213
59.2111
114.135
176.861
107.221
208.581
43.81
234.397
129.529
75.6673
68.6865
82.5349
160.897
52.5451
138.151
30.854
135.724
64.3796
87.8052
84.8063
49.8328
98.3954
72.2448
96.6888
79.5827
74.3709
92.6907
42.2622
168.404
83.4799
160.11
62.8352
84.9511
36.0122
171.068
86.8286
42.0138
115.035
165.431
146.787
102.938
127.543
91.6638
106.132
109.581
82.7024
72.8139
91.1428
110.006
150.568
108.82
68.9762
157.732
92.1854
56.6604
40.1035
94.8672
98.214
128.682
96.16
166.2
80.9377
90.5214
88.8434
74.1734
89.7492
91.3381
45.1459
164.639
118.984
118.606
135.168
102.686
92.1421
179.477
56.863
112.158
107.813
83.0712
138.208
88.717
32.3182
72.209
118.602
98.7025
33.2327
127.211
102.099
118.061
77.6306
72.2812
117.999
117.161
80.2892
89.7594
100.619
80.1971
120.968
75.1276
117.453
275.968
137.03
181.992
112.062
87.1221
87.5606
71.0717
62.4465
56.3863
76.3791
132.059
92.0659
130.193
221.441
112.911
42.1517
113.429
132.516
76.5903
61.5279
63.5773
165.747
76.5855
58.3509
53.7476
149.336
164.025
156.174
138.047
111.051
184.856
159.95
79.6924
40.786
48.9772
128.066
167.174
85.0161
85.1669
82.4035
27.3368
35.7507
141.911
136.712
94.0927
111.451
154.873
97.1434
16.9159
31.0433
152.513
108.666
57.6086
91.5163
115.124
91.2354
133.793
116.445
101.072
68.619
150.962
106.296
121.894
51.0081
61.2367
74.6953
90.7909
82.8515
59.2725
72.8079
103.957
51.2511
64.5161
94.4747
40.9689
100.469
40.823
127.519
103.96
213.996
76.1662
47.6987
75.2917
150.294
117.628
127.685
140.226
111.07
72.3609
54.6064
97.2073
33.4771
68.772
55.0919
57.3565
198.004
34.938
127.852
166.973
98.6144
95.4394
90.4633
102.005
108.327
157.792
101.271
137.593
95.2364
81.6907
140.154
138.583
82.7285
88.5058
95.9538
42.9075
96.2489
124.046
187.901
78.1406
103.634
155.863
77.9007
55.3987
21.6109
148.922
141.935
113.992
127.964
66.7591
105.868
57.4244
110.497
89.0496
110.217
130.01
58.775
72.4535
59.5253
122.931
82.7966
110.544
78.5063
79.2501
58.3161
80.5529
183.125
140.802
65.6707
103.582
65.2666
155.885
72.8645
142.727
83.8817
85.6562
149.628
76.3514
159.224
132.543
88.4178
137.515
139.627
175.023
37.0142
83.7648
81.6958
238.842
42.0632
157.532
68.2679
89.2741
76.9428
94.0596
33.1907
83.7304
196.908
84.0466
106.869
71.112
152.578
121.007
169.549
110.022
37.9484
98.5134
90.811
55.9071
24.4237
89.258
67.5811
46.1923
144.471
55.6329
67.8069
32.9116
142.387
59.4938
93.3637
212.819
74.805
66.2321
109.416
106.697
82.4536
35.335
80.076
99.0395
174.001
85.355
119.856
138.714
79.7549
123.449
158.566
157.761
83.2764
143.572
64.0989
118.965
85.2888
95.3745
113.007
110.986
102.512
22.7733
73.8468
261.469
99.586
115.009
131.094
33.5285
61.074
46.9394
149.912
102.066
50.0615
165.534
112.354
102.698
71.9553
116.052
99.0944
127.696
61.9369
88.1401
75.0913
87.3753
74.8644
137.513
107.293
92.166
124.967
120.955
61.9013
69.3144
45.9312
42.2646
127.942
83.047
30.7667
80.4854
137.385
117.281
64.0982
118.112
115.962
91.1207
109.468
107.422
137.232
45.1322
150.053
152.372
71.4589
54.2144
116.583
39.469
178.316
107.285
110.322
82.0361
79.2692
111.494
105.666
66.2041
82.2977
178.186
112.116
76.5552
176.821
82.8147
109.688
76.2503
61.3561
143.44
121.462
106.187
80.0354
143.676
67.1857
137.096
134.93
87.1002
127.864
115.009
164.213
133.187
75.8676
32.2049
55.6999
90.9347
99.1832
81.5196
74.7128
56.2846
41.0098
82.9144
73.3411
177.251
41.0747
65.399
73.5432
114.195
42.887
56.6457
78.6897
147.604
138.561
94.8887
34.0877
168.757
70.6218
71.918
65.5081
56.5417
141.066
87.7617
179.418
124.728
129.018
112.513
119.012
67.2587
33.1164
130.504
94.6857
74.5185
88.8102
77.0669
94.2823
93.1374
88.596
25.9039
82.5603
135.504
211.053
186.623
114.646
48.9451
144.39
77.36
108.834
158.442
50.6892
132.932
66.0289
78.7002
76.7116
93.8194
59.855
63.6041
42.4363
64.1808
155.504
66.7576
226.033
56.4578
89.0041
80.7914
163.796
156.694
115.836
62.3939
100.959
126.104
48.6615
104.426
100.69
51.3646
74.2878
132.581
151.518
77.5989
176.654
109.417
125.365
60.329
110.492
44.7748
64.9856
37.9568
92.4251
155.184
111.419
82.1699
127.82
102.555
51.6965
73.0811
77.5171
144.799
98.8851
73.072
59.5024
122.763
91.0127
111.84
160.163
138.51
82.3901
52.723
142.615
144.681
90.9956
98.7565
109.147
83.7944
57.404
117.294
77.7268
43.2959
81.6205
82.7434
95.7042
86.6835
70.4077
61.2427
120.986
96.7935
20.05
191.064
100.855
133.456
172.058
139.492
80.0691
111.34
96.034
177.993
77.1722
175.302
65.9875
64.1569
45.1245
47.9904
128.98
179.593
155.797
54.9071
33.032
154.106
115.685
173.97
128.945
11.6046
106.524
43.0618
108.407
74.4472
138.914
86.6438
164.746
124.425
47.6788
125.152
228.402
124.369
63.8026
102.22
143.481
123.589
120.483
89.0142
42.8555
48.9481
29.6043
104.689
85.1555
36.5721
185.479
79.5312
131.395
61.9808
149.016
120.586
81.5213
123.37
49.9295
93.8332
107.631
153.976
56.5891
93.8523
89.6427
106.91
134.165
143.418
133.823
117.979
163.987
181.065
103.06
80.3294
63.4513
88.8975
84.8474
121.521
114.871
48.2903
41.7228
144.261
117.602
95.056
72.5828
48.2356
130.113
104.069
140.303
24.1293
105.696
80.8798
78.5967
115.297
130.672
148.085
96.7184
131.797
125.754
184.807
26.0743
44.6819
79.3548
199.222
58.2817
186.255
92.2342
56.174
200.86
142.088
85.4122
87.5305
144.87
90.6092
144.742
220.463
103.665
103.06
63.4624
185.524
51.9212
113.865
101.744
132.11
67.3229
84.2262
67.9442
130.38
63.4778
80.3068
88.1678
62.9692
116.482
37.4095
196.326
150.179
112.149
94.7779
92.2229
36.163
86.2672
96.2861
118.091
97.635
131.621
146.02
122.275
62.9816
65.7087
159.448
60.167
138.69
67.2235
155.815
50.659
91.1374
79.4536
159.604
152.881
38.927
58.8948
53.1363
123.659
15.1741
61.5116
69.3549
139.514
148.126
152.465
134.575
75.3774
48.6732
131.598
168.245
75.8965
108.59
214.898
83.0316
310.557
72.0282
94.3878
108.088
83.7627
166.033
210.981
115.188
111.172
26.677
80.4014
70.4754
33.7782
115.062
28.4121
134.749
181.797
51.7049
196.219
91.3004
97.7038
41.498
149.765
46.709
82.3749
75.8597
147.791
92.673
160.079
125.024
74.1898
71.1784
161.231
198.054
125.238
88.2376
83.7481
119.518
63.082
83.7444
68.28
59.7136
90.8149
189.75
92.9503
77.6642
176.682
75.4994
116.58
140.88
103.4
172.141
94.1478
51.2499
73.8217
33.843
137.209
86.418
100.172
123.444
121.266
97.2221
107.089
82.3053
58.6918
71.558
73.0251
49.4769
93.7155
178.487
65.6864
55.3755
176.374
155.869
214.81
103.254
137.414
118.649
168.03
129.315
105.062
112.65
32.3211
111.043
167.575
63.2722
40.222
136.413
127.205
88.3313
131.032
90.58
127.556
113.189
153.103
59.6903
172.618
72.2953
177.7
109.283
98.1272
96.1774
95.3878
129.651
86.5062
112.179
127.053
66.0588
112.283
89.0694
39.7062
86.0239
131.606
124.613
71.2025
160.07
74.7677
152.155
168.378
74.9122
68.8677
99.8716
80.2261
53.2246
75.2773
65.6263
130.328
111.892
82.3735
79.9824
113.635
88.5028
102.413
83.3159
134.454
133.145
164.613
103.461
114.268
98.338
116.915
86.5232
50.4213
77.9004
151.586
80.5381
91.1659
169.647
36.5488
169.347
82.3188
98.1204
41.1213
77.2929
99.6679
34.5274
59.8936
90.4666
58.2476
78.5937
131.323
51.2895
150.652
90.0859
134.904
227.612
111.216
155.685
216.556
88.9759
61.0874
125.135
57.5127
99.5528
62.4454
101.519
147.49
100.839
116.619
113.078
200.722
133.302
117.487
156.411
57.4013
151.234
158.538
98.9514
127.739
70.399
80.5726
137.531
30.7391
70.5547
41.2698
77.9965
112.186
23.6685
196.036
120.99
104.466
56.4908
132.094
71.9076
39.6082
101.63
142.302
111.855
70.8002
101.698
121.458
140.817
175.562
119.408
127.449
99.1772
106.352
52.9155
89.3524
70.6666
95.6757
70.5245
43.1015
56.5717
84.7821
119.992
60.0953
70.0324
73.3915
183.424
95.1143
154.199
32.8666
97.18
67.6088
71.8667
58.3981
92.9155
146.642
55.7752
151.888
49.4679
122.456
107.208
72.146
153.501
75.3184
58.1619
38.0711
101.593
59.5682
67.4719
109.45
143.614
72.7985
124.329
77.2243
92.134
130.894
48.3534
115.407
114.27
94.5543
144.134
107.742
108.395
113.368
108.706
104.037
95.9523
105.105
158.613
155.21
164.256
90.8783
51.7929
188.76
67.8288
99.2332
81.6983
145.678
161.366
126.418
110.32
135.271
127.844
94.887
46.0077
180.971
106.382
42.5167
123.268
146.777
73.469
120.665
90.4015
200.874
97.0305
79.9062
163.561
74.2505
101.745
156.915
98.9618
225.777
93.619
52.4166
94.4619
60.0746
72.9378
53.689
80.677
27.2999
46.3445
138.997
96.6694
136.617
294.844
224.744
73.4713
55.5864
132.606
103.725
74.5716
110.383
95.8041
106.3
24.708
82.1586
141.227
137.669
43.5746
112.263
23.1745
79.4702
48.7723
92.787
69.7622
118.054
191.832
112.219
28.9156
81.8086
85.741
146.733
102.333
89.8785
66.9451
128.478
62.1611
99.6517
127.262
110.8
46.1016
47.7752
41.507
71.2889
41.7033
37.5173
67.0203
53.5873
87.4832
65.4944
49.7869
30.7171
106.544
100.11
55.858
160.483
75.2625
109.368
160.277
170.852
63.851
63.6041
162.333
40.7268
56.247
78.6498
102.092
128.18
68.0447
37.1283
84.7395
87.0075
55.8041
101.427
75.9795
104.714
99.0464
202.705
124.682
292.015
138.23
103.798
127.117
121.772
155.932
20.1491
83.141
88.0162
95.0573
87.2327
68.4011
75.0325
114
62.2193
54.6875
45.9648
191.463
117.523
59.8079
66.1034
155.364
60.2146
204.352
127.29
99.9982
30.449
102.755
70.3929
112.46
131.59
72.4988
167.99
109.55
83.9816
199.203
22.393
151.611
72.0205
121.453
166.413
112.05
222.016
197.307
161.939
145.281
144.431
118.726
139.606
120.826
101.032
96.4089
101.806
76.8581
94.8804
65.6427
80.8948
95.4932
70.4261
94.6819
30.6955
141.781
104.129
128.959
132.237
102.646
108.402
119.106
179.337
61.4631
187.88
101.223
62.2277
57.143
71.9228
140.468
63.9521
147.51
155.544
72.089
118.32
205.737
158.843
66.6452
55.2188
157.854
72.7371
81.0647
123.617
65.2591
129.034
60.1783
66.7564
46.5083
123.991
32.4477
193.571
55.4749
41.8552
141.536
73.3598
106.899
103.757
157.214
79.3016
86.1879
137.676
138.671
103.923
62.9247
73.806
141.576
111.925
143.46
169.525
178.994
150.642
98.7791
128.194
75.5714
48.3479
57.9314
133.362
81.0808
67.5032
67.9516
94.9178
64.5296
135.149
72.9823
94.4431
46.043
125.464
121.345
51.2585
56.2505
66.3613
84.2823
131.873
141.011
114.601
60.3166
163.077
113.867
103.42
111.015
76.003
21.7391
103.647
172.335
44.5678
58.4113
158.978
88.2548
85.9118
113.289
109.014
184.793
113.278
55.4798
52.5687
171.694
124.388
131.85
61.4306
111.069
111.521
105.214
129.343
167.231
168.164
92.268
138.158
93.1326
43.0674
162.241
184.073
77.2171
112.058
88.8782
94.5278
56.944
140.444
104.404
77.7238
142.534
123.885
103.809
98.7013
55.1026
53.7292
153.253
152.962
152.539
78.0512
66.8104
169.124
42.5584
123.281
23.5274
125.056
79.8673
78.7464
137.293
100.891
98.1351
109.357
112.834
115.146
137.364
45.6537
142.739
192.87
46.1866
105.049
27.0911
108.627
108.174
147.944
52.5565
114.164
79.9503
70.7174
120.455
78.1362
139.799
29.0938
75.7336
89.7743
91.3389
155.966
65.0698
101.333
193.828
28.5002
115.916
68.7501
44.1991
37.6167
60.5168
119.51
102.578
116.631
148.558
15.7007
139.935
128.222
75.101
92.239
90.4947
209.783
47.9145
144.153
201.554
85.8553
133.306
119.317
48.2687
154.578
197.315
263.978
112.302
90.0587
37.7377
124.277
107.907
97.0328
7.61812
59.0432
105.591
95.5552
78.8377
72.5028
80.2807
106.429
79.9371
22.7954
123.503
130.678
66.6558
74.8725
122.231
107.822
45.2416
203.121
97.5976
166.504
98.4528
50.8085
110.426
104.575
106.921
86.9337
32.4897
75.6474
97.8995
175.085
68.8031
118.578
60.4703
108.441
116.506
126.386
110.749
63.027
45.7072
96.6629
155.502
86.6822
70.2935
51.0868
136.549
46.5542
104.566
76.0336
64.3185
47.1143
127.099
112.522
132.223
150.26
29.8729
73.9454
119.995
111.113
108.22
97.3029
147.885
103.313
106.283
180.212
162.798
184.685
100.222
125.18
36.6814
77.7467
182.237
163.865
94.8748
47.0083
84.1537
31.3239
32.5239
162.396
109.345
22.43
119.793
63.2268
225.284
66.0974
118.928
105.123
143.919
50.2791
164.144
74.5724
97.8068
106.369
39.4553
43.9718
73.556
83.304
158.99
124.934
89.6541
142.286
143.421
128.761
52.722
153.394
159.515
168.682
92.5628
70.2002
120.945
59.6516
90.3366
126.708
88.5182
53.5252
101.524
90.5926
119.362
224.083
88.9991
20.4354
92.7041
111.814
102.267
79.8133
99.2064
6.0845
112.64
119.125
180.616
109.432
105.948
132.418
15.3149
50.0811
65.9248
75.5829
75.1679
148.932
94.8541
50.8594
140.464
161.376
51.2144
187.632
101.975
131.207
70.3819
77.9405
139.372
164.36
68.7478
73.9001
144.169
114.07
112.143
35.2934
64.877
34.6164
71.1906
115.427
66.104
81.0609
173.116
138.258
47.3229
82.8294
103.534
131.769
117.18
108.218
109.475
100.08
139.133
84.8467
59.6074
61.8329
80.4865
83.9401
62.1581
75.5842
127.144
138.472
159.493
259.845
101.141
62.7525
70.9579
137.553
67.508
135.946
52.4848
102.566
103.714
197.195
98.1061
159.809
53.9567
55.9799
163.353
85.8524
212.369
46.5919
102.91
161.381
93.6552
70.7746
104.34
169.475
147.161
129.208
47.4834
39.6074
49.435
141.82
135.492
90.7226
96.6532
85.011
75.3587
157.837
124.629
105.65
141.697
147.987
148.588
59.6124
56.659
90.3702
40.8172
124.709
154.378
100.416
162.917
103.859
139.641
95.2284
37.2494
146.595
66.1562
20.5718
108.706
36.0044
100.747
130.008
65.1322
160.952
85.7067
93.3174
117.082
107.625
83.1134
36.0587
75.8726
112.221
95.4292
72.5449
83.0585
83.3255
137.228
107.461
169.538
58.1177
127.284
114.032
79.3176
76.0354
182.339
98.3116
84.941
78.1508
31.814
63.7023
151.993
50.6188
120.429
88.8852
108.426
92.8301
140.042
82.6626
120.062
99.143
74.0441
27.6676
60.3666
48.1146
32.7613
54.356
171.969
74.9351
70.3968
105.626
73.57
101.152
66.4671
151.79
121.97
89.4235
41.032
121.882
29.3803
125.349
37.7097
117.924
137.791
97.4487
58.0454
69.291
203.852
151.69
144.204
104.999
142.935
211.32
143.528
107.845
78.918
158.004
140.423
94.6369
139.243
48.2423
121.387
125.651
58.4944
143.068
163.201
19.0892
160.207
149.164
87.7963
129.989
95.9538
56.2846
81.1295
110.643
162.123
90.1485
30.8888
132.838
65.267
90.4108
40.5786
134.447
42.3636
169.138
200.253
138.361
83.8275
38.0181
39.5535
78.1135
127.576
67.5771
120.845
127.449
87.1209
190.984
43.3597
66.1729
69.2984
43.0396
160.783
96.6813
149.506
80.4128
39.3411
91.0622
111.274
55.2349
107.445
97.5528
77.4849
90.553
64.8867
97.1361
35.3405
91.635
96.8973
118.653
120.847
134.746
101.255
58.4334
87.8321
116.417
91.2838
140.536
133.966
37.5085
121.496
122.073
28.8639
85.2425
167.291
113.47
61.735
188.331
100.616
78.2903
154.032
15.1607
40.6953
31.5083
117.799
97.2432
82.6143
57.2009
91.0564
89.0427
117.115
55.9765
124.186
17.7804
91.6788
108.312
70.7051
82.9017
105.6
132.238
80.3289
85.2293
84.2145
68.0964
84.5829
57.3493
102.075
138.636
57.2566
46.0432
89.6217
223.392
113.204
169.097
137.283
117.281
110.609
60.308
206.308
101.825
170.407
58.4209
94.587
129.782
60.1884
158.644
93.6629
86.3504
180.813
124.704
109.198
70.35
233.022
122.392
208.531
87.0795
46.5968
105.989
31.2135
141.888
55.019
89.9945
108.089
91.8929
111.033
67.0587
66.158
100.519
116.747
34.5823
119.976
60.1909
94.0226
152.103
140.824
29.707
124.302
34.7314
100.264
26.2959
116.052
116.388
96.7368
32.2529
90.0185
44.7291
100.639
129.571
84.1422
80.8989
97.1288
98.902
87.3722
99.0924
160.989
134.133
65.3114
106.159
108.694
74.4845
143.8
99.187
54.6464
140.896
118.228
93.0266
138.214
79.6661
57.987
85.013
110.762
218.386
116.674
88.9828
116.211
119.571
111.748
70.4018
166.871
138.362
112.263
136.425
98.6307
70.3704
211.455
74.7335
132.272
112.937
98.7712
94.7664
99.0085
153.877
84.4779
140.414
112.671
59.6885
153.871
139.829
129.486
68.9624
128.145
42.9655
106.947
120.911
119.183
150.273
144.879
105.495
126.199
113.359
156.615
190.342
162.689
126.044
115.871
100.336
97.0263
36.0702
94.567
95.4693
79.2367
104.844
100.119
71.32
105.783
50.0632
105.818
114.75
84.1918
97.0446
49.749
85.5661
66.8531
148.194
113.154
107.626
58.1519
72.371
41.5887
88.5719
72.6042
121.505
47.1223
67.465
16.1173
65.0297
51.9836
81.8746
95.5743
135.44
157.575
53.8998
111.453
29.7404
136.386
64.2546
181.629
42.3237
108.935
172.246
94.9179
125.151
121.354
150.091
101.866
51.7799
85.0532
169.179
92.0268
158.306
139.965
89.2115
107.302
73.212
72.7824
117.092
63.4597
87.0997
97.6243
69.0465
97.1118
101.318
135.755
87.2019
66.7946
59.0842
72.4263
46.8638
114.667
85.4775
111.044
93.4209
84.2015
46.3583
124.577
32.2196
99.416
26.839
102.557
27.2427
145.846
55.3442
80.1385
37.4926
121.453
56.1654
39.207
135.045
146.509
81.7746
33.0457
85.3794
48.6103
76.2222
144.719
30.3051
130.227
115.5
138.53
129.608
84.7299
97.9024
39.5077
84.118
97.5256
120.691
56.3033
102.08
57.1607
147.983
131.178
145.172
73.0537
114.863
112.761
100.303
76.6117
179.205
154.784
96.8297
62.2086
121.716
109.374
79.4192
128.583
157.7
119.342
99.3434
146.934
98.1699
54.8215
120.468
96.3785
119.719
125.806
197.322
120.573
52.6286
141.953
126.749
114.143
125.159
80.9178
115.55
145.741
164.21
134.294
44.1454
124.512
49.7604
42.7144
73.2925
135.079
139.913
74.674
124.023
138.016
81.4954
110.132
94.1359
104.567
65.7014
89.225
146.769
67.8209
53.6839
16.5482
64.3932
195.599
105.614
89.6229
66.5739
66.6027
153.161
44.7537
74.4297
56.559
56.8729
108.488
133.07
185.512
112.663
103.749
93.091
141.242
131.874
142.1
125.913
165.095
26.2823
88.7799
57.4393
98.9462
65.7483
114.811
163.826
99.5496
167.204
96.0025
94.0352
212.216
116.477
90.7549
67.7625
169.917
64.3296
71.5215
140.416
82.5483
99.2341
40.6037
58.6303
67.3284
128.607
128.519
55.6733
165.279
112.637
74.6082
169.749
121.65
117.798
44.6504
164.995
98.5426
96.5253
120.058
96.3236
94.297
144.016
43.4044
107.01
89.2507
41.219
105.117
83.4157
79.4711
190.246
112.592
55.4512
178.4
118.486
127.761
125.456
60.2985
69.9282
61.9853
151.854
160.14
131.779
121.61
63.8076
117.233
75.899
110.105
82.8265
29.812
114.504
56.1583
62.0497
99.8901
40.2488
55.6058
97.2514
158.7
96.3738
100.603
37.1749
36.1349
98.6824
137.402
102.745
114.646
172.885
68.5272
76.8124
70.7993
113.34
109.348
87.0417
87.6136
90.0888
91.2927
137.064
147.472
81.9589
158.872
107.311
40.7029
89.8438
129.101
87.177
47.0328
94.6876
67.3876
98.035
32.2017
49.8982
127.492
92.2543
50.3787
73.0703
121.433
129.803
49.0736
81.0433
135.875
132.906
136.251
96.6983
142.743
59.9664
168.256
115.164
165.732
74.0444
76.9846
99.7789
69.2998
119.215
57.3132
50.9088
55.0226
117.719
171.107
124.404
106.096
40.6045
140.824
89.9475
189.675
115.765
82.1474
92.5804
89.386
106.438
122.222
101.657
131.163
97.0958
92.3722
53.751
71.1796
140.947
139.824
190.776
147.78
91.766
69.2584
100.084
52.6212
70.397
139.888
165.371
90.7058
85.58
58.545
149.667
44.1119
214.434
127.744
71.0372
56.2866
165.275
73.1504
51.4876
88.2776
73.3592
42.0447
73.9591
170.03
166.332
115.832
79.693
71.4508
105.535
108.112
96.4861
75.873
115.549
95.8275
117.238
76.3405
100.811
83.5714
114.368
183.007
84.3138
144.762
56.4035
66.5425
171.396
87.0081
35.3176
119.641
54.2062
68.6938
85.2455
87.3084
54.412
107.859
130.436
51.0338
123.862
146.027
150.419
66.8406
17.2393
68.8016
93.7286
146.835
105.918
132.727
38.4337
27.4474
190.348
74.649
96.3707
77.1933
129.699
82.4707
64.9657
123.184
56.8862
133.723
122.097
106.028
142.396
97.788
95.3524
98.7865
118.904
118.832
65.7118
76.2415
111.765
180.225
77.738
100.363
40.995
87.8228
112.268
138.909
119.174
59.0968
127.748
91.2377
30.3862
127.149
148.432
160.659
38.1996
86.8908
207.771
83.4419
26.7727
102.4
110.683
172.124
130.416
82.9089
179.438
59.3538
84.6253
165.537
32.0264
180.267
72.9978
186.35
87.6062
167.957
76.5568
128.342
123.504
101.142
99.9409
163.547
139.544
126.671
150.939
130.616
213.293
116.824
158.245
189.831
97.6912
188.652
92.6906
79.1406
153.121
112.199
87.6614
68.2351
116.311
112.179
44.3545
99.7113
139.049
173.881
96.4918
110.966
94.9268
218.188
32.6883
83.8233
63.2149
79.0352
46.4713
107.477
52.3167
87.043
131.285
80.43
127.987
73.2836
77.0191
120.097
88.5008
68.1085
67.5946
68.5314
47.2315
105.204
127.174
73.9397
121.131
99.9888
75.6316
51.5049
20.7208
127.026
174.999
204.582
67.9937
61.2489
91.0291
82.721
123.958
156.568
164.341
158.915
96.6252
60.0979
50.5156
97.2857
91.1977
118.411
145.514
99.4689
127.595
93.2109
115.272
66.4066
121.361
41.8052
24.9455
155.438
123.245
97.1233
149.524
80.8922
134.845
42.8872
104.084
133.127
109.349
66.321
122.349
142.605
39.4039
140.12
66.9767
168.957
98.0404
132.06
92.5013
61.3989
94.8088
90.3918
180.165
90.2754
23.6745
121.528
109.59
166.146
129.36
111.173
57.7643
30.561
131.384
177.307
122.367
164.264
79.4981
100.392
90.1859
140.378
59.1795
42.8934
52.4094
100.504
159.48
104.98
92.6925
73.1307
55.5997
107.381
144.215
98.5551
74.4253
84.6
24.9147
127.726
78.759
63.8305
42.9381
55.9675
149.602
104.647
187.051
186.188
90.5554
130.538
89.8557
49.8514
169.579
62.4692
150.253
180.343
57.43
119.847
39.0856
121.302
99.3701
145.358
177.257
147.17
80.7931
165.86
137.932
92.554
195.888
61.4503
135.49
113.11
78.9207
95.0657
124.649
182.084
36.9858
41.4764
50.5679
133.932
117.386
118.438
78.951
138.009
70.0187
136.573
67.7494
132.494
129.333
100.33
84.611
101.383
76.4208
73.8623
63.5546
126.292
75.1694
89.8999
100.702
98.4203
66.3093
102.627
91.8794
51.3377
48.5825
130.203
177.059
101.367
141.005
119.127
138.022
43.5201
69.2208
128.549
64.5808
110.635
75.4732
133.928
71.9984
30.0777
114.069
109.911
161.763
178.553
106.666
66.594
147.02
125.007
152.429
119.995
88.9829
112.453
117.433
60.3556
53.2369
60.0607
40.569
85.8199
37.7312
74.3567
88.9699
149.369
119.81
12.268
148.236
55.3037
92.0532
83.6352
106.581
53.94
141.638
177.07
165.469
105.495
34.8541
115.011
133.609
76.3485
144.423
98.6766
85.1666
192.948
77.4192
157.701
93.2912
50.2242
107.459
107.567
107.171
105.183
49.7671
82.9815
108.522
116.218
77.9645
87.7262
35.845
54.6512
57.1894
62.4857
147.442
171.521
178.372
76.7327
214.372
88.8193
53.7632
51.3939
135.894
111.351
104.658
105.619
65.9549
90.3515
92.5383
85.6677
130.973
89.8477
83.8854
86.6536
43.4957
46.1814
47.4752
54.6259
115.529
39.8041
45.0818
74.5993
140.49
130.818
40.6694
52.3678
106.043
24.0062
78.8338
39.9632
157.812
52.0349
206.052
59.706
79.3364
166.952
105.912
100.774
124.979
123.456
112.091
34.9938
133.431
88.1655
77.3205
110.478
59.356
91.3155
62.2486
87.6648
78.4456
114.303
223.654
49.2447
132.158
178.836
66.2189
129.585
104.976
130.259
91.423
33.0073
103.357
131.798
101.484
90.9396
31.8467
67.3363
100.543
157.379
151.389
163.697
139.998
131.824
33.1971
72.8139
119.454
52.7418
82.1504
161.014
118.101
107.697
111.25
137.731
149.672
143.498
125.699
74.783
111.29
81.0465
122.083
117.834
39.661
97.9656
107.716
74.9725
140.417
194.02
80.1947
41.8302
104.565
137.371
127.411
90.3832
144.778
106.479
157.239
157.186
35.2851
98.1016
110.706
128.146
75.4638
56.6292
87.2018
62.07
180.366
165.506
114.979
156.568
111.429
103.107
94.9014
57.5527
99.8359
77.5117
99.9204
92.8877
151.928
148.711
101.966
142.284
131.08
93.5436
109.56
81.196
76.9337
17.2448
73.956
48.1412
136.174
60.8252
103.438
57.2504
65.4397
100.018
104.78
135.508
39.5241
135.241
141.201
138.582
102.612
155.855
65.2226
185.964
49.3177
229.489
111.761
56.5364
122.967
116.037
139.112
105.813
65.628
72.3947
163.715
112.6
70.7803
102.962
127.522
152.555
106.492
148.924
118.532
66.2966
29.1232
112.293
89.3499
75.3117
132.577
124.753
106.751
215.274
133.248
92.6346
83.8851
64.5883
127.656
166.298
80.6308
132.869
77.6546
71.9544
50.5265
136.688
178.092
85.8956
214.46
60.2565
44.525
99.7629
115.516
99.7374
42.8635
87.1274
41.3325
109.186
46.8626
78.8879
44.9867
134.451
204.617
158.516
139.331
114.782
100.158
54.3586
131.121
249.793
67.0778
84.8816
109.53
105.049
78.3726
74.3745
116.73
39.8546
78.8775
73.4038
88.5276
175.802
116.979
75.2673
132.764
51.2987
62.9844
174.102
126.459
46.4109
207.474
121.181
48.1239
45.6381
38.7518
120.87
60.7298
60.3926
126.83
187.209
39.5359
80.826
7.93843
92.8537
113.62
126.443
70.3495
88.3059
105.545
125.256
155.258
38.8095
117.95
164.074
136.093
122.917
138.494
115.56
86.8664
152.745
94.2652
70.7757
130.455
135.994
120.785
69.2434
144.588
73.0665
143.963
100.906
120.959
68.1044
80.0322
93.2755
116.859
83.8746
73.1601
167.833
133.113
81.8123
217.831
112.938
72.0345
105.892
93.9764
166.713
85.0768
194.953
154.237
80.7808
149.212
89.8474
56.7403
68.3589
125.503
124.053
19.0497
71.4067
183.367
33.9573
103.839
47.4968
24.8032
185.578
94.1785
89.8984
109.573
225.442
97.8959
124.18
154.767
102.851
145.18
89.6283
150.907
124.434
197.781
92.6346
138.954
41.4814
99.1709
88.6837
36.5798
149.577
108.479
93.0463
86.261
53.5861
141.534
37.4098
179.156
95.3862
74.7998
50.322
129.827
83.5069
45.2092
174.466
137.939
130.284
125.109
29.7135
83.5988
48.886
127.892
91.153
67.3506
70.7611
140.106
152.92
56.8067
131.534
67.2424
171.057
151.623
80.7184
42.2639
114.578
108.912
117.024
57.0543
127.037
69.623
196.884
107.219
200.399
163.593
37.9683
118.413
180.853
96.5435
94.5498
68.4545
137.509
143.062
99.0436
109.819
75.6391
171.428
126.862
104.76
34.5249
81.9399
104.967
201.979
190.122
73.4311
95.8179
74.7204
140.836
64.5537
77.1168
148.862
121.027
121.564
172.065
141.904
57.2005
63.2192
128.348
41.3367
149.895
64.0448
51.3717
52.6952
112.669
126.544
120.954
32.3947
149.426
72.8566
81.0279
32.9237
85.0965
119.149
144.431
142.04
67.9763
73.7852
104.103
89.1754
84.2958
182.336
78.026
163.741
99.8805
141.68
92.5693
43.3144
34.0675
143.214
108.588
98.2817
160.787
144.004
135.115
95.3296
98.8039
140.224
134.55
144.295
66.2892
194.313
99.2449
101.795
66.9576
104.295
162.419
76.6217
71.8718
146.794
234.488
180.081
98.4071
143.728
104.475
106.672
107.393
111.264
167.673
138.127
112.593
88.7442
57.4847
69.9461
37.1361
105.226
165.545
120.165
66.7372
92.5156
85.5577
152.83
91.6231
66.633
94.2306
109.391
123.899
39.8024
153.351
48.2275
93.1397
61.6222
76.7111
85.433
124.267
184.852
76.0943
100.888
252.274
81.798
181.219
130.71
159.176
88.7254
18.1726
45.5367
148.342
84.8254
92.1094
186.15
108.089
96.8986
171.853
112.614
88.6623
107.425
154.315
127.735
47.6209
153.571
99.8175
63.0761
161.586
109.083
106.136
176.734
137.529
121.934
118.735
151.739
162.569
57.5509
79.1933
117.559
73.4509
200.871
197.85
107.124
143.321
64.0462
110.052
66.2265
66.2687
198.922
101.261
192.093
118.459
157.784
158.66
46.7075
203.34
128.616
168.325
110.092
51.0258
93.5309
165.189
74.9345
135.54
105.699
92.1795
103.085
112.4
67.1949
88.7547
19.5851
50.9353
173.012
172.504
69.4142
179.871
121.196
16.9314
110.629
36.7882
44.2464
204.106
86.0467
52.3111
69.8575
87.2478
118.509
178.954
183.119
156.355
114.974
216.701
78.8638
127.665
101.179
69.3853
78.4033
74.1383
54.6
157.858
121.36
85.0817
193.614
43.5405
121.918
114.428
112.214
190.972
143.358
98.0657
101.608
104.79
116.606
86.535
78.4346
103.904
54.8727
132.25
19.9153
30.3149
167.023
40.0909
77.834
54.2255
49.3425
123.703
63.9025
56.4516
94.0562
136.95
127.8
70.9857
135.375
89.9633
105.695
92.8321
73.2831
69.7941
73.669
90.1239
147.432
72.1901
181.115
82.082
28.0025
122.285
111.412
120.869
100.645
82.7753
127.715
51.4877
149.315
108.15
64.9708
42.8977
65.009
76.109
43.1791
110.998
131.647
101.668
206.55
79.6099
67.6644
108.083
116.243
78.0202
132.653
136.419
63.8777
84.9496
96.488
70.1456
74.2608
113.497
99.082
93.7583
14.7034
69.7059
177.519
66.2592
94.3865
169.111
81.9983
129.77
137.765
44.7468
32.7431
92.836
178.547
44.1364
212.211
30.0759
91.9167
86.8923
89.8947
108.075
110.519
56.6278
69.0268
140.852
149.968
130.169
66.7071
36.7783
92.9655
79.0089
51.7686
89.8601
72.0914
67.1328
126.501
108.646
100.213
136.971
86.9477
24.9568
103.487
79.2377
130.658
84.8686
152.316
54.543
51.2063
161.748
145.72
154.086
189.749
110.601
90.925
155.018
118.968
153.534
118.8
87.4335
33.8477
188.94
151.373
75.0165
66.6008
81.9407
103.347
118.517
92.2743
59.2921
139.452
47.6875
60.8974
57.1536
140.077
204.993
35.4512
96.4133
98.5886
44.477
66.98
99.4903
69.7167
108.951
104.496
121.804
141.335
125.567
105.543
102.683
62.0362
130.524
63.5164
161.283
111.702
181.51
92.0585
100.382
163.579
57.1992
115.582
102.213
77.6829
73.9531
178.015
130.156
96.2274
132.531
84.1128
114.846
14.1107
74.9297
151.599
166.107
92.3897
103.352
141.223
38.1824
108.068
40.5453
79.1015
45.289
64.0686
79.5049
74.4639
158.723
178.717
102.246
128.135
68.3073
101.558
73.909
72.5291
57.7926
94.8876
210.594
155.757
68.9942
42.0414
88.5319
48.0213
68.5067
77.4127
38.0694
234.334
81.1398
110.052
71.8876
38.5281
149.564
84.256
97.6192
107.473
18.4338
73.7239
161.424
130.918
100.915
68.9282
160.887
42.9769
131.158
44.964
84.6061
165.871
166.383
53.0789
169.008
75.4503
35.2832
163.558
65.6329
56.3095
200.048
147.721
83.9182
85.5077
130.472
165.595
185.376
118.838
93.1114
100.799
41.1859
174.555
98.3789
44.6558
156.625
187.221
170.246
147.291
32.6333
219.275
152.819
51.5988
148.751
90.2115
143.697
93.4506
250.451
94.294
72.7994
110.183
170.176
58.0135
113.271
65.7155
91.3292
89.9244
93.8116
61.1361
165.833
147.526
77.7639
47.6517
63.7896
47.4451
49.3934
109.722
91.9079
99.2392
171.818
50.7439
128.759
103.559
93.0036
49.3119
85.6832
123.847
140.613
105.637
174.048
67.2501
37.6109
118.923
126.539
103.087
178.064
129.718
141.159
137.915
93.9669
91.1283
127.829
95.4098
11.0473
77.5944
116.285
85.3675
132.795
50.7732
118.784
35.5286
157.854
41.5346
110.312
63.04
92.5704
123.041
93.8751
172.73
35.0513
115.986
57.6907
71.0689
28.1349
68.4787
141.058
104.335
177.021
119.805
79.6503
157.504
57.2001
81.6004
101.291
37.1426
71.5831
48.3064
68.581
95.1882
122.316
100.546
90.5226
55.9977
75.7967
123.68
73.5438
157.349
41.6461
67.6062
55.894
120.109
86.4187
90.418
88.1383
67.1269
149.068
209.33
118.799
124.868
83.3045
141.598
174.802
123.731
126.961
51.4853
156.822
80.646
111.015
145.113
125.505
134.455
221.959
104.811
83.2591
104.463
90.6068
140.258
86.2612
83.8236
121.8
102.539
181.286
26.1655
69.4035
90.1534
141.057
74.3657
133.608
91.2694
125.475
89.7196
77.1918
71.199
113.543
91.4764
135.563
171.779
82.2093
104.44
26.8743
81.3502
101.741
152.763
168.73
110.301
86.6743
122.684
98.8469
43.9195
54.5804
51.4896
91.7886
89.576
157.043
44.5695
68.5445
91.2648
70.0288
202.535
100.405
56.6423
119.152
28.8254
127.52
101.355
44.3188
110.363
93.2128
191.801
34.6743
116.235
134.089
190.308
68.2435
33.6435
103.605
74.8871
148.009
136.595
207.102
118.813
64.5451
200.222
75.5151
75.0272
46.0802
132.329
70.198
91.568
110.845
32.5792
44.7214
159.812
154.197
126.994
153.367
89.969
22.0239
175.487
93.4893
132.022
99.5154
110.671
188.952
97.1514
55.6545
10.8175
121.742
147.705
155.799
134.229
127.894
86.954
54.9425
129.667
156.176
154.345
116.049
100.234
113.163
121.205
68.6528
123.651
64.7137
132.755
158.251
62.5817
68.7393
125.472
113.608
177.07
104.227
115.919
120.568
129.54
103.823
188.156
88.4569
51.3138
151.764
106.144
91.521
66.1565
34.5167
108.656
128.997
162.762
135.279
94.4211
93.4101
82.0417
101.053
65.8667
129.863
93.2237
114.098
109.903
136.201
52.023
160.272
185.158
126.196
51.813
142.114
101.624
80.2349
145.511
95.7141
87.8989
100.727
115.369
105.275
98.3918
103.33
132.234
160.291
63.1613
89.896
44.9727
90.9107
161.241
29.6655
96.8117
113.126
50.1633
142.491
160.198
133.791
112.994
105.692
40.1488
111.928
85.5275
82.8303
94.8433
50.0626
111.169
61.485
130.038
24.8781
73.1915
129.774
96.3375
89.9025
51.543
127.334
127.586
140.182
26.5251
66.8544
166.152
70.8936
111.508
172.192
84.37
234.502
61.6002
95.1515
159.639
124.248
103.376
136.136
99.9397
45.1435
48.4861
78.0563
141.068
89.997
38.8932
57.8213
63.9703
182.055
55.0699
118.662
118.374
111.74
57.6115
22.8112
123.722
125.412
33.8543
100.52
105.771
113.198
135.605
126.574
59.3235
135.052
138.372
82.9771
107.736
140.298
194.41
154.701
157.936
52.5723
89.9793
80.2622
139.758
146.281
171.522
98.7264
66.7981
161.982
102.385
108.384
92.608
118.415
134.279
79.2098
95.8165
111.274
95.5964
146.228
76.798
118.984
107.339
110.706
62.5543
137.165
138.265
127.775
136.009
92.5635
149.866
101.397
111.548
92.4585
69.7916
79.6399
191.19
23.3348
126.912
88.4012
95.2167
79.9467
72.326
140.287
92.8015
73.5263
82.0538
83.4892
72.9754
75.9494
50.8668
210.618
72.9167
114.836
91.1687
62.7644
111.517
144.223
75.0541
78.4837
96.9285
159.87
73.6429
128.234
78.8529
57.0439
91.2976
104.217
112.682
115.568
174.817
133.211
135.152
32.4764
140.2
79.3854
100.202
156.909
86.827
20.8896
102.653
74.9899
127.738
154.294
108.778
249.129
26.9796
61.1021
50.578
91.3133
89.4085
18.1922
42.6593
91.4326
42.7035
149.154
122.622
60.2993
205.475
93.9305
77.0444
39.7428
103.217
112.692
116.37
66.1301
132.643
198.362
126.583
55.8141
159.939
40.0278
100.947
55.19
71.1353
103.845
119.504
69.5635
67.4923
79.6556
82.3193
127.816
89.3064
25.308
90.06
24.8167
128
107.632
62.8381
183.638
153.756
86.7372
119.378
185.266
53.9227
86.0773
168.577
145.5
126.98
87.1299
132.08
65.3068
63.491
104.281
131
46.0095
77.872
146.639
80.375
90.8841
61.6575
110.046
119.205
134.965
61.0623
121.593
117.028
81.2753
122.745
87.4506
96.4046
195.224
242.724
152.979
116.888
157.971
132.158
122.789
57.6474
42.8692
41.8836
85.4544
168.241
72.2475
79.6083
61.1117
103.232
120.125
100.828
32.6142
82.7814
38.4559
223.15
135.477
51.8259
54.3464
142.651
74.9643
81.1544
101.068
116.545
143.577
98.0906
145.916
85.6368
102.554
191.202
72.2389
42.2025
148.74
93.6014
48.7195
107.524
107.57
89.5936
94.3824
108.166
48.2689
113.926
143.018
104.035
110.847
94.71
59.2141
56.2076
39.0514
68.3891
138.196
111.276
84.5237
116.547
115.24
100.968
113.923
99.9112
133.37
115.667
169.917
75.9284
162.041
92.5231
62.2196
80.6079
94.1351
62.9685
14.5546
148.751
100.692
135.557
120.043
168.499
120.818
206.246
236.994
66.1992
47.4348
131.15
31.248
184.419
70.2867
78.8293
50.5808
167.45
158.361
99.6105
109.917
148.271
147.04
107.833
24.9421
146.179
122.068
144.799
59.8551
161.725
87.8228
74.0116
115.357
98.4877
107.529
74.6278
88.7766
121.803
99.8773
78.3506
102.745
80.1398
165.785
152.599
128.09
60.9291
54.4365
79.45
172.884
141.264
125.351
84.4338
119.811
106.028
46.9287
27.9738
86.0785
130.189
21.1818
88.2799
60.1839
107.974
108.121
74.5162
57.571
77.2101
113.851
232.804
181.322
108.585
148.227
184.063
76.4026
38.8267
115.522
109.987
77.2068
133.4
212.044
117.285
103.97
116.427
88.9718
173.424
123.369
137.442
58.745
89.1581
142.178
16.4426
100.48
137.043
97.4988
111.098
104.067
75.053
73.2221
136.47
135.776
129.342
129.884
48.4143
55.9923
60.9799
111.94
104.491
83.1584
151.642
90.865
148.851
108.974
68.5468
119.006
96.0601
84.1744
54.8858
148.887
165.441
212.601
66.3428
108.013
42.0593
165.186
89.3258
93.995
127.546
179.066
65.3407
51.3126
141.188
45.1603
136.752
75.0303
65.4132
143.4
106.26
53.2645
76.1152
130.89
103.645
88.9081
135.777
73.9199
86.3166
35.275
92.4264
69.1234
93.0096
178.758
139.434
197.121
100.695
135.225
118.939
101.986
119.376
112.725
90.3177
80.866
89.8945
98.6607
105.683
138.935
133.41
78.7307
54.5577
101.808
62.1738
17.4979
99.42
114.934
152.496
116.955
156.125
57.2133
38.9145
39.6956
52.9871
153.933
94.9667
104.824
82.6485
55.7529
33.7027
147.206
98.9801
129.565
86.3625
184.765
94.8556
105.375
127.901
28.5955
33.8443
226.621
73.8256
100.798
112.741
63.6335
88.2391
67.1178
139.721
57.1878
87.2397
134.126
183.557
96.0065
51.2074
91.2719
103.2
92.1762
59.4439
129.096
100.325
131.461
91.0307
59.291
41.209
62.9019
47.2396
74.3654
99.7705
111.366
35.1698
80.7766
49.2228
107.885
87.542
79.3665
79.8229
108.445
39.8303
186.988
97.3582
80.093
156.755
60.83
87.4369
92.9187
73.7907
209.423
57.9937
71.2814
77.4004
107.536
100.641
110.789
118.625
117.171
193.226
74.2226
96.2342
174.583
25.8314
153.191
166.442
114.005
168.682
79.3918
147.433
122.998
118.036
70.959
186.455
121.162
155.976
83.8373
99.783
108.98
66.0318
207.146
74.1361
146.367
75.5218
64.3483
225.634
89.1093
79.8525
136.734
84.7297
66.4255
30.4926
36.8462
73.8312
124.349
58.4453
100.48
80.8614
117.934
97.4682
89.6913
71.2941
78.4355
102.033
107.069
176.789
118.652
107.898
111.548
156.435
70.9392
170.331
103.047
46.7584
51.8037
103.736
100.259
80.4242
115.259
126.96
72.6578
28.3782
81.8288
69.4558
24.5507
85.5905
54.8657
92.4545
47.4151
76.8463
29.8585
210.342
60.7521
96.3088
84.5327
109.329
76.9434
83.0406
75.8694
153.937
52.4905
150.618
118.097
119.115
100.13
137.382
162.107
85.4024
103.985
70.4534
181.637
140.83
123.61
112.313
112.334
137.96
74.3237
196.356
109.392
103.423
105.308
93.1399
109.191
193.431
101.318
102.389
228.668
117.931
44.7816
65.1825
122.753
156.683
82.0691
88.2175
80.6379
101.738
119.671
143.408
135.506
92.3959
88.6707
182.929
93.6958
110.536
21.9107
123.8
47.291
77.6268
135.138
108.716
124.255
82.0365
77.1741
103.965
213.774
36.1668
77.7494
79.7291
135.734
105
69.8294
172.414
145.767
162.132
66.5178
185.115
88.6983
150.049
87.3796
33.5551
88.0132
194.664
124.797
126.609
147.37
81.8081
104.672
138.885
58.138
113.879
83.8739
67.5094
89.6144
83.4957
207.208
63.5653
113.325
80.2335
74.5773
35.0031
173.884
196.135
172.75
79.4596
65.0963
130.576
73.955
85.3646
141.594
79.1448
141.856
45.7892
113.569
67.7385
24.2956
149.916
66.8638
134.621
143.167
190.22
54.8986
96.4647
82.0401
68.818
165.928
126.877
124.847
84.1746
64.5051
97.5502
24.8376
71.7957
113.328
64.1219
65.0081
50.8879
129.336
10.5077
143.32
99.9985
82.1666
92.5229
193.253
69.691
103.367
13.3055
64.8039
122.67
99.52
65.3751
115.787
49.2607
34.0989
106.667
60.3593
108.796
116.75
77.6769
100.764
138.783
164.52
100.6
56.712
136.798
76.2959
135.849
148.985
143.262
78.9426
134.69
169.052
80.4007
159.285
116.934
181.701
61.2639
127.769
92.4213
23.5367
117.548
36.6513
65.506
162.983
54.1013
71.3003
117.347
92.8493
139.489
67.3951
159.101
61.4366
52.0411
36.7482
90.827
109.939
181.088
161.891
100.877
132.83
87.569
155.631
87.1815
106.918
134.951
91.4196
99.4157
43.9574
80.0291
91.291
141.848
141.484
120.839
81.4646
125.319
63.0921
52.4862
91.6686
66.1518
80.7133
172.952
109.328
169.677
120.071
78.8364
91.1676
157.201
141.824
196.094
179.538
50.3197
73.5569
100.086
95.4212
62.0663
113.392
185.402
188
36.7137
81.2309
103.39
87.3269
130.214
137.997
113.582
96.8551
31.4061
18.6166
91.1083
199.336
137.817
52.0443
164.18
137.18
96.5472
48.8796
125.074
98.0487
16.2019
129.404
112.19
44.6638
35.5207
63.6944
130.497
54.3116
143.593
139.85
49.6593
58.4823
157.532
52.6992
88.4424
184.429
48.6093
108.37
169.689
64.6101
113.418
59.8083
66.0933
89.1408
118.249
80.1652
120.563
56.7267
52.1433
90.6674
122.826
55.925
63.5754
116.558
165.414
71.305
99.8116
96.5333
207.722
174.746
72.5671
213.644
70.9895
51.4751
52.0833
110.037
150.319
56.1276
47.4568
48.4124
82.8417
92.2471
58.8076
40.2099
169.532
174.94
114.887
107.342
40.7001
99.2171
76.5398
147.112
48.254
76.7133
143.119
36.6663
136.098
98.0421
67.6545
185.653
72.1222
66.7133
86.0376
141.075
57.6902
86.9963
57.547
122.309
82.733
153.415
63.8285
115.675
75.153
119.759
89.1109
50.8373
120.002
111.057
134.177
69.988
155.7
112.073
103.737
44.687
26.683
49.5237
124.004
90.8058
83.9702
94.0764
101.981
64.2877
88.5253
93.1018
24.3228
62.9152
77.6589
97.1585
67.328
127.239
131.283
46.8995
147.478
91.4813
45.0542
192.736
87.4217
26.877
94.7002
161.66
221.936
116.306
111.844
70.1465
96.6869
73.1208
121.616
41.5547
116.592
123.792
134.702
67.6637
71.9466
67.1808
122.81
164.327
75.1206
81.3314
137.516
148.297
93.6891
59.9905
69.9686
106.861
159.118
68.9467
149.794
173.435
70.628
86.0262
89.6882
32.4818
57.0791
198.96
138.299
135.433
121.783
117.669
156.638
109.312
93.1956
72.9434
139.745
40.1593
99.8175
74.6057
44.6863
110.119
35.7925
120.007
100.367
137.36
101.57
126.92
48.7207
148.746
86.927
199.112
67.8455
60.0113
128.827
92.5573
104.08
135.575
57.9587
106.993
106.766
114.137
164.997
200.795
120.108
163.971
91.4916
97.5987
94.1177
82.4721
158.989
52.8343
81.982
128.09
104.638
76.9825
85.195
60.0834
104.947
134.5
137.235
94.513
102.644
122.242
84.7319
127.73
158.7
90.1297
84.6868
68.3176
159.639
64.4268
99.5465
80.3761
187.192
130.251
190.924
101.015
164.472
118.019
108.769
149.505
132.742
146.08
92.9012
84.0547
105.494
64.2161
152.491
83.2964
46.5076
118.333
93.1049
59.3541
26.7317
103.416
104.964
124.972
90.9702
156.509
88.081
54.8309
156.311
33.2477
105.396
93.6841
46.4085
83.7901
138.832
138.497
188.358
131.217
91.5399
87.9832
65.0993
113.449
102.047
69.3852
144.273
53.4633
68.1914
79.4891
24.3291
211.979
140.16
100.552
70.823
65.5482
97.594
160.276
165.657
190.688
50.3988
103.831
81.9028
194.444
84.9154
92.1119
95.2542
128.867
117.758
113.054
53.1865
136.536
127.232
117.058
112.797
101.517
51.8676
76.9717
143.565
120.915
169.65
84.758
154.057
207.554
99.9733
30.5059
128.57
96.6777
35.012
104.535
98.6892
99.6148
101.347
132.151
100.514
138.2
65.0762
89.8612
113.081
38.4998
94.6621
107.616
90.4526
98.1072
96.2429
86.2079
84.1313
86.1203
203.154
172.376
152.001
47.4609
76.7323
92.1828
62.8261
110.623
75.5495
223.832
64.4338
60.1208
119.068
107.868
188.06
102.436
62.5597
60.0012
153.588
88.9038
118.427
115.255
90.4237
98.6013
73.9646
191.468
149.522
79.6126
100.721
38.7921
122.75
111.07
130.923
50.7633
126.663
153.7
152.756
94.1537
74.1883
61.6481
71.1728
145.243
102.329
133.624
134.089
86.4114
140.441
118.777
144.637
125.895
135.224
80.3368
46.4468
188.949
222.98
120.781
106.292
33.6332
121.547
77.7352
77.6924
45.2523
58.4079
36.5129
108.735
101.877
83.7729
147.889
16.8527
153.458
139.001
158.641
75.0188
120.69
100.587
60.2364
61.4171
107.991
79.9026
127.085
129.429
132.424
178.684
85.2432
99.892
147.878
131.002
104.858
72.8672
135.141
34.3337
123.331
204.849
105.123
97.0763
176.055
131.556
131.724
155.889
56.2119
103.58
225.425
60.6242
71.0524
145.95
40.4742
66.5337
116.275
71.3861
102.988
109.671
194.957
19.3158
164.512
44.6177
131.956
71.3193
21.5078
140.796
78.2317
108.411
87.458
77.6556
42.9357
49.1359
97.8925
123.511
104.46
82.3327
51.8525
42.5051
129.907
79.5997
118.367
33.8451
37.796
98.0386
143.524
54.8216
118.477
182.083
51.355
47.477
28.2246
75.4425
46.3141
189.665
74.2792
94.6995
63.12
114.111
66.4528
57.8651
37.0479
95.0478
115.782
217.964
120.264
63.4616
59.08
81.8344
81.1645
107.908
158.595
110.637
115.688
134.795
77.2547
120.248
72.4155
169.727
42.6212
84.7122
51.9871
118.353
162.086
192.842
96.8339
119.871
29.3801
17.0622
181.289
67.7549
95.8797
134.76
171.215
64.4114
36.3987
54.3774
67.4916
73.9852
70.2488
122.695
132.964
100.036
109.068
143.314
152.535
91.4528
81.0765
139.83
130.93
119.729
146.111
131.164
75.6749
75.5406
88.0423
145.482
130.299
28.6638
109.252
127.881
163.096
109.363
235.446
66.2929
122.045
34.2501
26.6276
89.8654
69.9837
84.6538
94.8041
91.9253
68.8469
135.914
138.041
94.9546
77.9234
87.6286
185.029
59.943
66.5728
63.9005
67.152
123.344
108
24.9752
174.557
52.3715
95.7684
75.8701
63.3927
189.992
88.2304
124.639
149.109
71.5846
119.265
127.048
142.902
89.9193
138.024
147.545
102.945
52.2685
27.1106
133.42
54.314
105.13
40.8295
96.6091
250.991
147.851
76.2041
100.029
134.594
98.5622
57.9754
71.3894
79.4472
147.205
67.3863
108.113
106.528
125.293
186.688
62.5237
114.438
101.972
163.753
145.066
107.595
32.8245
100.294
92.1326
101.448
76.8808
127.803
73.438
98.2775
178.281
122.039
136.736
136.983
271.268
48.3756
105.518
77.3298
54.5177
136.788
47.3757
127.616
81.1838
150.773
122.718
102.512
170.832
156.732
99.1813
110.815
102.361
70.0816
158.246
88.9542
100.731
98.602
121.035
50.0429
90.0562
128.152
201.621
239.888
22.9045
155.214
61.2235
108.514
103.934
94.6378
49.1951
152.228
100.897
65.7797
74.5979
92.116
120.613
75.2753
109.362
47.3395
20.335
119.867
122.903
211.172
176.364
159.349
99.1316
109.837
108.048
59.2845
107.677
183.357
127.402
109.295
177.559
40.2837
170.737
147.156
131.023
92.6261
104.426
153.295
123.447
92.7942
214.33
130.771
64.0921
60.8841
69.8203
102.453
58.3236
63.1762
111.246
137.444
88.8278
78.481
109.324
59.4688
187.251
156.04
134.178
159.356
103.422
87.663
205.829
86.2355
72.1592
100.016
98.1044
128.031
116.726
12.514
101.056
144.544
159.171
59.8673
25.0769
92.1604
120.769
70.9866
34.4645
56.5615
81.2833
109.504
78.9037
128.307
142.73
138.338
86.1849
65.6259
75.6262
52.0758
67.9752
111.233
67.3863
126.274
46.7553
71.6585
79.9007
67.2991
135.709
140.815
72.5582
87.8085
78.2527
111.29
248.208
38.5367
60.4207
110.999
110.989
7.50205
128.595
64.2978
149.497
88.2404
137.919
230.405
120.067
99.6128
89.6315
86.0334
161.035
127.253
64.459
86.4634
83.0105
78.2314
217.873
122.58
119.743
69.38
119.24
66.3653
109.464
73.278
81.3541
172.768
149.511
46.6094
56.8345
117.546
121.385
46.8255
107.18
37.3174
25.4414
83.8017
143.635
42.0424
123.719
36.4947
72.6875
79.9415
58.7405
126.497
150.642
77.9691
115.187
59.8146
127.107
87.301
122.365
66.6819
162.234
125.313
68.3144
64.8618
170.255
37.1456
72.9868
47.0285
102.038
114.721
88.8567
188.68
123.197
41.8949
100.527
122.815
181.358
71.4461
64.9641
58.6911
87.161
170.705
91.5298
144.193
112.374
101.716
141.381
143.872
56.1223
46.1132
92.6075
77.8227
161.208
109.625
155.872
45.6903
72.7564
29.3917
133.645
194.373
79.78
62.614
44.5199
73.2115
100.103
147.653
138.863
147.202
104.676
97.5066
79.5641
86.961
175.155
84.4197
92.4758
201.686
77.0738
94.012
51.9716
128.078
54.7642
175.622
107.95
175.857
144.348
83.8546
104.592
133.271
55.0033
69.0071
38.4349
182.843
119.236
80.0536
65.8078
34.8498
121.032
60.2841
69.0454
167.686
75.482
158.495
125.765
69.7596
126.964
163.612
69.0147
201.901
190.728
38.9038
120.561
117.358
46.787
148.514
83.9153
82.4866
49.2122
77.981
80.933
151.271
150.656
88.041
122.046
128.695
100.642
97.122
174.27
106.018
140.198
199.692
79.8915
107.733
226.233
106.944
188.819
58.2368
119.629
119.836
134.202
69.9155
62.2258
150.486
66.2527
98.4903
117.695
30.7532
167.546
138.932
84.1593
61.3375
114.155
116.239
113.761
125.512
120.013
138.09
52.1078
88.9279
99.8769
62.8526
67.5121
79.4171
145.33
113.95
203.788
75.8558
70.7594
45.6561
145.299
6.89727
100.366
63.6391
154.88
109.722
146.927
59.6279
92.8685
136.536
51.803
43.6788
57.6831
133.553
39.115
101.936
121.37
122.447
169.837
105.924
80.5768
88.4434
199.828
114.781
28.7964
129.419
114.94
84.8205
76.3683
88.1543
130.468
131.879
143.413
167.924
62.581
115.656
109.32
99.2384
72.0593
73.3895
44.6698
121.952
65.8912
157.05
69.662
110.582
108.954
181.768
97.6738
161.529
32.9503
28.2243
128.237
89.5911
11.4714
47.736
95.1677
194.666
142.714
97.8488
176.979
83.1675
136.918
66.213
154.783
101.381
76.5681
89.602
23.3317
76.4675
190.125
83.749
125.305
129.472
98.0303
93.8964
16.6799
22.1976
86.4709
73.0691
81.9814
149.754
129.263
158.362
55.105
87.1726
92.4718
150.946
181.776
69.6283
54.427
91.648
120.38
101.435
118.745
143.848
24.3649
70.5214
115.58
46.9382
155.745
60.0875
91.5771
147.769
157.015
146.717
45.3067
50.9352
130.603
38.6182
120.92
135.035
117.578
111.126
112.666
116.18
66.1783
180.735
89.0453
141.128
99.7618
40.5298
85.2366
201.494
84.1251
54.984
171.114
52.5168
87.4811
147.213
62.4128
100.953
128.42
114.143
56.5577
141.357
88.5132
102.189
127.024
35.9689
124.518
48.5611
158.084
80.1563
103.218
94.1531
78.3281
52.0544
151.519
82.2879
185.875
128.528
125.536
68.7834
55.3911
107.697
49.337
47.8136
51.267
109.159
113.918
7.73962
132.948
136.673
121.74
101.217
35.1635
79.1909
52.6752
29.4925
58.184
101.464
102.382
29.2345
75.1445
84.9422
159.491
54.6499
65.337
86.6651
87.0585
58.9873
224.656
124.55
51.1342
109.878
80.3631
25.9558
46.8351
130.277
123.602
199.951
148.469
152.135
201.513
75.8701
180.811
68.6612
73.5484
109.512
75.8798
99.8771
65.0014
63.1425
50.2931
183.65
76.1887
143.467
33.2522
107.628
101.88
85.6166
142.543
81.1938
73.0468
61.5074
94.2863
37.7349
123.373
122.522
101.42
49.9089
56.0053
109.491
73.7662
151.097
120.184
150.525
33.0606
71.4398
147.218
180.734
121.946
67.6381
67.6776
60.1045
120.826
120.87
126.388
174.288
44.0861
121.525
83.7404
100.086
39.5258
69.0319
61.5895
95.7036
173.058
53.4032
107.463
54.115
113.397
93.6843
113.547
131.685
115.707
29.9613
88.4385
64.4901
92.3119
94.5033
93.191
60.0452
206.182
172.379
124.369
90.5086
109.117
111.904
106.421
109.338
94.76
127.898
112.886
116.203
7.49445
104.705
72.1321
145.962
100.409
187.421
130.095
105.785
167.107
72.2861
163.192
80.9447
62.8627
109.315
111.987
46.1207
100.18
44.3379
95.7922
90.5413
52.6621
100.322
130.55
53.05
187.087
137.275
137.797
128.655
111.032
64.1643
75.9568
184.863
55.8154
117.492
163.669
65.5091
37.8685
65.2753
156.47
141.817
36.7151
71.4532
62.373
106.488
66.5998
91.7416
94.8322
106.402
108.984
165.811
89.2139
212.051
112.182
122.744
48.5163
68.7167
233.548
68.7407
105.425
103.671
69.9271
129.396
178.201
143.605
158.526
209.013
128.715
130.809
70.2776
194.251
152.919
165.007
68.4584
74.9664
98.9552
50.7597
73.0838
99.6262
65.3286
73.9914
141.47
77.0174
154.112
73.6883
109.827
234.657
49.1516
107.726
56.0192
115.316
63.2025
68.4735
145.665
77.7472
77.8243
161.441
104.865
56.9514
15.1096
166.291
152.757
212.682
71.3761
60.9929
111.06
148.543
119.729
152.819
117.838
105.743
177.532
71.8697
122.597
81.7543
122.572
146.26
33.3325
112.834
76.1285
104.217
100.995
84.6358
122.234
105.18
154.539
185.686
79.9393
102.164
77.315
172.068
105.694
27.8258
128.439
127.17
94.9996
213.444
90.6261
114.337
109.693
45.3448
123.123
77.3851
86.3518
42.7582
94.9475
84.745
93.9729
123.616
83.5395
90.0756
52.2219
144.264
92.7778
125.735
139.144
92.342
53.2458
124.471
162.824
146.397
67.2814
132.835
97.8868
131.149
105.701
86.8947
134.435
80.3541
103.368
153.883
98.0934
159.537
128.593
91.186
130.294
202.69
106.557
146.987
95.5221
86.9947
116.085
93.251
111.346
49.6609
121.02
52.572
114.617
160.169
82.8395
67.0269
78.7486
179.549
102.561
222.426
130.604
76.1176
53.7796
83.8392
33.3387
67.1299
105.668
183.349
65.6477
130.199
123.333
87.2859
119.71
138.415
30.7957
44.0427
88.5478
87.703
131.884
131.414
168.783
94.8178
109.305
109.23
96.4105
49.8862
59.9599
22.8955
129.632
91.984
183.526
117.316
98.4955
49.8607
87.7658
205.539
179.988
76.4877
71.8007
58.0061
95.7253
132.74
69.1414
121.196
170.633
85.36
47.7413
57.501
127.214
163.258
51.74
46.9976
86.2406
127.266
133.215
100.609
107.691
75.9759
140.469
232.92
97.5168
17.4653
254.785
31.6295
182.775
47.1065
67.2799
47.0981
14.0095
51.8358
153.1
49.726
149.106
73.6356
152.197
72.8519
107.877
60.7386
95.8132
47.6059
113.001
59.4594
95.8117
139.994
101.69
83.7294
116.801
153.885
104.824
173.97
115.977
88.0792
71.9106
75.9944
199.41
161.079
51.4141
120.024
48.8187
130.859
99.0799
44.2381
98.4112
139.66
82.83
154.181
81.1456
134.925
126.781
90.7624
82.8381
37.884
41.8716
65.5478
225.687
131.316
46.8162
123.777
131.092
64.8005
140.212
68.2399
163.382
73.4782
182.897
143.119
52.5445
73.33
63.6677
114.115
113.703
26.0372
150.427
54.1853
131.774
70.0521
76.6168
85.0677
44.4173
130.058
120.262
142.386
66.9397
121.437
23.4519
168.859
187.057
34.4356
209.741
114.365
99.4496
61.4259
77.9343
97.4077
154.064
149.319
94.8849
133.471
86.2965
122.53
180.704
108.317
125.729
64.2384
68.5173
114.208
88.2459
99.1818
127.223
144.789
144.753
92.1977
157.443
168.759
99.9505
97.9341
119.764
111.901
137.629
45.8237
51.586
142.752
59.2963
118.825
61.406
67.4916
20.3085
45.7242
30.3967
76.6085
96.5297
99.9492
117.897
119.837
83.3141
107.849
72.0312
147.053
74.8314
83.5992
106.29
75.4893
112.843
97.5838
103.426
86.0971
92.9407
93.7572
36.1336
149.112
95.7255
72.3915
97.4913
97.4669
76.8161
85.4592
90.6736
89.7334
183.543
81.9547
78.7174
100.516
96.0008
33.6442
142.712
194.688
32.613
214.743
88.812
189.458
76.6571
41.6051
47.5888
114.871
119.913
38.9254
71.0553
126.756
100.652
109.553
171.971
95.6959
81.5144
102.181
106.143
135.013
15.9547
127.829
88.0244
43.996
62.5306
71.5167
51.4811
101.226
66.3824
79.573
176.647
146.837
70.1171
129.827
84.1621
161.466
134.251
29.723
146.849
82.7203
104.14
117.174
83.0878
79.3092
102.354
159.312
58.6298
103.74
90.1494
66.2905
150.196
97.1087
184.312
171.832
118.116
122.216
106.391
129.562
60.7561
127.831
129.189
147.076
127.767
142.453
145.921
145.728
76.8998
86.6062
167.955
206.649
145.405
89.7453
88.8353
82.1868
160.4
108.154
70.7294
90.276
139.337
82.8024
97.4685
80.5213
112
80.8971
73.6101
86.2019
82.8298
150.982
8.5207
127.51
143.44
121.563
97.6469
117.585
95.1992
106.86
73.0562
58.8032
122.294
48.7988
64.2404
121.254
80.9167
63.5381
139.79
14.9693
123.282
135.196
98.2087
30.2158
149.18
90.1877
28.9917
96.7585
105.648
119.458
51.1669
36.301
42.368
81.6511
160.436
81.2894
108.272
38.7304
54.3679
99.0339
49.4963
107.845
79.3244
81.7567
144.349
185.473
95.5241
108.677
70.2931
62.4532
118.346
120.086
90.098
86.5349
147.402
235.225
139.36
94.8797
66.8923
18.7308
42.5099
72.1068
83.8947
117.268
123.54
46.8488
99.267
173.794
44.5304
140.589
114.56
102.772
85.8452
96.6604
247.43
92.5037
162.274
61.4211
77.3826
63.4713
78.4408
111.279
72.0739
45.4847
192.983
28.5754
98.194
116.775
204.129
113.923
90.3342
80.867
80.0461
174.119
80.7852
74.7754
72.3972
57.8624
97.2257
71.0312
88.2901
101.747
164.966
72.5512
85.5628
255.274
153.065
130.564
141.561
56.1866
117.182
66.9697
124.22
163.177
155.496
175.639
20.7117
64.6944
76.668
126.121
66.5346
63.9282
172.25
86.1418
131.817
50.2453
73.2864
142.085
108.487
175.534
155.295
89.2054
203.292
85.6187
80.9474
124.041
59.0325
98.9612
112.892
62.042
59.47
114.7
103.264
119.476
180.209
54.02
78.552
112.037
105.96
87.7485
160.001
67.3832
132.771
100.24
56.2374
92.1685
251.05
90.8268
114.279
173.977
105.951
71.1045
121.731
133.242
113.075
94.3245
116.603
134.329
38.5634
75.7981
100.026
96.733
218.892
66.2832
124.275
83.6812
150.64
63.8726
132.548
103.211
53.2668
215.569
50.5521
66.1586
121.82
67.5086
108.369
46.5142
101.137
48.3568
107.782
57.6411
96.0911
65.2117
102.7
101.588
93.9903
84.7273
42.6182
128.567
28.8182
42.8283
125.413
55.1361
115.709
67.6168
77.5401
125.487
34.9332
150.134
39.3979
82.8935
210.758
154.746
62.8841
56.1235
51.41
39.7154
155.357
14.5271
71.451
86.8493
136.424
73.9721
164.519
78.5279
111.69
28.6457
61.564
84.7931
119.333
25.2391
57.3865
85.5587
137.021
108.23
36.3185
108.945
103.215
38.0373
144.465
57.0222
96.074
44.6242
119.521
106.758
112.987
56.0995
69.4075
85.5352
113.359
77.4509
128.666
105.58
124.05
121.396
67.6854
97.4911
137.994
142.18
174.586
180.872
105.363
85.8657
65.0868
130.494
66.622
98.8635
83.7323
70.4371
79.5476
71.9805
133.829
107.882
97.4344
144.504
175.695
52.1752
14.9179
34.5329
54.7342
56.9489
135.193
29.5057
50.1649
113.594
61.0492
107.807
70.2456
142.53
81.6345
66.0252
167.79
64.6221
119.002
20.3599
124.202
97.2487
68.5077
128.96
160.285
119.145
45.548
102.044
49.0534
24.1442
66.0265
44.2319
66.3435
67.3057
66.4802
99.3617
70.2285
97.3279
235.195
119.795
125.506
88.2151
37.5219
82.5027
144.115
85.7069
138.98
154.361
176.526
69.8033
42.2083
126.74
138.842
89.8871
82.9927
133.821
78.1472
135.952
137.003
215.398
165.563
122.688
37.8486
63.1844
109.745
170.429
165.135
31.1043
103.444
160.735
97.4841
39.891
110.099
82.7692
121.241
116.351
75.8085
137.67
134.957
86.8159
49.0815
130.589
45.4189
116.918
114.665
148.049
104.703
141.972
80.3745
119.581
146.023
122.3
89.1594
121.415
163.172
125.586
112.143
90.5318
51.5582
150.46
107.93
97.2079
117.141
26.2344
87.7006
263.345
85.5305
103.065
161.496
108.544
72.6045
63.2546
146.491
96.8036
68.4785
145.121
113.914
162.235
185.483
107.357
129.084
125.973
170.396
133.6
124.825
156.59
138.327
139.44
48.5467
159.518
98.0206
135.685
93.727
67.9625
61.6118
105.97
132.402
47.9627
62.5467
131.872
128.277
72.9231
83.3432
98.0399
167.35
125.822
119.201
230.58
129.103
66.4738
156.312
144.642
46.7358
78.1943
131.47
45.4483
138.813
78.9374
153.133
156.332
79.3914
158.124
117.732
100.999
188.019
114.82
186.639
81.3935
137.287
115.104
118.494
101.178
67.0105
167.457
37.2575
102.524
73.6353
57.5575
113.298
114.211
126.067
124.721
100.777
70.9996
95.6741
216.409
128.961
111.333
132.134
119.73
113.378
120.586
68.9552
172.802
91.2497
70.954
68.9382
49.9374
148.737
118.328
57.9689
87.1486
51.7087
182.464
114.905
88.9037
80.8083
74.8132
69.2768
104.097
24.7481
105.041
137.567
103.968
128.67
61.3214
121.199
77.325
128.623
136.233
144.948
165.981
96.0477
79.4357
128.476
87.8549
176.222
43.2698
40.4385
156.406
88.6253
35.7286
140.364
108.126
85.9508
192.099
28.6379
70.6148
58.6363
26.2945
159.506
231.914
111.212
61.5053
43.25
68.8145
163.227
112.908
96.0258
19.0402
84.5852
61.1965
84.7229
103.255
90.5185
81.7579
21.3606
144.944
171.62
79.5619
66.4139
107.696
63.3437
47.9681
94.1806
113.555
72.8028
73.885
100.813
63.7044
110.601
64.4766
100.493
62.8498
143.84
122.449
156.978
91.869
118.956
45.3908
139.475
74.61
54.4057
137.883
139.555
101.252
69.9318
49.7655
110.159
176.016
76.6041
91.2787
130.318
164.81
64.3014
56.7357
195.261
27.8251
158.832
95.3365
90.8897
110.979
67.3732
47.632
141.642
116.757
98.9848
98.7735
142.143
105.473
90.7399
158.366
66.3606
179.66
110.223
122.303
206.991
51.4565
57.4943
100.711
56.9368
100.761
81.0258
72.5126
45.945
61.2588
97.3843
52.0521
144.846
50.8658
161.62
101.486
139.306
81.8437
175.518
71.8371
130.082
79.242
142.329
121.94
127.881
151.343
137.374
153.152
192.669
47.8991
51.447
65.4597
155.966
80.2025
131.509
104.088
128.925
78.6889
146.167
181.326
155.795
133.151
104.085
121.035
145.03
169.489
126.849
108.329
155.044
108.878
65.5788
155.947
76.0589
39.5545
106.901
77.5959
132.753
121.716
71.4313
205.081
106.55
59.1291
104.041
90.5002
106.092
153.487
26.7237
109.04
80.2854
80.4625
71.0265
134.856
80.7929
208.151
179.016
99.7233
110.389
245.045
33.1987
202.596
76.1569
92.5976
104.646
84.4671
108.624
112.311
109.345
50.8383
56.8585
153.182
75.6359
150.077
63.1101
137.952
55.4755
218.08
208.27
85.8566
102.63
59.0243
184.19
78.104
39.4831
42.7712
47.3986
79.6949
87.5109
87.7817
194.162
89.4969
143.477
80.6789
57.2286
102.705
47.7654
93.8485
112.629
202.173
68.518
149.212
125.187
28.6217
158.156
145.693
56.4272
62.465
131.562
166.843
160.592
105.937
33.0422
143.26
134.723
75.592
147.532
77.0148
76.2853
39.2051
116.425
44.7102
67.9429
110.027
61.5906
181.272
86.4803
141.507
78.0112
116.504
104.671
140.07
51.3377
146.27
80.1938
101.618
111.214
116.023
98.0114
136.748
126.347
176.465
78.5255
148.031
82.613
125.054
57.6127
37.3307
160.744
81.1455
103.766
114.126
20.1173
89.7601
94.0169
66.8933
89.9979
164.538
73.328
43.1394
22.6001
23.6219
108.583
114.853
128.357
50.7894
122.742
145.096
83.7225
76.3044
134.029
143.945
94.8986
30.6034
171.311
120.76
132.123
66.4779
139.564
134.428
95.9927
141.723
104.133
61.5441
108.994
171.54
157.813
71.0514
85.6913
69.267
93.3145
125.515
80.86
226.455
206.407
146.524
98.9019
98.4423
78.7726
82.6186
87.4401
46.5135
64.5194
119.246
109.427
135.103
46.901
91.8441
94.3572
65.6569
113.05
122.366
118.82
125.94
69.2945
103.196
176.041
155.473
98.2339
121.997
69.055
111.371
61.7662
49.5374
74.2526
75.2538
87.7029
117.242
65.1398
41.9155
118.019
107.568
39.0727
123.952
59.1469
67.1632
62.0076
81.2337
104.647
172.422
69.1679
102.437
145.096
266.721
22.5983
90.5311
116.362
89.9509
89.4182
133.154
36.272
217.124
101.897
77.078
110.741
112.473
74.6602
160.084
45.5699
129.089
102.611
42.5317
151.792
74.9945
103.292
59.3121
29.3878
152.079
15.8271
56.1185
100.048
92.7731
208.988
47.8998
108.329
53.5217
106.921
67.2359
122.237
81.7356
72.5248
151.38
94.2218
245.062
139.268
67.059
130.759
155.739
94.1639
173.365
69.479
148.685
55.804
50.5416
100.446
184.538
115.674
96.0244
163.125
44.4606
48.1966
26.9079
183.299
201.428
97.306
134.287
181.434
194.631
158.513
134.016
79.9598
144.742
118.014
170.919
150.776
54.6626
113.563
161.379
131.2
120.096
56.0597
105.069
188.572
46.8825
103.333
63.5802
47.3642
135.712
87.1828
79.2599
89.1704
55.8704
129.647
29.9782
81.7177
107.638
72.6973
89.6248
88.1176
82.2305
108.474
132.708
165.63
49.2093
159.727
47.0362
101.286
76.2863
63.445
148.528
74.7549
85.8349
148.056
117.309
159.486
70.4754
153.633
116.751
75.8146
52.7371
137.911
108.633
101.99
71.1242
126.989
80.119
186.716
54.5013
130.073
50.4456
60.9056
99.6328
119.304
93.4008
55.29
90.4205
66.4002
115.814
126.696
75.7936
108.84
107.301
4.51149
74.1527
132.653
163.239
86.9084
10.3859
166.219
145.459
47.861
173.909
35.2101
120.731
103.617
70.8787
106.277
82.2272
212.465
115.198
49.9954
154.542
71.6428
190.59
72.9689
126.206
70.095
48.7913
131.788
81.89
145.73
146.971
77.65
72.1309
70.1266
89.5856
132.238
138.979
56.5823
139.294
108.847
119.884
63.453
71.4572
32.8017
77.7677
127.911
81.5122
64.7378
60.6882
98.7919
35.1417
102.108
145.654
91.0876
152.123
128.335
104.651
49.8977
109.175
134.989
76.2056
67.1586
83.8669
99.6547
108.738
158.278
70.6139
124.978
97.2085
141.844
67.4283
94.8117
64.5101
91.4768
52.9799
130.982
124.108
63.5793
93.0374
84.3363
205.358
145.376
134.188
67.0865
132.937
39.3142
95.8309
88.4007
132.892
123.033
128.965
148.83
99.0689
128.802
208.172
62.2087
68.4329
51.3467
93.2138
139.404
51.8866
55.4814
154.792
121.616
30.1038
74.2459
77.1338
184.336
101.783
82.0933
93.0401
52.7653
135.773
50.5953
79.8049
77.9404
125.048
147.906
145.282
167.551
104.25
84.617
85.4913
77.6071
116.874
140.532
96.2075
80.0979
145.17
57.0213
115.791
52.6327
90.2522
105.889
43.9878
123.717
129.699
151.084
61.0358
65.0691
108.711
151.064
159.941
110.847
141.907
84.9518
179.55
80.8084
124.065
73.2414
34.7129
108.444
59.5862
145.867
72.1003
26.3212
145.123
136.087
84.0449
47.9159
151.851
117.462
134.912
27.7765
105.369
111.73
153.195
115.373
192.011
82.0064
152.671
91.0265
136.522
168.854
117.969
156.396
107.854
108.276
125.658
107.652
154.941
103.053
43.2209
31.0093
113.525
72.6589
100.059
153.8
112.564
30.833
83.9446
118.853
93.5835
166.969
106.576
138.34
136.055
131.86
178.22
134.71
123.25
51.6105
172.537
66.6908
58.3708
137.914
108.062
175.811
137.521
159.216
79.3114
83.3452
50.5893
128.268
141.759
273.027
110.082
180.538
129.677
201.294
150.182
64.0821
75.3099
101.274
80.5139
92.295
96.8684
109.762
50.0609
43.3342
37.1535
139.668
98.8256
184.038
198.075
70.1017
204.91
37.7393
115.295
82.2437
120.036
68.2659
67.4523
61.918
85.3569
194.401
153.896
76.3666
55.4155
50.813
102.107
103.349
130.351
126.572
161.871
46.708
35.8908
141.166
112.742
53.3902
106.468
112.784
52.3928
36.9967
84.7482
132.601
78.6389
178.274
102.276
168.625
31.7014
85.5129
84.2429
94.6186
48.7442
169.813
62.4923
126.147
54.1225
79.4838
101.419
126.215
83.4917
197.788
111.259
115.445
125.219
120.82
47.1401
155.475
122.151
140.183
65.7009
77.7263
143.672
56.029
119.334
101.627
28.1983
51.2883
76.7539
99.6193
29.2266
77.2548
164.339
110.729
66.3359
68.1722
156.014
97.8325
74.8983
132.45
147.318
95.1369
166.008
152.289
128.535
60.8729
67.5877
132.707
94.4276
136.585
104.741
93.6971
78.1117
137.545
122.14
54.8579
88.9205
26.0009
111.123
79.2423
57.2701
88.0047
36.8215
27.8503
55.5068
152.356
58.9638
82.9392
117.324
184.347
236.559
135.575
98.1579
91.4563
161.164
110.062
80.3137
124.575
98.7791
89.7478
94.5087
131.53
36.5495
88.7096
76.0763
48.6985
31.9695
112.257
154.467
55.3406
177.067
113.358
156.178
162.33
93.6408
62.078
157.157
116.292
207.978
112.192
150.019
89.7162
116.778
91.794
150.12
122.955
75.4636
21.1958
56.358
75.5934
141.316
220.555
167.997
121.975
101.212
115.521
163.033
33.0438
129.968
111.603
40.9868
92.5276
137.266
91.2613
147.6
141.75
91.9362
82.663
50.8674
132.6
79.76
100.923
195.64
85.9395
146.391
80.683
45.9873
106.764
39.3012
118.573
96.0432
61.7174
25.5737
130.099
86.6674
102.6
51.6987
67.8209
94.6997
134.518
133.467
143.585
161.881
126.364
135.858
26.2095
96.8367
119.428
158.939
16.843
96.3627
117.951
141.379
106.438
74.3936
116.171
144.46
77.8017
81.1931
81.5341
82.6423
143.957
80.3937
42.5963
147.534
90.9269
107.184
138.086
122.671
110.378
105.325
105.513
133.189
50.3952
185.863
143.537
34.19
80.0136
83.8721
194.432
64.1859
63.3203
170.595
148.333
264.426
93.2137
173.588
141.662
50.637
131.789
96.6259
169.361
160.378
63.6588
128.147
109.278
102.293
17.24
77.897
200
145.93
179.488
66.6092
37.359
162.3
68.3759
122.305
197.953
88.1494
103.842
73.8305
112.123
47.1418
75.7148
78.3755
140.457
149.294
103.672
126.509
76.9639
224.974
46.4008
43.7557
120.158
80.0057
109.257
53.7567
65.6737
40.8107
141.996
89.3742
52.9437
95.8219
166.184
101.678
147.084
121.816
60.8508
150.848
58.9135
136.124
27.7603
137.497
61.8705
83.9307
97.0818
36.79
54.0164
103.25
118.228
139.73
159.683
66.1729
12.7215
148.16
175.515
106.189
72.3764
146.36
55.3275
99.0283
74.9392
55.5917
141.037
135.164
136.739
117.822
114.562
97.5818
87.3587
104.833
162.475
79.0813
211.068
93.8845
97.4096
112.567
26.5499
85.8493
54.6682
195.509
105.192
89.1545
160.192
128.427
177.188
61.0104
47.2349
156.157
149.435
173.263
126.119
146.48
130.683
186.18
57.4662
124.175
110.534
108.993
174.913
56.5109
156.94
172.114
126.096
189.64
66.1303
94.9452
69.7381
153.187
47.2897
136.222
106.8
55.4214
48.7475
84.8703
114.161
110.994
87.1389
83.7217
168.223
70.5588
78.9114
141.778
96.1913
91.2826
109.644
66.1307
88.8394
141.051
85.3394
40.3109
90.2982
95.4274
51.3066
100.981
94.9579
122.535
100.05
196.462
155.98
99.2563
58.5869
77.1426
110.801
90.7346
120.599
119.153
71.2214
141.337
161.971
81.5222
72.6149
107.153
85.5534
147.57
119.772
120.278
83.2843
69.6271
50.7644
102.983
111.8
53.2608
101.354
125.038
126.958
101.738
94.1711
62.191
133.051
66.4818
137.792
51.5105
165.64
48.3378
79.7662
128.932
67.234
141.776
57.0365
209.82
33.6147
120.105
96.9175
80.1965
82.8829
113.099
131.971
47.9921
120.307
197.936
124.805
162.463
89.3411
42.9259
116.051
134.75
107.847
123.238
57.9759
57.6176
213.705
143.374
135.187
111.228
64.385
87.7763
75.7266
140.198
70.5219
119.087
157.645
48.0389
136.313
83.4155
152.437
130.234
142.996
157.495
113.735
94.9929
118.277
97.6375
79.6118
69.6845
102.327
88.4764
98.537
101.879
131.529
136.679
124.297
110.846
89.603
84.0983
141.227
42.0654
66.9453
144.828
70.4914
133.778
80.9263
130.643
41.9713
102.067
155.379
56.7792
51.7868
100.977
203.535
105.639
143.299
120.039
176.078
114.363
113.512
86.4364
62.43
125.061
88.7242
107.755
87.2003
142.594
87.3978
43.3249
89.5339
143.414
125.196
63.8612
141.423
150.475
180.604
73.1734
61.3754
105.104
51.4817
148.009
72.1119
98.5876
43.1825
154.666
71.7608
85.0235
92.3167
129.418
89.3537
68.4048
123.195
72.0041
90.7889
31.1745
51.9354
56.9082
63.1528
136.103
74.4546
134.245
160.469
131.708
130.148
78.2582
78.7051
112.725
61.8673
73.8403
132.306
159.477
129.584
151.33
119.906
41.6632
111.35
151.15
86.5693
121.402
75.54
143.751
161.844
82.9713
86.5257
106.337
68.8721
57.6212
153.862
82.8186
122.128
148.841
15.5801
80.6601
62.963
69.5845
59.2036
107.689
38.2321
100.159
88.4325
112.693
69.9552
134.477
133.54
112.842
114.066
101.51
72.3256
76.2852
90.5861
141.078
121.009
76.7463
143.593
129.462
107.947
83.6726
83.4572
86.2948
35.6375
83.3191
61.8395
109.831
107.525
98.4656
40.0943
96.7901
72.3474
140.777
108.096
56.3272
68.2286
51.9582
101.719
116.673
84.5474
145.221
66.4544
115.177
108.644
60.5761
106.982
104.033
47.658
67.5165
131.773
160.332
139.961
188.611
66.6528
56.2683
116.378
136.34
98.7613
132.636
127.758
121.5
108.072
96.4764
34.9791
62.2008
86.6229
51.4025
50.0599
75.7809
120.324
119.2
95.818
73.0307
157.108
66.9977
54.1062
186.259
173.651
110.285
101.135
96.6398
86.5421
181.333
63.058
64.521
96.6973
116.378
204.233
199.289
100.655
69.4096
62.6446
115.143
134.273
131.456
75.1841
169.328
104.684
165.076
60.5143
95.272
16.8924
94.9642
89.445
41.3129
57.1773
167.054
116.995
146.56
189.174
87.1078
50.0916
30.6683
56.0693
32.8577
112.934
123.98
94.1103
34.7717
58.0633
113.89
32.3598
93.3788
178.65
118.122
145.165
218.668
95.0772
110.559
109.736
162.198
138.747
91.1212
123.78
72.3966
119.194
132.661
46.5882
47.0775
161.609
114.04
73.3441
195.715
50.2079
111.632
28.4311
118.912
50.6696
107.508
73.1799
67.5068
140.047
52.7434
45.7372
117.974
65.2821
93.8553
110.928
71.1364
94.3632
107.203
165.342
193.934
105.687
39.6735
80.1664
75.1612
219.246
112.448
117.992
92.5956
138.363
54.4371
159.581
100.374
89.9558
114.013
132.811
87.1163
92.9241
66.0613
80.0516
52.7317
63.1493
101.365
145.099
91.718
39.5846
122.123
69.2876
81.3759
88.1317
159.177
57.9554
101.079
156.164
61.385
173.698
74.8597
68.8243
103.97
97.6347
117.718
99.0336
158.625
71.829
200.887
81.1783
105.429
112.806
128.745
75.7812
171.149
53.1276
98.8914
98.6691
177.675
137.244
57.3609
132.253
215.082
96.6458
61.8179
122.007
136.213
144.448
145.995
51.2525
89.5105
93.8035
108.468
108.837
85.4011
111.104
78.4084
60.5822
87.7976
71.8451
126.894
197.909
78.5718
63.2195
101.262
62.6237
111.181
46.4866
158.557
188.153
150.37
148.416
91.966
137.108
51.7629
57.2216
114.131
142.545
30.2115
90.4566
157.918
73.1046
167.802
35.7552
197.283
122.618
113.552
62.9935
125.72
223.246
101.288
88.2875
78.8228
67.0824
55.6049
84.9846
61.8841
120.378
119.852
80.9892
71.0957
91.5145
102.229
103.678
63.7392
83.0234
113.706
91.627
40.6722
36.7049
38.3276
88.0999
128.94
118.001
44.2179
29.2325
89.7698
72.9501
93.8397
42.3665
126.977
102.038
90.9702
89.4798
48.8416
72.5948
112.862
102.613
96.5672
138.497
108.396
54.2863
141.081
140.103
56.3439
74.6824
65.5797
195.491
48.0953
106.028
159.101
56.4212
95.8982
108.716
162.45
144.471
132.718
81.3903
126.845
83.2113
95.6688
118.752
65.8174
78.6779
157.946
57.136
19.0236
143.349
58.6557
65.492
82.2481
112.13
87.9356
66.7079
138.681
86.1581
241.37
199.445
54.7482
42.8357
85.6769
126.56
99.232
51.8477
86.0921
170.364
102.295
75.5814
104.596
71.8536
96.1515
196.383
29.2863
65.3634
127.78
89.6904
89.3525
124.793
207.786
65.0295
120.318
37.4969
31.2609
20.6675
120.972
108.947
116.027
72.6573
131.44
88.2352
55.492
59.8061
36.8322
131.857
121.3
129.589
75.9435
99.3321
119.203
132.366
90.9222
160.894
69.6055
103.535
143.992
121.708
92.9358
208.645
75.3077
108.053
42.664
124.522
77.7461
15.9098
108.411
102.573
126.242
119.047
67.8326
152.974
65.8143
142.579
37.9793
35.4743
105.532
65.7785
138.64
45.6075
124.452
116.275
146.979
134.32
124.462
51.6629
105.325
53.7816
97.3705
119.276
84.4185
16.9035
69.1368
69.6503
93.6765
128.482
97.6017
91.3149
116.558
136.756
106.601
212.09
162.168
77.6052
136.06
85.5377
137.442
99.7519
39.0245
80.356
136.278
81.4515
103.759
136.017
95.3744
85.6841
145.759
167.835
95.0549
34.1428
122.54
63.4095
42.868
52.1244
72.7934
117.223
96.6547
34.9181
170.354
68.459
107.979
91.5275
116.387
123.829
41.6951
82.1858
81.8634
38.9579
116.479
99.1402
110.685
73.4105
73.4237
54.3215
45.6076
146.429
131.659
116.479
65.1004
117.853
84.1622
162.505
66.6472
43.254
109.175
47.2224
127.64
57.2128
127.345
101.709
73.8629
154.974
100.014
137.067
174.54
98.4736
76.8424
84.9035
65.0988
131.421
96.2403
76.7565
117.912
99.8902
75.0139
87.4188
72.6471
116.611
136.762
75.2541
141.266
95.5018
73.5558
34.3665
32.2468
37.2878
101.578
84.6142
152.757
75.9072
158.654
149.103
99.8924
165.302
60.7886
118.651
85.4995
155.354
68.4586
165.246
113.642
53.7743
116.347
73.25
130.71
144.862
158.133
90.4701
65.6687
95.0044
157.467
86.1218
117.813
113.92
83.6467
44.4194
91.4009
86.8035
81.2387
80.0014
128.229
32.0655
89.3193
137.543
36.7368
103.596
123.562
77.3041
34.9279
73.19
47.6887
33.0457
87.9298
135.638
207.801
158.446
156.55
106.539
169.568
81.6839
106.835
77.9405
101.724
89.2222
126.3
46.4356
130.805
71.1231
153.759
66.3687
167.315
45.326
138.036
115.424
93.7812
96.7221
124.216
148.507
122.909
103.162
110.234
140.181
75.1128
91.3605
71.3034
89.8238
119.361
47.4577
156.977
117.645
134.484
104.294
61.4545
120.584
109.584
100.425
203.945
71.3919
163.291
96.1754
116.622
95.9239
34.469
93.8434
116.272
69.2981
136.285
124.479
150.679
136.515
101.01
120.752
86.9867
69.5351
58.6249
198.084
77.0394
68.4584
106.993
144.75
105.674
126.985
11.1241
223.391
171.984
210.264
75.6707
149.095
46.236
81.5034
139.122
88.3665
51.5546
49.9312
82.0953
178.48
125.78
47.3569
77.0159
128.323
80.9333
91.9338
54.4001
51.4275
88.7297
81.3001
78.9568
57.4704
92.1678
132.975
100.012
102.608
180.751
32.2686
54.2181
116.297
143.853
43.4532
169.869
102.555
96.7589
120.528
95.1867
105.216
52.0461
172.332
57.5917
148.212
79.163
124.935
87.7242
85.5687
143.322
201.757
79.9324
80.1722
65.6991
51.0136
104.867
103.574
122.992
166.213
98.5359
58.6435
162.992
114.333
100.052
128.232
76.4482
118.971
161.434
169.915
156.498
72.9725
80.77
118.602
156.378
41.5149
83.1888
157.11
93.9844
44.3203
174.709
99.719
42.5307
167.684
64.6866
42.4354
158.897
105.986
30.0887
76.7463
113.244
67.7507
38.0687
71.6849
59.7569
136.424
86.4288
131.794
101.964
85.6213
101.419
42.2691
139.164
85.6511
43.5173
74.1412
167.557
67.5778
41.2981
88.2198
88.7802
115.63
141.16
66.9488
100.876
133.252
71.9256
109.613
63.7326
118.382
137.791
118.474
69.5879
145.162
181.574
106.412
95.3335
87.8833
115.611
88.0173
108.182
134.538
134.444
117.489
62.9473
60.541
139.065
49.4278
112.815
58.07
153.171
161.877
136.499
173.866
92.8684
171.067
50.1923
119.896
89.1138
128.538
76.6027
103.554
110.22
140.356
158.744
118.793
84.2184
134.516
55.7243
58.0256
105.489
28.1726
169.848
109.821
125.419
126.561
84.355
71.5553
122.662
142.971
148.508
42.5694
84.4169
97.4606
124.135
90.3301
100.582
114.88
56.8386
181.881
116.662
71.2917
70.3309
77.9054
88.8276
18.0224
89.5712
77.868
106.32
79.1138
157.155
82.1404
100.533
93.016
62.4258
94.4133
80.5369
109.936
130.813
103.967
84.1235
72.5022
79.4801
132.361
52.2871
61.714
95.4216
94.5882
73.5846
125.503
82.3929
52.927
221.317
156.072
89.1018
145.346
124.835
42.4719
173.448
60.4294
72.0976
104.106
169.249
72.6505
45.7072
83.4532
113.513
92.4036
115.674
131.552
54.9978
83.93
65.5457
110.468
152.887
161.464
50.6525
101.311
39.2255
74.8338
83.5533
122.933
75.5434
111.894
97.2772
155.823
58.8837
140.849
72.2275
103.651
50.3813
67.1743
74.5734
68.1165
83.8135
39.6781
118.594
47.3258
111.237
114.793
83.1082
127.288
183.511
147.312
99.3757
98.8397
70.0194
105.286
131.269
79.9426
111.454
121.457
73.9206
124.481
191.5
172.627
64.0318
163.069
179.768
23.2927
58.0596
118.737
177.454
107.22
142.211
79.0683
47.5003
63.6255
116.199
144.483
175.236
136.627
38.429
85.4608
172.241
100.498
176.826
69.6357
164.668
55.6311
184.778
224.762
64.0856
206.417
219.282
159.444
110.021
86.4396
82.3802
132.178
141.781
105.494
120.479
105.634
134.475
146.691
224.474
85.7392
53.0175
66.1547
204.717
58.0943
95.3345
130.245
37.245
82.7401
117.516
157.11
140.989
139.937
111.25
105.601
33.9009
82.9153
133.165
136.276
73.9878
166.714
114.53
63.2728
114.173
88.0787
62.7519
85.9924
160.05
82.4178
84.3463
19.0925
125.287
56.87
108.296
109.704
60.1101
137.88
53.8548
39.7711
62.2014
149.204
116.5
199.35
108.472
138.828
158.746
69.3293
96.3508
128.842
59.1156
94.1406
84.5261
119.922
50.3015
128.121
63.1243
60.4418
104.459
106.567
14.1711
48.9976
133.368
57.555
118.56
151.444
62.714
89.8134
114.585
104.88
157
93.4499
94.5955
134.957
54.7598
70.9574
108.301
90.5523
91.0043
96.8345
73.1517
171.564
131.629
47.1124
233.508
146.114
99.3301
106.405
134.445
76.9558
91.1771
98.3606
138.321
96.8238
165.751
77.4192
60.696
11.8905
156.583
34.1838
113.636
92.2152
81.0795
110.908
145.016
149.867
126.04
97.3186
172.946
115.21
80.9053
149.816
79.6048
149.311
100.21
75.1059
80.9813
64.8259
108.871
144.529
69.1351
116.187
48.1903
134.801
73.2293
84.587
47.9882
100.277
52.519
32.9082
152.033
106.684
128.991
33.6678
172.672
84.6023
114.169
102.787
86.9614
36.7506
104.035
59.107
81.4376
152.359
115.103
88.7551
98.316
83.1529
115.997
36.5749
94.8501
98.992
83.4085
54.025
85.6303
137.033
41.1229
150.733
102.898
68.3097
135.221
78.4889
26.6074
179.934
95.7374
162.553
114.115
54.176
35.2024
49.2761
117.797
125.462
130.45
90.2591
112.576
93.0873
31.5706
87.0436
160.784
186.811
140.898
75.397
111.181
44.8508
111.702
99.6997
116.521
75.3702
176.211
145.639
92.101
134.847
83.2203
98.5303
56.0704
65.522
97.0524
110.751
60.405
85.5755
63.9557
113.317
98.784
104.864
35.9828
36.8578
120.085
138.354
169.358
64.3213
133.982
114.692
93.7548
76.3913
101.321
30.8508
208.919
125.729
96.8324
39.2099
109.83
139.118
51.368
92.1256
39.3473
117.166
66.924
128.353
99.5565
101.031
95.2483
185.74
56.4718
52.5496
108.425
