147.726
146.903
34.1844
215.652
115.266
273.081
102.659
67.9762
92.4691
245.361
172.721
148.612
180.486
110.244
243.561
45.9666
155.298
177.18
133.949
150.092
139.196
93.3173
235.81
228.644
115.974
138.654
192.787
53.7937
112.142
235.749
165.325
72.4208
79.0441
202.898
198.052
100.431
360.941
80.3424
41.7237
28.7722
130.889
173.722
156.252
198.933
77.1578
173.078
190.566
103.45
46.956
152.745
156.616
103.458
135.954
141.776
154.366
44.5877
294.344
145.934
103.269
200.037
187.31
140.998
122.642
61.5441
63.8727
227.852
126.882
226.868
133.779
78.2772
202.7
207.107
120.802
148.506
160.938
225.164
148.086
209.382
55.1547
199.409
98.4531
139.582
83.8894
92.8299
95.7013
84.7039
211.855
263.425
166.731
164.268
83.2087
131.879
31.3197
191.734
213.223
78.6647
188.744
108.363
89.2187
158.987
165.129
118.982
98.3923
174.258
144.857
132.214
50.5596
155.909
150.361
74.5085
35.5532
50.7441
138.335
100.345
68.6668
219.913
161.124
101.83
221.974
124.092
166.782
195.221
105.901
202.285
129.233
61.58
65.323
110.76
208.679
166.206
188.541
208.361
154.028
120.208
116.718
96.092
191.245
257.363
96.6562
233.377
74.1045
211.855
164.182
238.082
163.581
287.648
97.2082
104.329
312.87
112.482
257.477
130.161
88.2285
34.5952
75.6787
128.796
86.6942
203.551
207.466
55.2894
124.759
174.479
147.257
49.9826
69.6077
231.836
185.594
70.0002
93.2732
200.04
181.906
84.3992
186.666
143.969
180.736
48.8441
51.8905
278.797
213.316
123.626
34.697
58.2957
108.52
234.456
85.5328
201.799
206.735
179.35
144.705
163.828
248.039
198.443
171.529
157.554
71.2599
175.524
213.537
82.0086
84.969
168.569
161.757
176.738
197.971
214.398
188.457
131.141
136.991
169.706
97.4162
105.512
120.412
80.9365
126.123
122.84
89.442
251.852
144.217
94.6978
150.041
84.2363
161.639
101.616
333.764
239.588
52.6156
263.339
55.7819
188.081
57.0359
200.93
280.606
309.101
191.152
70.6622
166.709
180.578
232.579
212.793
178.147
183.137
55.8761
191.31
72.7269
147.557
78.946
149.534
98.2067
219.792
172.557
114.928
168.794
199.576
80.7168
254.21
126.914
125.828
133.061
132.866
153.745
185.186
256.878
40.1736
139.933
245.3
231.111
152.476
195.262
141.881
145.775
204.519
156.89
211.931
113.634
138.409
268.167
311.942
69.9563
133.883
74.3069
110.738
99.3743
114.447
80.5225
136.869
113.008
249.603
100.187
176.031
87.8846
116.417
58.0051
177.971
270.99
194.651
98.6494
152.108
34.212
123.239
210.768
68.0906
204.95
297.822
129.489
229.178
88.2868
174.94
101.711
192.735
110.02
90.9509
125.92
170.266
311.437
211.763
201.205
167.828
24.2726
174.259
92.1662
91.4484
262.379
93.7552
162.074
115.731
302.122
192.464
235.134
202.419
83.5745
223.046
185.381
122.726
197.373
295.344
206.302
131.937
148.17
179.884
188.862
208.771
295.176
155.333
36.0439
150.31
203.119
192.008
357.055
255.865
99.0744
270.064
111.127
246.291
128.764
112.113
205.863
109.149
123.538
121.579
351.875
226.922
186.095
96.611
65.339
210.566
108.097
79.6762
184.139
126.761
70.4835
135.407
134.176
259.649
69.9312
121.29
215.185
121.218
151.189
131.495
150.424
79.3001
57.2539
249.709
109.246
87.6038
78.1094
114.692
122.534
156.62
158.756
121.416
70.1956
176.633
109.198
110.273
193.667
222.981
173.201
114.504
48.0855
113.902
126.85
102.52
139.41
172.943
167.311
70.7325
68.0682
126.427
100.998
114.488
127.511
213.841
218.39
125.597
149.306
98.1052
125.743
136.756
206.808
154.785
131.655
198.216
82.8695
103.657
362.825
195.3
137.363
260.844
117.675
155.465
106.353
185.534
246.355
124.215
298.981
117.385
129.98
60.5596
115.419
198.415
73.1773
246.062
135.026
63.091
172.78
174.979
175.706
127.283
157.31
127.935
262.468
52.0927
150.032
159.594
266.528
155.608
296.516
203.971
128.991
132.225
113.921
153.542
80.4247
170.432
193.937
108.848
230.317
201.317
87.3405
382.452
123.835
41.3884
107.131
55.0786
189.493
22.1809
143.475
70.0712
246.262
126.602
227.112
289.212
140.667
77.3393
211.277
106.569
109.515
252.821
187.171
194.358
85.8497
151.33
189.203
222.353
149.757
117.804
272.559
139.072
214.297
185.096
45.5756
172.869
132.426
45.357
78.2287
244.451
28.3047
178.541
41.4893
105.48
225.375
247.128
269.079
120.883
70.8317
136.062
176.611
122.583
170.438
88.9788
134.51
140.528
218.022
221.759
129.557
152.325
143.001
61.8219
175.782
92.5303
162.76
148.407
86.8205
167.355
259.328
157.217
305.839
64.2381
343.694
189.927
110.95
100.714
121.02
235.921
77.0463
202.57
45.2408
199.01
94.3991
128.748
124.35
73.0692
144.276
105.932
141.774
116.691
109.049
135.911
61.9685
246.928
122.406
234.768
92.1346
124.563
52.8042
250.835
127.316
61.6044
168.675
242.569
215.233
150.937
187.015
134.405
155.62
160.677
121.266
106.766
133.642
161.301
220.776
159.562
101.139
231.281
135.17
83.0805
58.8033
139.103
144.01
188.685
140.998
243.697
118.678
132.73
130.27
108.76
131.598
133.928
66.1969
241.407
174.464
173.91
198.194
150.567
135.107
263.165
83.3776
164.456
158.084
121.806
202.653
130.085
47.3877
105.879
173.905
144.726
48.7287
186.529
149.707
173.111
113.829
105.985
173.02
171.792
117.727
131.613
147.537
117.592
177.374
110.159
172.219
404.648
200.925
266.852
164.316
127.746
128.389
104.212
91.5645
82.6785
111.994
193.636
134.995
190.9
324.696
165.56
61.8066
166.32
194.306
112.303
90.2176
93.2227
243.033
112.296
85.5593
78.8095
218.97
240.508
228.996
202.416
162.833
271.052
234.533
116.852
59.804
71.8146
187.782
245.126
124.658
124.879
120.827
40.0836
52.4209
208.082
200.46
137.967
163.419
227.088
142.44
24.8035
45.5184
223.628
159.335
84.4708
134.189
168.805
133.777
196.179
170.742
148.2
100.615
221.354
155.861
178.732
74.7926
89.7906
109.525
133.126
121.484
86.9106
106.757
152.431
75.1489
94.5991
138.527
60.0722
147.317
59.8583
186.98
152.436
313.78
111.682
69.9401
110.399
220.374
172.476
187.222
205.612
162.86
106.102
80.0687
142.534
49.0871
100.84
80.7805
84.1012
290.331
51.2292
187.468
244.831
144.597
139.942
132.645
149.569
158.838
231.369
148.492
201.751
139.644
119.782
205.506
203.203
121.304
129.775
140.696
62.9148
141.129
181.887
275.517
114.577
151.957
228.54
114.225
81.2305
31.6878
218.362
208.117
167.146
187.632
97.8881
155.233
84.2007
162.021
130.572
161.609
190.632
86.1811
106.238
87.2813
180.253
121.404
162.09
115.113
116.204
85.5082
118.114
268.513
206.456
96.2922
151.881
95.6996
228.572
106.84
209.279
122.995
125.597
219.398
111.953
233.468
194.346
129.646
201.637
204.733
256.634
54.2735
122.823
119.79
350.211
61.6767
230.987
100.1
130.902
112.82
137.918
48.6671
122.773
288.724
123.237
156.701
104.271
223.723
177.431
248.608
161.324
55.6433
144.449
133.155
81.9759
35.8121
130.878
99.0933
67.7312
211.836
81.5739
99.4245
48.2579
208.781
87.2351
136.898
312.054
109.686
97.1153
160.435
156.448
120.901
51.8113
117.415
145.22
255.135
125.155
175.744
203.394
116.944
181.011
232.504
231.323
122.107
210.518
93.9875
174.437
125.058
139.846
165.7
162.737
150.312
33.3922
108.281
383.388
146.022
168.637
192.222
49.1624
89.5521
68.8267
219.814
149.658
73.4046
242.721
164.743
150.585
105.507
170.165
145.301
187.239
90.8173
129.239
110.105
128.117
109.773
201.634
157.323
135.142
183.238
177.355
90.7651
101.635
67.3484
61.972
187.6
121.771
45.1129
118.015
201.446
171.968
93.9865
173.186
170.033
133.609
160.512
157.511
201.222
66.1768
220.021
223.421
104.779
79.4939
170.945
57.8729
261.463
157.31
161.764
120.288
116.232
163.482
154.936
97.0743
120.672
261.272
164.395
112.252
259.271
121.43
160.833
111.805
89.9657
210.324
178.099
155.7
117.355
210.67
98.5136
201.023
197.847
127.714
187.485
168.637
240.784
195.29
111.244
47.2217
81.6722
133.336
145.431
119.531
109.551
82.5294
60.1322
121.576
107.539
259.901
60.2274
95.8938
107.836
167.443
62.8847
83.0589
115.382
216.43
203.17
139.134
49.9824
247.447
103.552
105.453
96.0537
82.9065
206.844
128.684
263.079
182.887
189.177
164.976
174.505
98.6206
48.5582
191.356
138.837
109.265
130.221
113.002
138.245
136.566
129.907
37.9826
121.057
198.687
309.465
273.643
168.104
71.7676
211.718
113.432
159.582
232.321
74.3249
194.916
96.8174
115.397
112.481
137.566
87.7647
93.2619
62.2238
94.1076
228.014
97.8859
331.43
82.7833
130.506
118.463
240.172
229.758
169.849
91.4873
148.036
184.905
71.3518
153.119
147.64
75.3153
108.927
194.402
222.17
113.782
259.025
160.436
183.821
88.4596
162.013
65.6528
95.2876
55.6556
135.522
227.544
163.372
120.485
187.421
150.375
75.802
107.158
113.662
212.317
144.994
107.145
87.2477
180.005
133.451
163.99
234.845
203.096
120.808
77.3072
209.115
212.144
133.426
144.805
160.041
122.867
84.1708
171.986
113.97
63.4842
119.679
121.326
140.33
127.103
103.238
89.7995
177.401
141.927
29.3991
280.155
147.883
195.685
252.287
204.535
117.404
163.256
140.814
260.988
113.157
257.044
96.7566
94.0724
66.1655
70.3677
189.121
263.334
228.444
80.5096
48.4345
225.964
169.627
255.09
189.071
17.0157
156.195
63.141
158.957
109.161
203.688
127.045
241.565
182.443
69.9108
183.509
334.903
182.361
93.553
149.884
210.384
181.217
176.663
130.521
62.8385
71.772
43.4084
153.505
124.862
53.6253
271.965
116.616
192.662
90.8818
218.5
176.813
119.534
180.895
73.211
137.586
157.818
225.773
82.9759
137.614
131.442
156.761
196.725
210.292
196.224
172.991
240.451
265.493
151.116
117.786
93.0379
130.349
124.411
178.185
168.433
70.8075
61.1776
211.529
172.439
139.379
106.427
70.7273
190.784
152.595
205.725
35.3804
154.981
118.593
115.245
169.059
191.602
217.135
141.817
193.253
184.392
270.98
38.2325
65.5166
116.357
292.117
85.4578
273.104
135.242
82.3672
294.519
208.341
125.239
128.345
212.421
132.859
212.233
323.262
152.003
151.115
93.0541
272.032
76.1314
166.959
149.185
193.712
98.7148
123.5
99.6257
191.174
93.0768
117.753
129.279
92.331
170.797
54.8532
287.87
220.206
164.443
138.972
135.225
53.0253
126.493
141.183
173.156
143.161
192.994
214.108
179.29
92.3491
96.3479
233.797
88.2222
203.36
98.569
228.469
74.2807
133.634
116.502
234.026
224.167
57.0783
86.3567
77.9132
181.32
22.2495
90.1938
101.694
204.568
217.195
223.557
197.326
110.525
71.3689
192.961
246.695
111.286
159.224
315.103
121.748
455.365
105.614
138.4
158.488
122.82
243.452
309.358
168.898
163.01
39.1161
117.892
103.337
49.5285
168.714
41.6603
197.58
266.567
75.8143
287.713
133.873
143.262
60.848
219.599
68.4888
120.785
111.232
216.705
135.885
234.721
183.322
108.784
104.368
236.411
290.404
183.634
129.382
122.799
175.247
92.4964
122.793
100.118
87.5573
133.161
278.229
136.292
113.878
259.066
110.704
170.939
206.57
151.614
252.408
138.048
75.1471
108.244
49.6235
201.188
126.714
146.88
181.004
177.81
142.556
157.023
120.683
86.0591
104.925
107.076
72.5474
137.414
261.714
96.3151
81.1964
258.615
228.549
314.974
151.4
201.489
173.974
246.381
189.613
154.052
165.178
47.3921
162.821
245.713
92.7753
58.977
200.021
186.519
129.519
192.13
132.816
187.034
165.968
224.493
87.5232
253.108
106.006
260.559
160.24
143.883
141.024
139.866
190.106
126.843
164.487
186.296
96.8613
164.64
130.601
58.2206
126.136
192.972
182.719
104.403
234.708
109.631
223.104
246.891
109.843
100.98
146.441
117.635
78.0426
110.378
96.227
191.098
164.066
120.783
117.277
166.622
129.771
150.167
122.165
197.148
195.23
241.369
151.704
167.549
144.192
171.431
126.868
73.9321
114.224
222.269
118.092
133.675
248.751
53.591
248.311
120.703
143.873
60.2957
113.334
146.142
50.6271
87.8213
132.65
85.4078
115.241
192.557
75.2052
220.899
132.092
197.808
333.744
163.075
228.279
317.534
130.464
89.5717
183.484
84.3302
145.973
91.563
148.855
216.263
147.859
170.997
165.805
294.316
195.459
172.269
229.344
84.1668
221.752
232.463
145.091
187.303
103.225
118.143
201.66
45.0724
103.454
60.5134
114.365
164.497
34.7048
287.445
177.407
153.178
82.8318
193.687
105.437
58.0771
149.019
208.655
164.012
103.814
149.119
178.093
206.479
257.424
175.086
186.877
145.422
155.943
77.5893
131.016
103.618
140.288
103.409
63.1992
82.9504
124.315
175.943
88.117
102.688
107.613
268.952
139.465
226.101
48.1918
142.494
99.134
105.377
85.6285
136.241
215.02
81.7825
222.712
72.5341
179.555
157.198
105.787
225.076
110.438
85.282
55.8232
148.964
87.3442
98.9332
160.485
210.58
106.744
182.302
113.233
135.095
191.928
70.8999
169.22
167.553
138.644
211.342
157.981
158.939
166.23
159.394
152.549
140.694
154.114
232.573
227.582
240.846
133.254
75.9433
276.776
99.4565
145.504
119.793
213.606
236.609
185.365
161.761
198.346
187.456
139.132
67.4605
265.356
155.987
62.3417
180.746
215.218
107.727
176.93
132.555
294.539
142.275
117.166
239.827
108.873
149.187
230.082
145.106
331.053
137.272
76.8579
138.508
88.0866
106.948
78.7235
118.296
40.0295
67.9544
203.81
141.745
200.32
432.327
329.539
107.73
81.5056
194.439
152.091
109.343
161.854
140.476
155.866
36.229
120.468
207.08
201.862
63.8929
164.61
33.9804
116.526
71.5143
136.052
102.292
173.102
281.282
164.545
42.3986
119.955
125.721
215.153
150.049
131.788
98.1608
188.386
91.146
146.118
186.603
162.464
67.5983
70.0521
60.8613
104.53
61.149
55.0112
98.2711
78.5745
128.276
96.0336
73.0019
45.0401
156.224
146.79
81.904
235.314
110.356
160.365
235.012
250.518
93.6239
93.2619
238.026
59.7172
82.4743
115.323
149.696
187.948
99.7732
54.4408
124.252
127.578
81.8249
148.721
111.408
153.541
145.231
297.225
182.819
428.178
202.685
152.198
186.39
178.553
228.641
29.5443
121.909
129.057
139.381
127.908
100.296
110.019
167.157
91.2314
80.1877
67.3976
280.74
172.323
87.6956
96.9267
227.808
88.292
299.638
186.643
146.626
44.647
150.668
103.216
164.898
192.948
106.304
246.322
160.632
123.141
292.088
32.8346
222.305
105.603
178.086
244.009
164.297
325.539
289.309
237.449
213.023
211.777
174.087
204.703
177.166
148.143
141.363
149.277
112.696
139.122
96.2511
118.615
140.02
103.265
138.831
45.0084
207.891
152.683
189.092
193.898
150.509
158.948
174.643
262.959
90.1227
275.486
148.422
91.2438
83.788
105.46
205.967
93.7722
216.292
228.073
105.703
173.491
301.67
232.909
97.7211
80.9667
231.459
106.654
118.864
181.258
95.6886
189.201
88.2388
97.8841
68.1946
181.806
47.5777
283.83
81.3422
61.3718
207.532
107.567
156.745
152.137
230.521
116.279
126.376
201.873
203.331
152.38
92.2657
108.221
207.591
164.114
210.354
248.572
262.457
220.885
144.839
187.969
110.809
70.8919
84.9442
195.548
118.888
98.9791
99.6366
139.177
94.619
198.167
107.013
138.481
67.5123
183.966
177.926
75.1598
82.4795
97.3047
123.582
193.363
206.763
168.039
88.4415
239.118
166.962
151.644
162.779
111.442
31.8758
151.977
252.693
65.3493
85.6477
233.107
129.407
125.971
166.115
159.845
270.959
166.098
81.3493
77.0808
251.753
182.389
193.33
90.075
162.86
163.522
154.274
189.654
245.209
246.577
135.291
202.58
136.559
63.1492
237.892
269.903
113.222
164.309
130.321
138.605
83.4963
205.931
153.087
113.965
208.995
181.652
152.214
144.725
80.7962
78.7824
224.712
224.286
223.666
114.446
97.9633
247.985
62.4029
180.766
34.4979
183.368
117.108
115.465
201.31
147.935
143.894
160.349
165.446
168.837
201.415
66.9415
209.296
282.803
67.7229
154.033
39.7233
159.279
158.614
216.929
77.0629
167.397
117.23
103.692
176.622
114.57
204.986
42.6599
111.047
131.635
133.929
228.692
95.411
148.583
284.207
41.7895
169.967
100.807
64.8086
55.1569
88.735
175.235
150.41
171.014
217.829
23.0217
205.186
188.011
110.12
135.249
132.691
307.603
70.2565
211.369
295.536
125.889
195.465
174.953
70.7759
226.657
289.321
387.068
164.667
132.052
55.3343
182.226
158.223
142.278
11.1704
86.5743
154.827
140.111
115.599
106.31
117.715
156.056
117.211
33.4246
181.091
191.611
97.7365
109.785
179.226
158.097
66.3372
297.833
143.106
244.143
144.36
74.4999
161.917
153.337
156.777
127.47
47.6393
110.921
143.549
256.725
100.885
173.869
88.6669
159.006
170.831
185.318
162.39
92.4157
67.0199
141.736
228.011
127.101
103.071
74.9079
200.22
68.2619
153.324
111.487
94.3095
69.0831
186.364
164.989
193.876
220.324
43.8023
108.425
175.947
162.924
158.681
142.674
216.842
151.487
155.841
264.242
238.709
270.801
146.955
183.55
53.7855
113.999
267.212
240.273
139.114
68.9277
123.394
45.9298
47.6893
238.119
160.331
32.8888
175.651
92.7086
330.331
96.9178
174.383
154.141
211.026
73.7236
240.682
109.345
143.413
155.967
57.8528
64.4753
107.854
122.148
233.125
183.189
131.459
208.633
210.296
188.801
77.3056
224.92
233.895
247.336
135.724
102.934
177.339
87.4664
132.459
185.791
129.793
78.4833
148.863
132.835
175.019
328.569
130.498
29.9642
135.931
163.951
149.954
117.029
145.465
8.92162
165.163
174.671
264.835
160.459
155.351
194.163
22.456
73.4333
96.6647
110.826
110.218
218.376
139.083
74.5745
205.961
236.624
75.095
275.122
149.524
192.387
103.2
114.283
204.36
241
100.804
108.359
211.393
167.259
164.434
51.7502
95.1284
50.7576
104.386
169.249
96.9274
118.859
253.838
202.726
69.3889
121.452
151.81
193.211
171.819
158.679
160.521
146.746
204.01
124.41
87.4017
90.6649
118.016
123.08
91.1417
110.828
186.429
203.04
233.863
381.008
148.302
92.0133
104.045
201.692
98.9862
199.336
76.9578
150.391
152.075
289.144
143.852
234.326
79.116
82.0826
239.523
125.884
311.394
68.3171
150.895
236.632
137.326
103.776
152.993
248.499
215.78
189.457
69.6243
58.0758
72.486
207.948
198.67
133.026
141.721
124.651
110.497
231.434
182.742
154.913
207.768
216.991
217.873
87.4089
83.0783
132.509
59.8498
182.859
226.362
147.238
238.883
152.287
204.754
139.632
54.6184
214.951
97.004
30.1642
159.395
52.7928
147.724
190.63
95.5025
236.002
125.671
136.83
171.676
157.809
121.868
52.8724
111.251
164.548
139.927
106.372
121.788
122.179
201.216
157.569
248.591
85.2173
186.635
167.203
116.302
111.49
267.361
144.153
124.548
114.592
46.6485
93.4059
222.865
74.2217
176.583
130.331
158.983
136.116
205.341
121.207
176.045
145.372
108.57
40.5687
88.5148
70.5499
48.0375
79.7015
252.156
109.876
103.222
154.879
107.875
148.318
97.4599
222.567
178.843
131.121
60.1647
178.715
43.08
183.798
55.2933
172.91
202.042
142.888
85.1112
101.601
298.906
222.421
211.445
153.959
209.584
309.857
210.453
158.132
115.717
231.679
205.901
138.765
204.171
70.7371
177.988
184.241
85.7696
209.78
239.299
27.9903
234.91
218.717
128.735
190.601
140.696
82.5294
118.959
162.235
237.719
132.184
45.2919
194.779
95.7002
132.568
59.5
197.137
62.1172
248.006
293.629
202.878
122.915
55.7455
57.9969
114.537
187.063
99.0874
177.194
186.878
127.744
280.038
63.5778
97.0285
101.611
63.1085
235.754
141.763
219.219
117.908
57.6854
133.523
163.16
80.9902
157.545
143.04
113.615
132.777
95.1425
142.429
51.8193
134.363
142.079
173.979
177.196
197.577
148.47
85.6802
128.787
170.701
133.848
206.066
196.433
54.9983
178.148
178.994
42.3228
124.99
245.297
166.38
90.5213
276.147
147.532
114.796
225.855
22.2299
59.671
46.2002
172.728
142.586
121.136
83.873
133.515
130.562
171.724
82.0776
182.092
26.0712
134.427
158.816
103.674
121.558
154.84
193.899
117.785
124.971
123.483
99.8489
124.023
84.0906
149.672
203.28
83.9546
67.5125
131.411
327.556
165.99
247.946
201.297
171.968
162.184
88.429
302.507
149.305
249.866
85.6619
138.692
190.298
88.2535
232.618
137.337
126.615
265.124
182.852
160.116
103.153
341.678
179.462
305.766
127.684
68.3243
155.41
45.7679
208.049
80.6737
131.958
158.489
134.741
162.807
98.3274
97.0066
147.389
171.185
50.7076
175.92
88.2571
137.864
223.026
206.489
43.559
182.262
50.9262
147.015
38.5574
170.166
170.658
141.844
47.292
131.993
65.5857
147.566
189.988
123.377
118.621
142.419
145.019
128.113
145.298
236.056
196.677
95.7653
155.66
159.377
109.216
210.853
145.437
80.1273
206.594
173.356
136.404
202.662
116.813
85.0256
124.654
162.408
320.217
171.077
130.474
170.399
175.325
163.854
103.229
244.681
202.879
164.61
200.038
144.621
103.183
310.054
109.581
193.949
165.599
144.827
138.955
145.175
225.628
123.869
205.887
165.208
87.5205
225.619
205.03
189.863
101.119
187.897
62.9997
156.816
177.29
174.756
220.344
212.434
154.686
185.043
166.217
229.643
279.096
238.549
184.817
169.9
147.122
142.268
52.8893
138.662
139.986
116.184
153.731
146.804
104.576
155.109
73.4071
155.159
168.256
123.449
142.295
72.9463
125.465
98.0259
217.295
165.916
157.811
85.2675
106.117
60.9811
129.872
106.459
178.161
69.0948
98.9231
23.6326
95.3523
76.2229
120.052
140.139
198.593
231.051
79.0326
163.422
43.6079
199.981
94.2158
266.32
62.0587
159.731
252.562
139.177
183.507
177.94
220.077
149.365
75.9243
124.713
248.065
134.938
232.122
205.229
130.81
157.336
107.35
106.72
171.69
93.0502
127.713
143.145
101.242
142.394
148.562
199.056
127.863
97.9401
86.6345
106.198
68.7159
168.135
125.335
162.823
136.982
123.464
67.9747
182.666
47.2431
145.772
39.3537
150.378
39.9456
213.852
81.1505
117.506
54.9749
178.086
82.3547
57.4888
198.015
214.825
119.905
48.4545
125.191
71.2766
111.764
212.2
44.436
190.95
169.356
203.124
190.042
124.238
143.553
57.9296
123.341
143.001
176.968
82.5569
149.678
83.8141
216.985
192.345
212.864
107.118
168.423
165.34
147.073
112.335
262.766
226.958
141.98
91.2157
178.471
160.374
116.451
188.54
231.233
174.989
145.666
215.447
143.945
80.3841
176.641
141.319
175.543
184.468
289.331
176.795
77.1686
208.144
185.85
167.367
183.52
118.649
169.43
213.698
240.78
196.914
64.7299
182.57
72.9631
62.6316
107.468
198.065
205.153
109.494
181.854
202.371
119.496
161.485
138.03
153.325
96.3372
130.83
215.205
99.445
78.7161
24.2645
94.4189
286.805
154.86
131.413
97.6166
97.6587
224.578
65.6218
109.135
82.9317
83.3921
159.075
195.119
272.014
165.197
152.126
136.498
207.102
193.365
208.36
184.624
242.077
38.5374
130.177
84.2225
145.084
96.4059
168.346
240.216
145.968
245.169
140.767
137.883
311.17
170.789
133.073
99.3593
249.147
94.3256
104.871
205.89
121.04
145.506
59.5367
85.969
98.7229
188.575
188.446
81.633
242.347
165.158
109.397
248.901
178.374
172.725
65.4704
241.93
144.492
141.534
176.04
141.238
138.267
211.169
63.6433
156.908
130.867
60.4389
154.133
122.311
116.528
278.955
165.093
81.3074
261.586
173.734
187.335
183.954
88.415
102.535
90.8883
222.662
234.811
193.226
178.316
93.5604
171.897
111.29
161.445
121.447
43.713
167.896
82.3442
90.9827
146.468
59.0163
81.5341
142.599
232.7
141.312
147.513
54.5091
52.9842
144.697
201.471
150.654
168.103
253.5
100.481
112.629
103.812
166.189
160.335
127.628
128.467
132.096
133.861
200.976
216.236
120.175
232.951
157.349
59.6822
131.737
189.299
127.827
68.9636
138.839
98.8096
143.747
47.217
73.1652
186.94
135.271
73.8697
107.142
178.055
190.329
71.956
118.833
199.232
194.878
199.783
141.788
209.302
87.928
246.712
168.864
243.011
108.57
112.882
146.305
101.614
174.803
84.0377
74.6469
80.6789
172.61
250.892
182.412
155.567
59.5379
206.488
131.889
278.118
169.745
120.452
135.75
131.066
156.068
179.213
149.059
192.323
142.37
135.444
78.8144
104.37
206.67
205.022
279.732
216.688
134.555
101.553
146.751
77.1578
103.222
205.116
242.481
133.001
125.485
85.8438
219.455
64.6808
314.421
187.31
104.161
82.5324
242.34
107.26
75.4956
129.44
107.566
61.6497
108.445
249.313
243.89
169.843
116.853
104.767
154.745
158.524
141.476
111.252
169.428
140.511
171.905
111.937
147.818
122.54
167.696
268.34
123.628
212.263
82.7038
97.5705
251.316
127.579
51.7857
175.428
79.4819
100.725
124.994
128.019
79.7836
158.152
191.257
74.8302
181.618
214.118
220.558
98.0075
25.2778
100.883
137.433
215.303
155.307
194.616
56.3548
40.2458
279.105
109.457
141.307
113.188
190.176
120.926
95.2583
180.624
83.4115
196.076
179.029
155.468
208.793
143.385
139.814
144.849
174.347
174.241
96.3524
111.792
163.88
264.262
113.986
147.161
60.1105
128.773
164.617
203.68
174.743
86.653
187.315
133.781
44.5549
186.438
217.644
235.572
56.0116
127.407
304.652
122.35
39.2564
150.148
162.294
252.383
191.227
121.568
263.107
87.0298
124.085
242.726
46.96
264.324
107.036
273.243
128.456
246.273
112.254
188.187
181.092
148.304
146.542
239.806
204.612
185.736
221.32
191.521
312.749
171.298
232.033
278.347
143.243
276.618
135.911
116.043
224.52
164.516
128.537
100.052
170.545
164.486
65.0365
146.205
203.886
254.959
141.485
162.709
139.19
319.926
47.9305
122.909
92.6912
115.888
68.1403
157.592
76.7113
127.63
192.501
117.933
187.666
107.455
112.932
176.097
129.768
99.8667
99.1132
100.487
69.255
154.26
186.474
108.417
177.614
146.612
110.898
75.5209
30.3827
186.256
256.6
299.976
99.6983
89.8086
133.475
121.293
181.757
229.573
240.971
233.015
141.68
88.1209
74.0703
142.649
133.722
173.624
213.365
145.85
187.091
136.674
169.022
97.3711
177.95
61.2984
36.5772
227.917
180.712
142.411
219.246
118.611
197.722
62.885
152.617
195.202
160.338
97.2457
179.399
209.1
57.7775
205.457
98.2071
247.739
143.755
193.638
135.633
90.0285
139.017
132.54
264.173
132.37
34.7137
178.195
160.69
243.619
189.678
163.012
84.6991
44.8112
192.646
259.983
179.425
240.858
116.567
147.204
132.238
205.835
86.7742
62.8941
76.8472
147.368
233.843
153.931
135.914
107.231
81.5252
157.451
211.461
144.51
109.129
124.048
36.5321
187.283
115.483
93.5939
62.9596
82.0645
219.36
153.443
274.27
273.005
132.78
191.406
131.754
73.0965
248.651
91.5978
220.314
264.434
84.2089
175.731
57.3108
177.864
145.705
213.136
259.91
215.794
118.466
243.199
202.248
135.711
287.228
90.1039
198.667
165.852
115.72
139.394
182.771
266.987
54.2319
60.8163
74.1471
196.383
172.122
173.664
115.765
202.361
102.668
200.255
99.3401
194.274
189.639
147.112
124.064
148.656
112.055
108.303
93.1893
185.18
110.22
131.819
147.658
144.312
97.2286
150.481
134.722
75.2759
71.2359
190.915
259.619
148.633
206.753
174.674
202.38
63.813
101.498
188.49
94.694
162.223
110.665
196.376
105.57
44.1025
167.258
161.162
237.191
261.81
156.403
97.646
215.574
183.296
223.505
175.947
130.474
164.888
172.191
88.4987
78.0606
88.0663
59.4858
125.837
55.3248
109.028
130.456
219.019
175.675
17.9884
217.357
81.0911
134.976
122.633
156.279
79.0916
207.681
259.636
242.626
154.686
51.1062
168.639
195.909
111.949
211.766
144.688
124.879
282.917
113.519
231.236
136.792
73.6431
157.566
157.723
157.143
154.228
72.973
121.675
159.124
170.408
114.318
128.632
52.5591
80.1344
83.8561
91.622
216.193
251.499
261.545
112.512
314.331
130.235
78.8323
75.3582
199.26
163.273
153.458
154.868
96.7089
132.481
135.688
125.614
192.045
131.743
123
127.059
63.7771
67.7152
69.6123
80.0974
169.399
58.3642
66.1028
109.384
205.998
191.817
59.633
76.7862
155.49
35.2
115.593
58.5976
231.397
76.2982
302.132
87.5462
116.33
244.799
155.297
147.764
183.255
181.023
164.358
51.3109
195.648
129.276
113.374
161.992
87.0329
133.895
91.2743
128.542
115.024
167.601
327.941
72.2069
193.781
262.226
97.0959
190.009
153.925
190.997
134.052
48.3982
151.551
193.254
148.805
133.344
46.6965
98.7344
147.425
230.763
221.979
240.026
205.278
193.292
48.6765
106.766
175.154
77.3347
120.456
236.093
173.17
157.915
163.124
201.954
219.462
210.41
184.31
109.653
163.183
118.837
179.009
172.778
58.1545
143.646
157.943
109.931
205.892
284.489
117.589
61.3351
153.323
201.426
186.821
132.528
212.287
156.128
230.558
230.48
51.7381
143.845
162.327
187.898
110.652
83.0347
127.863
91.0125
264.468
242.68
168.592
229.574
163.387
151.185
139.153
84.3888
146.388
113.654
146.512
136.2
222.77
218.052
149.512
208.63
192.201
137.162
160.647
119.057
112.807
25.2859
108.441
70.5888
199.67
89.1873
151.669
83.9455
95.9534
146.656
153.638
198.693
57.9537
198.303
207.041
203.201
150.459
228.529
95.6352
272.676
72.314
336.497
163.874
82.8986
180.305
170.143
203.978
155.152
96.2295
106.152
240.053
165.104
103.784
150.972
186.984
223.69
156.148
218.365
173.803
97.2099
42.703
164.654
131.013
110.429
194.396
182.924
156.528
315.654
195.381
135.829
123
94.7051
187.181
243.841
118.228
194.823
113.864
105.506
74.0864
200.423
261.135
125.948
314.46
88.3534
65.2864
146.281
169.379
146.244
62.8503
127.754
60.6053
160.098
68.7141
115.672
65.9634
197.143
300.027
232.431
204.299
168.304
146.86
79.7054
192.262
366.268
98.3554
124.461
160.603
154.032
114.917
109.054
171.159
58.4383
115.657
107.631
129.807
257.776
171.525
110.363
194.67
75.2187
92.3532
255.283
185.425
68.0517
304.216
177.686
70.5635
66.9186
56.8213
177.23
89.0474
88.5529
185.969
274.502
57.9709
118.514
11.64
136.15
166.599
185.402
103.153
129.482
154.759
183.661
227.654
56.9059
172.949
240.58
199.552
180.231
203.072
169.444
127.371
223.969
138.22
103.777
191.285
199.406
177.106
101.531
212.007
107.137
211.092
147.957
177.36
99.8606
117.35
136.769
171.35
122.984
107.274
246.091
195.182
119.96
319.403
165.6
105.623
155.268
137.796
244.45
124.747
285.858
226.156
118.448
218.787
131.742
83.1976
100.234
184.023
181.897
27.9324
104.703
268.869
49.7911
152.257
69.644
36.3686
272.11
138.093
131.817
160.666
330.563
143.544
182.084
226.933
150.809
212.875
131.421
221.272
182.457
290.004
135.829
203.746
60.8237
145.413
130.036
53.6365
219.323
159.061
136.433
126.483
78.5727
207.53
54.8535
262.695
139.864
109.678
73.7865
190.363
122.445
66.2897
255.817
202.258
191.034
183.445
43.5685
122.58
71.681
187.527
133.657
98.7554
103.756
205.435
224.225
83.295
192.867
98.5967
250.819
222.324
118.356
61.971
168.004
159.697
171.592
83.658
186.272
102.087
288.689
157.214
293.842
239.874
55.6725
173.627
265.183
141.561
138.637
100.374
201.628
209.77
145.226
161.027
110.909
251.362
186.017
153.609
50.6235
120.148
153.912
296.159
278.774
107.671
140.497
109.562
206.506
94.6543
113.075
218.275
177.46
178.247
252.297
208.072
83.8724
92.6975
188.196
60.6115
219.789
93.9081
75.3257
77.2664
165.205
185.549
177.353
47.5
219.102
106.829
118.81
48.2756
124.776
174.707
211.777
208.271
99.6728
108.19
152.644
130.757
123.602
267.357
114.409
240.091
146.454
207.743
135.733
63.5114
49.9527
209.993
159.221
144.109
235.759
211.151
198.117
139.781
144.875
205.608
197.289
211.578
97.199
284.918
145.522
149.26
98.1791
152.926
238.153
112.349
105.385
215.243
343.826
264.051
144.293
210.746
153.19
156.412
157.468
163.145
245.857
202.534
165.094
130.125
84.2891
102.561
54.4522
154.292
242.737
176.197
97.8559
135.655
125.452
224.093
134.346
97.7031
138.169
160.398
181.672
58.3617
224.857
70.7153
136.57
90.3559
112.481
125.269
182.211
271.046
111.576
147.932
369.906
119.939
265.719
191.659
233.397
130.097
26.6462
66.77
217.512
124.378
135.059
272.95
158.489
142.081
251.985
165.125
130.004
157.516
226.271
187.296
69.826
225.18
146.361
92.4877
236.931
159.948
155.626
259.143
201.657
178.79
174.1
222.493
238.374
84.3861
116.12
172.375
107.7
294.535
290.105
157.075
210.149
93.9102
161.368
97.1071
97.169
291.677
148.478
281.663
173.695
231.357
232.642
68.4866
298.155
188.588
246.813
161.427
74.8185
137.143
242.215
109.876
198.741
154.985
135.162
151.152
164.811
98.527
130.14
28.7174
74.6858
253.685
252.941
101.781
263.743
177.708
24.8263
162.214
53.9421
64.878
299.278
126.169
76.7031
102.431
127.93
173.768
262.398
268.505
229.261
168.584
317.746
115.637
187.194
148.358
101.739
114.962
108.708
80.0594
231.466
177.949
124.754
283.893
63.8429
178.766
167.784
164.539
280.02
210.203
143.793
148.987
153.652
170.978
126.885
115.008
152.352
80.4592
193.917
29.2016
44.4504
244.903
58.7848
114.127
79.5102
72.3503
181.385
93.6995
82.7743
137.913
200.808
187.392
104.085
198.498
131.912
154.979
136.119
107.454
102.338
108.02
132.148
216.178
105.851
265.567
120.356
41.0598
179.304
163.363
177.229
147.575
121.372
187.268
75.4958
218.939
158.579
95.2659
62.9003
95.3219
111.598
63.313
162.755
193.033
149.075
302.862
116.731
99.2154
158.48
170.446
114.4
194.507
200.03
93.663
124.561
141.479
102.854
108.888
166.42
145.283
137.477
21.5594
102.209
260.295
97.155
138.398
247.966
120.233
190.28
202.003
65.6117
48.0107
136.124
261.802
64.7167
311.163
44.1
134.776
127.409
131.812
158.468
162.053
83.0326
101.213
206.53
219.897
190.865
97.8119
53.9276
136.314
115.85
75.9077
131.761
105.707
98.436
185.487
159.306
146.941
200.838
127.49
36.5938
151.741
116.185
191.582
124.442
223.34
79.9758
75.0832
237.169
213.668
225.935
278.226
162.172
133.322
227.301
174.442
225.126
174.195
128.203
49.6305
277.04
221.956
109.996
97.6559
120.149
151.537
173.78
135.301
86.9392
204.477
69.9236
89.2931
83.8037
205.394
300.578
51.9816
141.37
144.559
65.2161
98.2119
145.881
102.225
159.753
153.222
178.599
207.238
184.118
154.756
150.562
90.9629
191.385
93.1334
236.487
163.787
266.146
134.984
147.189
239.853
83.8705
169.477
149.874
113.905
108.437
261.022
190.846
141.097
194.329
123.334
168.397
20.6903
109.868
222.288
243.56
135.47
151.544
207.073
55.9863
158.458
59.451
115.986
66.4067
93.943
116.577
109.186
232.733
262.05
149.922
187.883
100.158
148.913
108.372
106.349
84.7406
139.132
308.792
228.384
101.165
61.6448
129.813
70.413
100.45
113.509
55.8206
343.6
118.974
161.368
105.408
56.4934
219.304
123.544
143.138
157.586
27.0293
108.1
236.694
191.963
147.97
101.069
235.907
63.0165
192.316
65.9301
124.057
243.215
243.966
77.829
247.814
110.632
51.7353
239.823
96.2368
82.5659
293.328
216.602
123.048
125.379
191.309
242.81
271.814
174.25
136.528
147.8
60.3904
255.948
144.252
65.4783
229.657
274.52
249.629
215.971
47.8498
321.52
224.077
75.6587
218.112
132.276
210.702
137.026
367.234
138.262
106.745
161.559
249.528
85.0645
166.088
96.3579
133.915
131.855
137.555
89.6431
243.159
216.316
114.024
69.8711
93.5339
69.5682
72.4249
160.885
134.763
145.513
251.935
74.4052
188.798
151.848
136.37
72.3054
125.636
181.596
206.18
154.894
255.205
98.608
55.1484
174.375
185.542
151.155
261.093
190.204
206.979
202.223
137.783
133.62
187.433
139.898
16.1985
113.776
170.507
125.173
194.716
74.4481
174.172
52.0951
231.459
60.9016
161.749
92.4348
135.735
180.414
137.648
253.272
51.3952
170.069
84.5912
104.208
41.2538
100.41
206.831
152.984
259.564
175.669
116.79
230.947
83.8718
119.65
148.522
54.4617
104.961
70.8311
100.559
139.573
179.35
147.429
132.732
82.1087
111.14
181.351
107.836
230.72
61.0652
99.1302
81.9567
176.114
126.715
132.579
129.236
98.4274
218.576
306.938
174.193
183.093
122.148
207.624
256.31
181.425
186.161
75.4923
229.946
118.25
162.781
212.778
184.026
197.15
325.456
153.683
122.082
153.173
132.856
205.659
126.484
122.909
178.594
150.351
265.818
38.3662
101.765
132.191
206.83
109.042
195.908
133.827
183.983
131.555
113.185
104.398
166.486
134.131
198.774
251.878
120.543
153.139
39.4054
119.283
149.182
223.995
247.406
161.733
127.09
179.89
144.938
64.3987
80.0305
75.4986
134.588
131.344
230.27
65.3517
100.506
133.82
102.682
296.974
147.223
83.0539
174.711
42.2664
186.982
148.616
64.9841
161.824
136.677
281.236
50.8425
170.434
196.614
279.047
100.065
49.3311
151.915
109.806
217.024
200.288
303.671
174.213
94.6416
293.583
110.727
110.011
67.5668
194.033
102.93
134.265
162.531
47.7705
65.5744
234.33
226.097
186.21
224.88
131.92
32.2933
257.315
137.082
193.582
145.918
162.276
277.058
142.452
81.6056
15.8615
178.509
216.578
228.447
196.819
187.53
127.5
80.5616
190.129
228.998
226.315
170.162
146.972
165.93
177.722
100.665
181.308
94.889
194.657
232.041
91.7628
100.792
183.978
166.581
259.636
152.826
169.97
176.788
189.942
152.235
275.89
129.703
75.2408
222.53
155.637
134.196
97.0045
50.6115
159.321
189.146
238.655
198.358
138.448
136.966
120.297
148.173
96.5796
190.417
136.693
167.301
161.15
199.71
76.2807
235.005
271.495
185.04
75.9728
208.379
149.01
117.647
213.362
140.344
128.885
147.694
169.164
154.363
144.271
151.511
193.893
235.033
92.6127
131.813
65.943
133.301
236.426
43.4982
141.954
165.876
73.5538
208.933
234.896
196.175
165.682
154.975
58.8696
164.119
125.408
121.453
139.068
73.4062
163.006
90.1547
190.672
36.4784
107.32
190.287
141.259
131.823
75.5769
186.708
187.078
205.547
38.8935
98.0277
243.626
103.95
163.503
252.483
123.711
343.848
90.3237
139.519
234.077
182.184
151.58
199.614
146.54
66.1934
71.0945
114.453
206.846
131.962
57.0286
84.7827
93.7989
266.946
80.7484
173.993
173.571
163.843
84.4751
33.4478
181.412
183.89
49.6402
147.391
155.091
165.981
198.836
185.595
86.9853
198.025
202.892
121.668
157.971
205.718
285.061
226.836
231.58
77.0861
131.936
117.688
204.925
214.49
251.501
144.761
97.9452
237.512
150.126
158.923
135.79
173.631
196.892
116.144
140.495
163.159
140.172
214.412
112.608
174.465
157.39
162.326
91.7226
201.123
202.736
187.354
199.428
135.725
219.747
148.677
163.561
135.571
102.335
116.775
280.34
34.2155
186.09
129.622
139.615
117.225
106.051
205.701
136.074
107.811
120.315
122.419
107.003
111.364
74.5854
308.827
106.917
168.382
133.679
92.0307
163.516
211.472
110.051
115.08
142.125
234.416
107.982
188.028
115.621
83.6427
133.869
152.813
165.225
169.456
256.332
195.325
198.172
47.6198
205.574
116.402
146.925
230.073
127.313
30.6302
150.519
109.957
187.3
226.24
159.5
365.294
39.5598
89.5933
74.1619
133.892
131.099
26.675
62.5509
134.066
62.6156
218.703
179.799
88.4162
301.285
137.729
112.969
58.2744
151.346
165.239
170.632
96.9658
194.493
290.855
185.608
81.8396
234.516
58.6922
148.018
80.9245
104.305
152.267
175.227
102
98.9631
116.798
120.704
187.415
130.949
37.1088
132.054
36.3884
187.685
157.819
92.1388
269.267
225.45
127.182
175.043
271.654
79.0661
126.214
247.183
213.344
186.19
127.758
193.668
95.7585
93.0961
152.906
192.083
67.4631
114.183
215.015
117.853
133.262
90.4076
161.359
174.789
197.897
89.5349
178.29
171.597
119.173
179.979
128.228
141.357
286.255
355.904
224.311
171.391
231.631
193.782
180.044
84.5278
62.8586
61.4134
125.301
246.689
105.936
116.729
89.6073
151.368
176.138
147.843
47.8218
121.381
56.3874
327.202
198.648
75.9917
79.6875
209.167
109.919
118.996
148.194
170.888
210.525
143.829
213.955
125.568
150.373
280.357
105.923
61.8811
218.096
137.247
71.4368
157.661
157.729
131.37
138.392
158.603
70.7761
167.048
209.705
152.545
162.533
138.872
86.8249
82.4166
57.2605
100.278
202.636
163.162
123.936
170.892
168.975
148.048
167.044
146.499
195.559
169.601
249.148
111.333
237.598
135.665
91.2319
118.194
138.029
92.3299
21.3413
218.111
147.644
198.765
176.018
247.068
177.155
302.417
347.501
97.0671
69.5531
192.304
45.8186
270.412
103.06
115.587
74.1661
245.53
232.203
146.058
161.169
217.408
215.603
158.114
36.5722
214.341
178.987
212.318
87.7648
237.136
128.773
108.522
169.147
144.411
157.668
109.426
130.172
178.598
146.449
114.884
150.653
117.508
243.088
223.754
187.817
89.3397
79.8195
116.497
253.498
207.134
183.8
123.804
175.678
155.467
68.8109
41.0176
126.216
190.894
31.0586
129.444
88.247
158.321
158.536
109.262
84.4156
113.212
166.938
341.357
265.871
159.218
217.344
269.889
112.028
56.9312
169.388
161.273
113.207
195.603
310.917
171.973
152.449
170.715
130.458
254.29
180.894
201.529
86.1371
130.731
208.474
24.1095
147.332
200.944
142.961
162.901
152.593
110.049
107.365
200.104
199.087
189.653
190.447
70.9894
82.1009
89.414
164.136
153.214
121.934
222.35
133.234
218.258
159.787
100.509
174.497
140.852
123.424
80.4784
218.311
242.584
311.734
97.2776
158.378
61.6711
242.21
130.977
137.824
187.019
262.562
95.8083
75.2391
207.023
66.2179
200.518
110.016
95.9145
210.265
155.807
78.1011
111.607
191.923
151.974
130.365
199.089
108.388
126.565
51.7233
135.524
101.355
136.379
262.11
204.45
289.037
147.649
198.279
174.398
149.54
175.04
165.287
132.432
118.573
131.811
144.665
154.962
203.719
195.618
115.442
79.9973
149.279
91.1647
25.6569
145.778
168.526
223.603
171.49
228.925
83.8911
57.0599
58.2051
77.6944
225.709
139.249
153.703
121.186
81.7497
49.4178
215.846
145.133
189.98
126.632
270.918
139.086
154.51
187.539
41.9293
49.6255
332.292
108.25
147.799
165.311
93.3051
129.384
98.4141
204.871
83.8538
127.918
196.667
269.147
140.773
75.0848
133.831
151.322
135.157
87.1618
189.291
147.106
192.76
133.477
86.9377
60.4242
92.2322
69.2668
109.041
146.292
163.295
51.569
118.442
72.1748
158.191
128.362
116.374
117.043
159.011
58.4026
274.178
142.755
117.439
229.847
89.1943
128.208
136.246
108.198
307.075
85.0355
104.519
113.491
157.679
147.569
162.449
173.938
171.806
283.325
108.832
141.107
255.989
37.8763
224.622
244.051
167.165
247.337
116.411
216.18
180.351
173.074
104.046
273.397
177.659
228.706
122.93
146.311
159.796
96.8216
303.736
108.705
214.617
110.737
94.3531
330.844
130.66
117.087
200.492
124.238
97.399
44.7109
54.0271
108.258
182.332
85.6977
147.332
118.566
172.925
142.916
131.513
104.538
115.009
149.61
156.995
259.223
173.978
158.21
163.561
229.379
104.017
249.754
151.097
68.5612
75.9592
152.108
147.009
117.925
169.002
186.159
106.537
41.6107
119.985
101.842
35.9984
125.5
80.4489
135.565
69.5242
112.679
43.7811
308.421
89.08
141.216
123.949
160.307
112.821
121.761
111.246
225.716
76.9663
220.849
173.164
174.657
146.82
201.441
237.696
125.225
152.471
103.305
266.332
206.497
181.248
164.684
164.714
202.289
108.98
287.914
160.4
151.648
154.411
136.57
160.105
283.626
148.562
150.132
335.294
172.921
65.6628
95.5762
179.991
229.742
120.337
129.352
118.238
149.177
175.471
210.278
198.691
135.479
130.017
268.227
137.385
162.077
32.1273
181.526
69.3422
113.823
198.151
159.408
182.194
120.289
113.159
152.443
313.455
53.0309
114.003
116.906
199.025
153.961
102.39
252.808
213.736
237.732
97.5343
271.432
130.057
220.014
128.124
49.2014
129.053
285.433
182.989
185.645
216.087
119.954
153.48
203.645
85.247
166.979
122.983
98.9882
131.4
122.429
303.826
93.205
166.168
117.645
109.352
51.3246
254.965
287.59
253.301
116.511
95.4499
191.462
108.439
125.169
207.617
116.049
208.002
67.1402
166.525
99.3241
35.6243
219.819
98.0416
197.394
209.924
278.918
80.4971
141.445
120.294
100.907
243.298
186.039
183.062
123.424
94.5831
143.037
36.4191
105.273
166.171
94.0212
95.3207
74.6164
189.644
15.4074
210.149
146.627
120.48
135.665
283.365
102.187
151.566
19.5097
95.0212
179.87
145.925
95.8587
169.776
72.2303
49.9988
156.404
88.5042
159.526
171.189
113.897
147.749
203.496
241.234
147.508
83.1562
200.586
111.872
199.194
218.455
210.063
115.753
197.494
247.878
117.891
233.558
171.459
266.426
89.8306
187.346
135.516
34.5116
172.359
53.7414
96.0506
238.98
79.3281
104.547
172.064
136.144
204.531
98.8206
233.287
90.0838
76.3072
53.8835
133.178
161.202
265.527
237.379
147.915
194.767
128.401
228.2
127.833
156.772
197.877
134.047
145.772
64.4542
117.346
133.859
207.991
207.456
177.184
119.451
183.753
92.5112
76.9598
134.413
96.9976
118.349
253.597
160.306
248.795
176.059
115.597
133.678
230.502
207.955
287.53
263.254
73.7832
107.856
146.754
139.915
91.0071
166.265
271.852
275.662
53.8329
119.108
151.6
128.046
190.931
202.343
166.544
142.017
46.0503
27.2973
133.591
292.283
202.08
76.312
240.735
201.145
141.566
71.6715
183.394
143.768
23.7566
189.743
164.503
65.49
52.0836
93.3944
191.346
79.6364
210.549
205.06
72.8148
85.7519
230.988
77.2722
129.682
270.426
71.2752
158.902
248.813
94.737
166.304
87.6962
96.9117
130.706
173.387
117.545
176.78
83.1777
76.4571
132.944
180.098
82.0022
93.2198
170.908
242.544
104.554
146.353
141.546
304.58
256.228
106.404
313.263
104.091
75.4773
76.3691
161.347
220.41
82.2992
69.5854
70.9865
121.47
135.261
86.2288
58.9592
248.582
256.513
168.458
157.394
59.6781
145.481
112.229
215.709
70.7543
112.484
209.853
53.7633
199.559
143.758
99.201
272.221
105.752
97.8208
126.156
206.856
84.5904
127.562
84.3804
179.34
121.31
224.95
93.5909
169.613
110.196
175.601
130.662
74.5421
175.958
162.841
196.742
102.623
228.301
164.331
152.108
65.524
39.1249
72.616
181.825
133.147
123.124
137.943
149.533
94.2643
129.803
136.514
35.6642
92.2519
113.87
142.462
98.7222
186.57
192.499
68.7682
216.245
134.138
66.0624
282.607
128.185
39.4094
138.858
237.04
325.422
170.538
163.995
102.855
141.771
107.216
178.324
60.9312
170.957
181.515
197.512
99.2145
105.494
98.5063
180.075
240.95
110.148
119.255
201.639
217.446
137.375
87.9634
102.594
156.688
233.313
101.096
219.641
254.305
103.561
126.139
131.509
47.6276
83.6945
291.733
202.786
198.584
178.569
172.537
229.677
160.282
136.652
106.956
204.907
58.885
146.361
109.393
65.523
161.467
52.4821
175.965
147.167
201.409
148.931
186.101
71.4385
218.104
127.46
291.955
99.481
87.9938
188.898
135.716
152.612
198.793
84.9841
156.882
156.549
167.357
241.933
294.424
176.113
240.429
134.153
143.108
138.004
120.928
233.124
77.4703
120.209
187.817
153.43
112.878
124.92
88.0996
153.882
197.216
201.226
138.583
150.506
179.242
124.241
187.288
232.699
132.156
124.175
100.173
234.076
94.4682
145.964
117.854
274.477
190.985
279.95
148.116
241.163
173.05
159.486
219.217
194.638
214.195
136.22
123.248
154.685
94.1593
223.596
122.136
68.1935
173.51
136.519
87.0301
39.1963
151.637
153.908
183.244
133.389
229.487
129.152
80.3979
229.197
48.7507
154.54
137.368
68.0483
122.86
203.567
203.076
276.187
192.402
134.224
129.009
95.4543
166.349
149.63
101.739
211.546
78.3926
99.9883
116.554
35.6735
310.823
205.515
147.438
103.847
96.1125
143.101
235.011
242.9
279.604
73.8991
152.246
120.093
285.11
124.51
135.063
139.67
188.956
172.666
165.769
77.9868
200.201
186.559
171.641
165.392
148.853
76.0528
112.863
210.508
177.296
248.756
124.28
225.892
304.333
146.59
44.7304
188.52
141.757
51.3377
153.279
144.707
146.064
148.604
193.771
147.382
202.641
95.4204
131.762
165.81
56.4518
138.802
157.795
132.629
143.853
141.12
126.406
123.361
126.277
297.882
252.753
222.877
69.5913
112.512
135.167
92.1212
162.205
110.777
328.202
94.4785
88.1543
174.587
158.165
275.751
150.201
91.7306
87.9791
225.205
130.359
173.648
168.998
132.587
144.578
108.453
280.747
219.242
116.735
147.685
56.8805
179.987
162.86
191.972
74.4336
185.725
225.368
223.984
138.056
108.781
90.3939
104.36
212.967
150.044
195.931
196.614
126.704
205.927
174.162
212.079
184.599
198.277
117.797
68.1044
277.053
326.954
177.099
155.855
49.316
178.223
113.982
113.919
66.3528
85.6428
53.5384
159.437
149.382
122.835
216.847
24.7109
225.013
203.816
232.613
109.999
176.966
147.489
88.3238
90.0551
158.346
117.16
186.344
189.78
194.172
262.002
124.991
146.47
216.831
192.087
153.752
106.844
198.156
50.3431
180.838
300.368
154.141
142.342
258.147
192.899
193.145
228.579
82.4228
151.878
330.538
88.8925
104.183
214.005
59.3469
97.5575
170.493
104.673
151.009
160.809
285.863
28.3226
241.222
65.4224
193.485
104.575
31.5366
206.447
114.71
158.962
128.239
113.866
62.9561
72.0474
143.539
181.102
153.168
120.723
76.0307
62.3248
190.481
116.716
173.56
49.6266
55.4198
143.753
210.447
80.3842
173.721
266.986
75.3012
69.615
41.3854
110.62
67.9099
278.104
108.915
138.857
92.5521
167.32
97.4389
84.8469
54.3229
139.367
169.769
319.599
176.341
93.053
86.6283
119.993
119.011
158.224
232.546
162.225
169.632
197.648
113.278
176.318
106.182
248.868
62.495
124.212
76.2281
173.54
237.665
282.762
141.986
175.766
43.0797
25.018
265.821
99.3482
140.587
197.596
251.05
94.4456
53.371
79.7328
98.9622
108.484
103.005
179.907
194.964
146.681
159.925
210.14
223.66
134.096
118.882
205.031
191.981
175.558
214.241
192.325
110.961
110.764
129.095
213.318
191.056
42.0294
160.195
187.511
239.145
160.358
345.232
97.2044
178.953
50.2205
39.0437
131.769
102.616
124.127
139.01
134.789
100.949
199.289
202.407
139.231
114.258
128.489
271.305
87.8938
97.6149
93.6965
98.4641
180.858
158.36
36.6208
255.95
76.7917
140.424
111.247
92.9519
278.583
129.371
182.756
218.636
104.964
174.877
186.29
209.535
131.848
202.383
216.343
150.946
76.6407
39.752
195.632
79.6399
154.151
59.8677
141.657
368.026
216.793
111.737
146.671
197.354
144.521
85.0086
104.677
116.492
215.845
98.8077
158.525
156.201
183.716
273.739
91.6777
167.799
149.52
240.109
212.708
157.765
48.1302
147.06
135.093
148.752
112.729
187.396
107.681
144.103
261.411
178.945
200.495
200.857
397.756
70.9325
154.719
113.388
79.9386
200.571
69.4664
187.122
119.039
221.077
179.94
150.312
250.488
229.815
145.428
162.486
150.091
102.76
232.034
130.432
147.7
144.579
177.473
73.3773
132.048
187.908
295.635
351.745
33.5846
227.588
89.7713
159.112
152.397
138.766
72.1341
223.21
147.944
96.452
109.382
135.069
176.853
110.375
160.356
69.4134
29.817
175.759
180.211
309.639
258.6
233.652
145.355
161.053
158.429
86.9282
157.886
268.855
186.808
160.257
260.352
59.0675
250.35
215.773
192.118
135.817
153.118
224.774
181.009
136.063
314.269
191.749
93.9775
89.2736
102.377
150.226
85.5191
92.6345
163.118
201.532
130.247
115.076
160.3
87.1984
274.563
228.799
196.743
233.662
151.647
128.539
301.805
126.446
105.806
146.653
143.849
187.731
171.154
18.3491
148.177
211.944
233.39
87.7827
36.7699
135.134
177.082
104.087
50.5349
82.9354
119.185
160.564
115.696
188.136
209.283
202.843
126.372
96.2265
110.89
76.3581
99.6713
163.099
98.8077
185.154
68.5568
105.072
117.157
98.6799
198.989
206.476
106.391
128.753
114.741
163.184
363.944
56.5059
88.5941
162.756
162.742
11.0002
188.558
94.2791
219.206
129.386
202.228
337.84
176.052
146.061
131.426
126.15
236.123
186.59
94.5155
126.78
121.717
114.71
319.464
179.738
175.577
101.731
174.841
97.3106
160.506
107.447
119.288
253.328
219.226
68.3428
83.3357
172.356
177.985
68.6596
157.156
54.718
37.3043
122.877
210.61
61.6462
181.408
53.5118
106.581
117.217
86.1305
185.481
220.885
114.325
168.897
87.7055
186.376
128.008
179.423
97.7749
237.882
183.745
100.169
95.1061
249.643
54.4662
107.02
68.9573
149.618
168.214
130.289
276.659
180.643
61.43
147.401
180.082
265.923
104.76
95.256
86.0581
127.803
250.302
134.209
211.428
164.773
149.146
207.306
210.957
82.2914
67.6152
135.789
114.11
236.377
160.742
228.553
66.9952
106.682
43.0967
195.963
285.006
116.98
91.8102
65.279
107.349
146.78
216.502
203.613
215.84
153.486
142.973
116.664
127.51
256.827
123.784
135.596
295.729
113.012
137.849
76.2053
187.799
80.3001
257.513
158.286
257.857
211.655
122.955
153.362
195.414
80.6507
101.184
56.3567
268.1
174.834
117.382
96.4932
51.0999
177.468
88.3938
101.24
245.876
110.678
232.399
184.408
102.288
186.165
239.902
101.195
296.045
279.662
57.0441
176.777
172.08
68.6033
217.764
123.044
120.949
72.1592
114.343
118.671
221.806
220.905
129.093
178.954
188.704
147.571
142.409
255.53
155.453
205.571
292.806
117.144
157.967
331.723
156.81
276.864
85.3919
175.411
175.714
196.778
102.516
91.241
220.655
97.1455
144.415
172.575
45.0931
245.67
203.715
123.402
89.9385
167.385
170.44
166.806
184.037
175.974
202.479
76.4051
130.394
146.448
92.16
98.9921
116.448
213.095
167.083
298.812
111.226
103.754
66.945
213.05
10.1134
147.165
93.3133
227.098
160.884
215.437
87.4316
136.172
200.202
75.9581
64.0457
84.58
195.827
57.3539
149.467
177.964
179.543
249.031
155.315
118.149
129.683
293.006
168.302
42.2238
189.765
168.536
124.371
111.978
129.26
191.303
193.372
210.284
246.226
91.7617
169.585
160.294
145.512
105.66
107.61
65.4988
178.817
96.6154
230.281
102.145
162.145
159.758
266.524
143.218
236.847
48.3146
41.3849
188.033
131.366
16.8204
69.9947
139.543
285.437
209.259
143.475
259.502
121.948
200.761
97.0872
226.956
148.654
112.271
131.382
34.211
112.123
278.778
122.8
183.734
189.843
143.741
137.679
24.4576
32.5481
126.791
107.14
120.208
219.582
189.536
232.204
80.7998
127.82
135.59
221.33
266.536
102.095
79.8057
134.382
176.512
148.733
174.115
210.923
35.7259
103.405
169.473
68.8249
228.367
88.1056
134.278
216.671
230.229
215.129
66.4327
74.6857
191.501
56.6254
177.304
198.001
172.403
162.943
165.201
170.354
97.0364
265.01
130.566
206.934
146.279
59.4283
124.981
295.448
123.352
80.6224
250.903
77.0047
128.272
215.857
91.5152
148.026
188.301
167.367
82.9298
207.27
129.786
149.838
186.254
52.7408
182.58
71.2045
231.797
117.532
151.348
138.056
114.852
76.3267
222.171
120.658
272.547
188.458
184.072
100.856
81.2193
157.915
72.3422
70.1086
75.1722
160.059
167.037
11.3485
194.941
200.402
178.505
148.413
51.5599
116.117
77.2371
43.2446
85.3145
148.775
150.122
42.8662
110.183
124.55
233.86
80.1325
95.8029
127.076
127.653
86.4923
329.41
182.627
74.9775
161.113
117.835
38.0587
68.6737
191.023
181.236
293.185
217.698
223.074
295.476
111.247
265.121
100.677
107.843
160.576
111.262
146.449
95.3107
92.5851
73.7442
269.284
111.715
210.365
48.7572
157.814
149.385
125.539
209.009
119.053
107.108
90.1875
138.251
55.3302
180.9
179.652
148.71
73.1808
82.12
160.545
108.162
221.551
176.224
220.713
48.4764
104.751
215.864
265.008
178.808
99.177
99.2348
88.1304
177.165
177.23
185.322
255.557
64.6429
178.19
122.788
146.755
57.9562
101.221
90.308
140.329
253.754
78.3045
157.571
79.3481
166.273
137.368
166.492
193.088
169.66
43.9319
129.676
94.5611
135.356
138.569
136.645
88.0435
302.322
252.757
182.361
132.712
159.997
164.083
156.043
160.321
138.945
187.535
165.523
170.386
10.989
153.527
105.766
214.023
147.229
274.813
190.757
155.111
245.028
105.992
239.287
118.688
92.1748
160.287
164.205
67.6262
146.893
65.0121
140.459
132.76
77.2178
147.101
191.424
77.7865
274.323
201.284
202.05
188.645
162.805
94.0833
111.375
271.063
81.8415
172.277
239.986
96.0553
55.5261
95.7124
229.43
207.944
53.8349
104.771
91.4568
156.142
97.6544
134.52
139.051
156.016
159.802
243.126
130.813
310.927
164.491
179.978
71.1389
100.758
342.449
100.794
154.583
152.011
102.533
189.732
261.295
210.566
232.445
306.473
188.733
191.804
103.047
284.828
224.224
241.948
100.38
109.922
145.097
74.4283
107.162
146.081
95.7905
108.493
207.436
112.93
225.973
108.048
161.037
344.075
72.0704
157.958
82.1402
169.086
92.673
100.402
213.586
114
114.113
236.719
153.762
83.5071
22.155
243.83
223.986
311.854
104.658
89.4332
162.846
217.806
175.557
224.077
172.784
155.05
260.314
105.382
179.762
119.875
179.726
214.459
48.875
165.446
111.626
152.812
148.088
124.1
179.23
154.224
226.599
272.269
117.214
149.802
113.366
252.301
154.978
40.8006
188.329
186.467
139.297
312.97
132.884
167.651
160.842
66.4885
180.533
113.469
126.617
62.6958
139.22
124.261
137.791
181.257
122.493
132.077
76.5723
211.533
136.039
184.364
204.026
135.4
78.0737
182.511
238.747
214.66
98.6538
194.775
143.53
192.302
154.988
127.413
197.12
117.822
151.567
225.637
143.833
233.927
188.554
133.705
191.048
297.202
156.243
215.525
140.063
127.559
170.214
136.733
163.265
72.8171
177.45
77.0856
168.062
234.854
121.467
98.2807
115.468
263.27
150.385
326.141
191.504
111.61
78.8564
122.932
48.8841
98.4318
154.94
268.843
96.2584
190.909
180.842
127.986
175.529
202.956
45.1554
64.5793
129.837
128.598
193.38
192.69
247.485
139.03
160.272
160.163
141.366
73.1476
87.9185
33.5714
190.078
134.875
269.102
172.019
144.423
73.1102
128.69
301.379
263.915
112.153
105.28
85.0536
140.361
194.635
101.381
177.708
250.197
125.162
70.0025
84.313
186.533
239.383
75.8657
68.912
126.454
186.609
195.332
147.522
157.907
111.402
205.968
341.528
142.988
25.6091
373.588
46.3779
268
69.0718
98.6517
69.0593
20.542
76.0062
224.489
72.9126
218.633
107.971
223.164
106.822
158.179
89.0603
140.49
69.8039
165.693
87.1846
140.488
205.271
149.107
122.771
171.264
225.639
153.702
255.089
170.055
129.149
105.442
111.43
292.393
236.188
75.3879
175.99
71.5823
191.877
145.28
64.8658
144.299
204.782
121.453
226.074
118.983
197.839
185.897
133.084
121.465
55.5488
61.3958
96.112
330.922
192.546
68.646
181.493
192.219
95.0162
205.592
100.059
239.565
107.74
268.18
209.854
77.0453
107.523
93.3551
167.325
166.721
38.178
220.569
79.4512
193.218
102.716
112.342
124.734
65.1286
190.703
176.338
208.779
98.1528
178.062
34.3873
247.595
274.28
50.4926
307.54
167.692
145.822
90.0681
114.274
142.828
225.902
218.944
139.129
195.707
126.535
179.665
264.965
158.824
184.355
94.1919
100.466
167.462
129.394
145.429
186.546
212.302
212.25
135.188
230.856
247.449
146.556
143.6
175.608
164.08
201.804
67.1907
75.64
209.315
86.9455
174.232
90.0388
98.962
29.7782
67.0448
44.5703
112.33
141.54
146.554
172.871
175.716
122.163
158.138
105.618
215.622
109.724
122.58
155.851
110.689
165.461
143.086
151.652
126.243
136.278
137.475
52.9823
218.641
140.361
106.147
142.95
142.915
112.635
125.308
132.954
131.575
269.126
120.169
115.422
147.385
140.765
49.3321
209.257
285.469
47.82
314.875
130.224
277.801
112.401
61.0051
69.7788
168.434
175.828
57.0759
104.188
185.861
147.584
160.636
252.159
140.318
119.524
149.827
155.636
197.968
23.3942
187.433
129.069
64.5108
91.6879
104.864
75.486
148.426
97.3357
116.677
259.015
215.306
102.812
190.364
123.406
236.756
196.851
43.5825
215.323
121.292
152.699
171.811
121.831
116.29
150.08
233.597
85.9681
152.113
132.185
97.201
220.23
142.389
270.255
251.955
173.192
179.203
156
189.975
89.086
187.437
189.429
215.655
187.343
208.877
213.963
213.68
112.757
126.99
246.27
303.007
213.205
131.592
130.258
120.51
235.193
158.586
103.71
132.371
204.308
121.412
142.917
118.067
164.224
118.618
107.934
126.397
121.452
221.383
12.4938
186.967
210.324
178.247
143.178
172.413
139.589
156.687
107.121
86.2224
179.318
71.5531
94.195
177.793
118.647
93.1652
204.972
21.9492
180.767
198.237
144.002
44.3051
218.74
132.241
42.5102
141.876
154.91
175.16
75.0255
53.2277
62.1237
119.724
235.245
119.194
158.758
56.7898
79.7189
145.212
72.5759
158.132
116.312
119.879
211.657
271.957
140.066
159.352
103.07
91.5744
173.529
176.081
132.11
126.885
216.134
344.907
204.342
139.121
98.0834
27.4647
62.3317
105.729
123.014
171.948
181.145
68.6938
145.554
254.832
65.2944
206.144
167.979
150.694
125.874
141.732
362.803
135.637
237.94
90.061
113.465
93.0672
115.017
163.167
105.681
66.6937
282.968
41.8998
143.981
171.226
299.313
167.044
132.456
118.574
117.371
255.309
118.454
109.642
106.155
84.843
142.561
104.152
129.459
149.19
241.888
106.381
125.46
374.305
224.437
191.445
207.57
82.3857
171.822
98.1968
182.143
239.264
228.002
257.537
30.3694
94.8605
112.417
184.929
97.5589
93.7372
252.569
126.309
193.281
73.6741
107.459
208.337
159.072
257.383
227.707
130.801
298.085
125.542
118.692
181.88
86.5586
145.106
165.532
90.9714
87.2001
168.183
151.415
175.186
264.238
79.2089
115.18
164.278
155.368
128.665
234.608
98.8032
194.681
146.981
82.4602
135.145
368.112
133.178
167.566
255.1
155.355
104.26
178.492
195.371
165.8
138.307
170.973
196.965
56.545
111.142
146.667
141.838
320.959
97.1903
182.223
122.701
220.882
93.6557
194.354
151.336
78.1045
316.086
74.1239
97.0076
178.624
98.9871
158.901
68.2032
148.295
70.905
158.039
84.5184
140.897
95.6191
150.587
148.957
137.817
124.235
62.4906
188.517
42.2558
62.7986
183.892
80.8455
169.662
99.1457
113.696
184
51.2222
220.14
57.7686
121.546
309.032
226.902
92.2062
82.2932
75.3819
58.2342
227.798
21.301
104.768
127.346
200.037
108.464
241.233
115.145
163.769
42.0028
90.2705
124.331
174.977
37.0077
84.1451
125.454
200.913
158.697
53.2534
159.744
151.343
55.7736
211.828
83.6109
140.872
65.4319
175.252
156.538
165.671
82.2581
101.771
125.419
166.218
113.565
188.662
154.811
181.892
178.002
99.2463
142.95
202.338
208.476
255.993
265.21
154.493
125.904
95.436
191.342
97.687
144.962
122.776
103.281
116.64
105.544
196.233
158.187
142.867
211.885
257.619
76.5038
21.8739
50.6351
80.2561
83.5035
198.232
43.2638
73.5562
166.561
89.5157
158.075
103
208.991
119.7
96.812
246.028
94.7546
174.491
29.8535
182.115
142.595
100.452
189.093
235.024
174.7
66.7864
149.626
71.9265
35.4024
96.8138
64.8568
97.2786
98.6896
97.4791
145.693
102.975
142.711
344.863
175.653
184.028
129.349
55.0179
120.973
211.314
125.671
203.784
226.337
258.839
102.352
61.8895
185.837
203.582
131.8
121.691
196.221
114.586
199.345
200.885
315.836
242.763
179.896
55.4969
92.6466
160.918
249.899
242.135
45.6078
151.678
235.684
142.94
58.4917
161.437
121.364
177.774
170.604
111.157
201.864
197.886
127.297
71.9676
191.482
66.5972
171.435
168.131
217.083
153.525
208.172
117.852
175.341
214.112
179.327
130.733
178.03
239.257
184.145
164.434
132.746
75.5992
220.618
158.257
142.535
171.763
38.4671
128.594
386.139
125.412
151.123
236.799
159.157
106.459
92.7495
214.798
141.942
100.409
212.789
167.03
237.882
271.971
157.416
189.274
184.713
249.849
195.896
183.029
229.606
202.827
204.459
71.1834
233.9
143.726
198.954
137.431
99.6526
90.3406
155.382
194.14
70.3271
91.7115
193.362
188.091
106.926
122.205
143.755
245.383
184.491
174.783
338.096
189.302
97.4697
229.198
212.087
68.5281
114.655
192.773
66.6402
203.539
115.745
224.536
229.227
116.411
231.855
172.629
148.093
275.69
168.36
273.667
119.346
201.303
168.776
173.746
148.355
98.2567
245.539
54.6302
150.33
107.97
84.3958
166.127
167.466
184.85
182.877
147.769
104.106
140.286
317.318
189.094
163.246
193.747
175.558
166.245
176.814
101.108
253.378
133.798
104.039
101.083
73.2227
218.091
173.503
84.9991
127.785
75.8198
267.545
168.484
130.358
118.488
109.698
101.58
152.637
36.2879
154.021
201.712
152.446
188.667
89.9148
177.713
113.381
188.599
199.757
212.535
243.377
140.834
116.476
188.383
128.821
258.393
63.446
59.2945
229.336
129.95
52.3885
205.813
158.544
126.029
281.672
41.9915
103.542
85.9778
38.5554
233.881
340.053
163.069
90.1845
63.4169
100.902
239.338
165.556
140.801
27.9185
124.026
89.7317
124.228
151.402
132.726
119.881
31.3208
212.53
251.644
116.661
97.3818
157.913
92.8801
70.3351
138.096
166.504
106.75
108.337
147.822
93.409
162.173
94.5412
147.352
92.1558
210.91
179.545
230.175
134.706
174.424
66.556
204.511
109.4
79.7745
202.175
204.628
148.465
102.54
72.9706
161.525
258.09
112.324
133.841
191.084
241.659
94.2843
83.1909
286.309
40.7996
232.894
139.791
133.27
162.727
98.7885
69.8423
207.688
171.2
145.14
144.83
208.423
154.654
133.051
232.211
97.3038
263.434
161.619
179.332
303.508
75.45
84.3032
147.671
83.4857
147.745
118.807
106.324
67.3685
89.823
142.793
76.3233
212.386
74.5839
236.981
148.808
204.262
120.006
257.36
105.334
190.737
116.192
208.696
178.799
187.51
221.912
201.429
224.564
282.508
70.2339
75.436
95.9827
228.691
117.6
192.83
152.622
189.041
115.381
214.322
265.875
228.441
195.237
152.619
177.472
212.655
248.519
185.997
158.841
227.339
159.646
96.1574
228.664
111.524
57.9982
156.747
113.778
194.654
178.471
104.739
300.708
156.233
86.7002
152.554
132.699
155.561
225.056
39.1846
159.884
117.721
117.981
104.145
197.738
118.466
305.209
262.489
146.223
161.862
359.306
48.6788
297.063
111.668
135.775
153.441
123.853
159.275
164.68
160.332
74.5436
83.3709
224.608
110.904
220.056
92.5376
202.277
81.343
319.768
305.384
125.89
150.486
86.5466
270.076
114.523
57.8935
62.7149
69.5
116.856
128.316
128.713
284.697
131.228
210.379
118.298
83.9137
150.595
70.0378
137.609
165.147
296.444
100.467
218.787
183.56
41.9677
231.903
213.628
82.7385
91.5917
192.908
244.64
235.474
155.335
48.4494
210.06
197.542
110.84
216.325
112.926
111.856
57.4859
170.712
65.558
99.6238
161.332
90.3095
265.797
126.805
207.49
114.387
170.828
153.477
205.383
75.2758
214.474
117.587
149.002
163.071
170.123
143.713
200.513
185.261
258.748
115.141
217.056
121.134
183.365
84.4768
54.7375
235.696
118.983
152.152
167.342
29.4977
131.614
137.856
98.0848
131.963
241.26
107.52
63.2548
33.1383
34.6364
159.214
168.407
188.208
74.4719
179.976
212.753
122.761
111.884
196.525
211.065
139.149
44.8734
251.191
177.069
193.73
97.4757
204.641
197.111
140.753
207.807
152.688
90.2413
159.817
251.526
231.399
104.182
125.648
101.565
136.826
184.041
118.564
332.048
302.653
214.846
145.019
144.345
115.503
121.143
128.212
68.2022
94.604
174.849
160.451
198.099
68.7703
134.67
138.355
96.2719
165.764
179.424
174.224
184.664
101.606
151.315
258.126
227.968
144.039
178.883
101.254
163.302
90.567
72.6361
108.876
110.344
128.598
171.911
95.5136
61.4602
173.05
157.726
57.2918
181.749
86.7264
98.4806
90.921
119.112
153.442
252.821
101.42
150.202
212.752
391.09
33.1356
132.745
170.62
131.894
131.113
195.242
53.1851
318.366
149.411
113.019
162.378
164.917
109.473
234.729
66.8185
189.282
150.457
62.3638
222.571
109.964
151.456
86.9686
43.0909
222.991
23.2071
82.2858
146.7
136.032
306.437
70.2348
158.841
78.4782
156.777
98.5872
179.235
119.848
106.342
221.966
138.156
359.332
204.207
98.3279
191.731
228.359
138.071
254.203
101.876
218.016
81.8247
74.1085
147.282
270.585
169.611
140.799
239.188
65.192
70.6701
39.4547
268.768
295.351
142.679
196.904
266.034
285.385
232.425
196.506
117.244
212.234
173.042
250.617
221.081
80.1511
166.515
236.629
192.377
176.096
82.1997
154.062
276.501
68.7433
151.516
93.2268
69.4495
198.993
127.835
116.218
130.749
81.9221
190.1
43.9567
119.822
157.828
106.595
131.416
129.206
120.574
159.054
194.588
242.861
72.155
234.206
68.9686
148.514
111.858
93.0286
217.784
109.612
125.859
217.093
172.009
233.852
103.337
225.27
171.19
111.166
77.3277
202.217
159.287
149.547
104.288
186.202
117.478
273.779
79.9146
190.724
73.9678
89.3051
146.09
174.934
136.952
81.0711
132.582
97.3618
169.817
185.772
111.135
159.591
157.335
6.61514
108.729
194.508
239.356
127.433
15.2288
243.725
213.285
70.1781
255.001
51.6281
177.027
151.932
103.929
155.832
120.569
311.534
168.914
73.3076
226.603
105.049
279.46
106.993
185.054
102.779
71.5421
193.24
120.074
213.683
215.502
113.857
105.765
102.826
131.358
193.899
203.784
82.9659
204.245
159.601
175.784
93.0404
104.777
48.0968
114.03
187.555
119.52
94.9242
88.9864
144.857
51.5278
149.719
213.571
133.561
223.056
188.176
153.448
73.1644
160.082
197.933
111.739
98.4739
122.973
146.122
159.441
232.082
103.54
183.253
142.536
207.984
98.8693
139.021
94.5904
134.131
77.6837
192.058
181.978
93.2256
136.42
123.661
301.114
213.163
196.758
98.3681
194.924
57.646
140.516
129.621
194.858
180.401
189.099
218.228
145.264
188.861
305.24
91.2159
100.342
75.289
136.678
204.407
76.0807
81.3517
226.969
178.323
44.1409
108.866
113.1
270.29
149.243
120.372
136.424
77.3691
199.082
74.1873
117.017
114.283
183.356
216.872
213.026
245.678
152.861
124.073
125.355
113.794
171.371
206.06
141.068
117.447
212.861
83.6096
169.783
77.1746
132.336
155.264
64.4988
181.405
190.176
221.532
89.496
95.41
159.402
221.504
234.519
162.534
208.076
124.564
263.272
118.488
181.915
107.393
50.8991
159.011
87.3705
213.883
105.72
38.5945
212.792
199.543
123.234
70.2586
222.657
172.234
197.82
40.7283
154.502
163.828
224.628
169.17
281.543
120.245
223.859
133.471
200.18
247.589
172.977
229.322
158.146
158.764
184.251
157.849
227.188
151.105
63.3743
45.4685
166.461
106.539
146.716
225.515
165.051
45.2101
123.087
174.272
137.22
244.824
156.271
202.846
199.496
193.345
261.322
197.523
180.719
75.6759
252.989
97.788
85.5884
202.222
158.449
257.789
201.645
233.457
116.293
122.208
74.1785
188.078
207.86
400.336
161.412
264.721
190.144
295.155
220.21
93.9628
110.426
148.497
118.057
135.331
142.037
160.942
73.4037
63.5404
54.4778
204.794
144.907
269.853
290.435
102.789
300.457
55.3367
169.055
120.593
176.007
100.097
98.9045
90.7896
125.158
285.048
225.656
111.975
81.2551
74.5065
149.719
151.54
191.132
185.591
237.349
68.4873
52.6263
206.99
165.312
78.2854
156.113
165.374
76.8229
54.2479
124.265
194.432
115.307
261.402
149.966
247.252
46.4833
125.387
123.524
138.738
71.473
248.994
91.6317
184.968
79.3592
116.546
148.71
185.067
122.423
290.014
163.137
169.276
183.608
177.156
69.121
227.971
179.108
205.548
96.3364
113.969
210.665
82.1547
174.978
149.015
41.3468
75.2034
112.543
146.071
42.8546
113.278
240.968
162.36
97.2675
99.9601
228.762
143.451
109.822
194.21
216.011
139.498
243.415
223.299
188.469
89.2571
99.103
194.587
138.458
200.273
153.581
137.387
114.534
201.68
179.092
80.4375
130.383
38.1248
162.938
116.192
83.9745
129.04
53.9909
40.8366
81.389
223.397
86.458
121.613
172.03
270.305
346.864
198.791
143.928
134.101
236.313
161.383
117.763
182.662
144.839
131.596
138.577
192.86
53.592
130.074
111.55
71.406
46.8765
164.601
226.493
81.1452
259.631
166.215
229.002
238.022
137.304
91.0242
230.437
170.517
304.955
164.506
219.972
131.55
171.23
134.596
220.119
180.287
110.651
31.0791
82.6371
110.842
207.209
323.397
246.332
178.851
148.406
169.386
239.054
48.4517
190.571
163.642
60.0985
135.672
201.271
133.815
216.425
207.846
134.805
121.208
74.5863
194.43
116.951
147.983
286.864
126.012
214.651
118.305
67.4306
156.547
57.6268
173.862
140.827
90.4955
37.4984
190.762
127.079
150.442
75.8051
99.445
138.857
197.242
195.701
210.538
237.365
185.286
199.207
38.4307
141.99
175.116
233.051
24.6967
141.295
172.95
207.303
156.068
109.082
170.34
211.819
114.08
119.052
119.552
121.177
211.083
117.88
62.4585
216.327
133.325
157.162
202.474
179.87
161.846
154.436
154.712
195.293
73.8939
272.528
210.466
50.1323
117.323
122.981
285.093
94.115
92.8458
250.142
217.498
387.725
136.678
254.529
207.717
74.2484
193.24
141.681
248.332
235.161
93.3422
187.901
160.233
149.992
25.2788
114.219
293.257
213.975
263.181
97.6683
54.7791
237.979
100.259
179.335
290.256
129.252
152.263
108.257
164.405
69.1234
111.02
114.921
205.951
218.908
152.013
185.498
112.851
329.876
68.0369
64.1584
176.186
117.311
160.202
78.8229
96.2965
59.8403
208.207
131.048
77.6308
140.502
243.674
149.089
215.667
178.617
89.2248
221.187
86.3842
199.597
40.7047
201.611
90.7199
123.067
142.35
53.9448
79.2036
151.394
173.356
204.884
234.141
97.0286
18.6534
217.245
257.355
155.703
106.125
214.605
81.126
145.204
109.882
81.5135
206.801
198.19
200.498
172.761
167.981
143.083
128.093
153.715
238.236
115.956
309.487
137.662
142.831
165.056
38.9298
125.88
80.1594
286.672
154.242
130.726
234.888
188.312
259.808
89.4588
69.2599
228.971
219.114
254.054
184.926
214.782
191.62
272.994
84.2619
182.077
162.075
159.816
256.473
82.8613
230.119
252.369
184.893
278.067
96.966
139.217
102.256
224.617
69.3403
199.741
156.6
81.2637
71.4779
124.444
167.392
162.749
127.771
122.76
246.663
103.46
115.707
207.887
141.044
133.847
160.77
96.9667
130.264
206.822
125.132
59.1073
132.403
139.924
75.2302
148.067
139.236
179.671
146.702
288.069
228.712
145.538
85.9053
113.113
162.466
133.043
176.833
174.712
104.431
207.241
237.496
119.535
106.474
157.117
125.446
216.38
175.62
176.362
122.119
102.093
74.4352
151.002
163.931
78.0957
148.614
183.342
186.157
149.177
138.082
91.19
195.091
97.4815
202.042
75.5292
242.876
70.8771
116.96
189.051
98.5845
207.884
83.6319
307.657
49.2888
176.109
142.109
117.591
121.53
165.836
193.508
70.3703
176.405
290.232
183.001
238.218
131
62.9417
170.163
197.582
158.134
180.703
85.0094
84.4839
313.352
210.227
198.223
163.092
94.407
128.705
111.037
205.57
103.405
174.616
231.153
70.4388
199.875
122.311
223.516
190.96
209.674
230.933
166.769
139.287
173.429
143.165
116.734
102.177
150.041
129.732
144.484
149.384
192.859
200.41
182.256
162.532
131.384
123.312
207.08
61.68
98.161
212.359
103.361
196.157
118.661
191.56
61.542
149.66
227.83
83.2546
75.9344
148.061
298.441
154.897
210.118
176.012
258.181
167.69
166.441
126.741
91.5404
183.375
130.095
157.999
127.861
209.084
128.15
63.5268
131.283
210.286
183.574
93.6389
207.367
220.639
264.818
107.293
89.994
154.113
75.4871
217.024
105.737
144.558
63.318
226.785
105.222
124.669
135.363
189.764
131.018
100.301
180.639
105.579
133.123
45.7108
76.1522
83.4438
92.6002
199.566
109.172
196.842
235.293
193.122
190.834
114.749
115.404
165.288
90.7152
108.271
193.999
233.84
190.008
221.893
175.816
61.0902
163.272
221.629
126.935
178.01
110.763
210.78
237.31
121.66
126.872
155.92
100.986
84.4892
225.605
121.436
179.075
218.243
22.8449
118.271
92.3219
102.031
86.8095
157.902
56.0592
146.862
129.667
165.241
102.574
197.181
195.808
165.458
167.253
148.843
106.05
111.856
132.825
206.862
177.434
112.532
210.549
189.829
158.281
122.688
122.372
126.533
52.2548
122.17
90.6745
161.044
157.663
144.379
58.7898
141.922
106.082
206.42
158.499
82.5919
100.043
76.1857
149.15
171.076
123.971
212.936
97.4413
168.882
159.303
88.8219
156.867
152.542
69.8804
98.9986
193.217
235.093
205.223
276.558
97.7322
82.5055
170.643
199.913
144.813
194.482
187.331
178.154
158.464
141.462
51.2895
91.2043
127.014
75.3708
73.4022
111.117
176.43
174.782
140.497
107.084
230.365
98.2379
79.3352
273.11
254.622
161.71
148.293
141.702
126.896
265.887
92.4611
94.6063
141.786
170.644
299.465
292.215
147.589
101.774
91.855
168.832
196.884
192.753
110.242
248.284
153.497
242.049
88.7314
139.696
24.7691
139.245
131.152
60.5765
83.8384
244.949
171.548
214.899
277.383
127.725
73.4486
44.9686
82.2137
48.1788
165.593
181.79
137.993
50.9853
85.1375
166.995
47.4489
136.92
261.953
173.201
212.854
320.63
139.411
162.111
160.905
237.829
203.443
133.61
181.498
106.154
174.773
194.519
68.3117
69.0292
236.965
167.216
107.544
286.975
73.6192
163.684
41.6881
174.36
74.2962
157.637
107.303
98.9845
205.349
77.337
67.0639
172.985
95.7224
137.619
162.653
104.307
138.364
157.191
242.439
284.362
154.967
58.1728
117.547
110.208
321.477
164.881
173.01
135.772
202.881
79.8204
233.991
147.177
131.901
167.175
194.74
127.738
136.253
96.8649
117.379
77.3198
92.5951
148.63
212.757
134.485
58.0424
179.068
101.596
119.321
129.226
233.399
84.9792
148.211
228.981
90.0081
254.691
109.766
100.916
152.449
143.161
172.609
145.212
232.59
105.322
294.557
119.031
154.589
165.407
188.777
111.117
250.954
77.9003
145.003
144.677
260.523
201.239
84.1076
193.921
315.371
141.711
90.6428
178.897
199.727
211.802
214.07
75.1509
131.248
137.543
159.045
159.586
125.223
162.91
114.969
88.8309
128.737
105.346
186.063
290.191
115.209
92.698
148.48
91.8244
163.024
68.1627
232.491
275.887
220.485
217.621
134.849
201.04
75.8993
83.9033
167.349
209.012
44.2987
132.635
231.553
107.192
246.046
52.4273
289.274
179.793
166.5
92.3666
184.341
327.342
148.517
129.455
115.577
98.3621
81.5328
124.612
90.7399
176.508
175.737
118.753
104.247
134.187
149.897
152.022
93.46
121.736
166.725
134.352
59.6371
53.8199
56.1993
129.18
189.063
173.024
64.8362
42.8633
131.628
106.966
137.596
62.1215
186.184
149.618
133.389
131.203
71.6159
106.445
165.488
150.46
141.595
203.077
158.939
79.5993
206.865
205.432
82.6163
109.506
96.1587
286.645
70.5216
155.467
233.287
82.7298
140.614
159.408
238.198
211.836
194.603
119.342
185.992
122.012
140.278
174.125
96.5072
115.364
231.594
83.7778
27.8941
210.191
86.0062
96.0301
120.599
164.414
128.939
97.813
203.346
126.333
353.918
292.444
80.2766
62.8094
125.627
185.574
145.503
76.0237
126.236
249.803
149.994
110.824
153.368
105.358
140.986
287.953
42.9422
95.8415
187.362
131.512
131.017
182.983
304.674
95.3519
176.421
54.9812
45.8374
30.3045
177.38
159.747
170.129
106.536
192.729
129.378
81.3673
87.693
54.0066
193.34
177.86
190.015
111.355
145.649
174.786
194.087
133.318
235.916
102.062
151.812
211.134
178.459
136.271
305.933
110.423
158.437
62.5577
182.585
113.998
23.3284
158.961
150.401
185.108
174.558
99.4622
224.304
96.5027
209.062
55.6885
52.0156
154.74
96.4502
203.286
66.8737
182.482
170.493
215.514
196.952
182.497
75.7527
154.437
78.8593
142.773
174.892
123.782
24.7854
101.374
102.127
137.357
188.391
143.112
133.894
170.907
200.524
156.308
310.984
237.785
113.792
199.503
125.423
201.529
146.265
57.2212
117.825
199.823
119.431
152.141
199.44
139.846
125.637
213.724
246.095
139.378
50.0632
179.679
92.9766
62.8568
76.4294
106.736
171.882
141.724
51.1999
249.788
100.381
158.328
134.206
170.656
181.569
61.1371
120.508
120.035
57.1235
170.792
145.368
162.296
107.641
107.66
79.651
66.8738
214.707
193.05
170.791
95.4559
172.807
123.406
238.279
97.724
63.4228
160.082
69.2417
187.157
83.8905
186.724
149.135
108.304
227.237
146.649
200.979
255.926
144.391
112.673
124.493
95.4536
192.701
141.116
112.547
172.893
146.468
109.992
128.181
106.522
170.985
200.532
110.344
207.136
140.033
107.854
50.3912
47.2832
54.6747
148.942
124.069
223.985
111.302
232.632
218.628
146.471
242.381
89.1336
173.976
125.367
227.794
100.38
242.298
166.632
78.8486
170.598
107.406
191.658
212.409
231.869
132.655
96.2892
139.304
230.892
126.279
172.747
167.04
122.65
65.1317
134.02
127.279
119.119
117.305
188.02
47.0172
130.968
201.678
53.8667
151.901
181.178
113.35
51.2143
107.318
69.9254
48.4546
128.93
198.885
304.696
232.328
229.548
156.217
248.636
119.772
156.651
114.283
149.156
130.825
185.193
68.0879
191.798
104.287
225.455
97.3156
245.332
66.4609
202.4
169.244
137.51
141.822
182.136
217.753
180.22
151.266
161.635
205.545
110.137
133.961
104.551
131.708
175.018
69.5867
230.173
172.501
197.192
152.926
90.11
176.81
160.681
147.252
299.042
104.681
239.431
141.021
171.002
140.652
50.5415
137.601
170.488
101.611
199.833
182.523
220.939
200.17
148.11
177.057
127.548
101.959
85.9609
290.448
112.962
100.38
156.883
212.245
154.949
186.197
16.3111
327.555
252.178
308.308
110.955
218.616
67.7953
119.508
203.993
129.571
75.5939
73.2135
120.375
261.703
184.429
69.4389
112.928
188.158
118.672
134.801
79.7661
75.4076
130.103
119.209
115.773
84.2682
135.145
194.98
146.647
150.453
265.033
47.3151
79.4993
170.525
210.93
63.7149
249.076
150.375
141.876
176.729
139.571
154.278
76.3146
252.688
84.446
217.322
116.076
183.191
128.629
125.468
210.152
295.833
117.204
117.556
96.3337
74.8006
153.766
151.869
180.342
243.716
144.482
85.9882
238.993
167.646
146.705
188.025
112.095
174.446
236.708
249.145
229.472
106.999
118.432
173.904
229.296
60.8728
121.979
230.369
137.808
64.9863
256.173
146.217
62.3623
245.872
94.8492
62.2225
232.988
155.407
44.1187
112.532
166.048
99.342
55.8196
105.111
87.6209
200.037
126.73
193.247
149.508
125.545
148.71
61.9787
204.055
125.589
63.8088
108.712
245.686
99.0885
60.5549
129.356
130.177
169.546
206.981
98.1662
147.913
195.386
105.464
160.725
93.4503
173.583
202.041
173.716
102.036
212.849
266.24
156.03
139.786
128.862
169.519
129.059
158.625
197.272
197.134
172.273
92.2989
88.7706
203.909
72.4753
165.42
85.1473
224.593
237.359
200.147
254.937
136.172
250.834
73.5964
175.802
130.667
188.474
112.322
151.84
161.614
205.802
232.764
174.184
123.488
197.239
81.7078
85.0822
154.677
41.3091
249.046
161.03
183.901
185.574
123.689
104.921
179.858
209.636
217.755
62.4189
123.779
142.905
182.018
132.45
147.483
168.447
83.3417
266.689
171.061
104.534
103.125
114.232
130.247
26.426
131.337
114.177
155.895
116.004
230.434
120.442
147.411
136.388
91.5341
138.437
118.09
161.197
191.809
152.446
123.349
106.309
116.541
194.079
76.668
90.4905
139.915
138.693
107.896
184.024
120.812
77.6063
324.515
228.847
130.649
213.119
183.044
62.2761
254.325
88.6069
105.716
152.65
248.168
106.527
67.02
122.366
166.443
135.49
169.611
192.893
80.6426
123.066
96.1089
161.978
224.176
236.753
74.2711
148.551
57.5159
109.728
122.513
180.255
110.768
164.069
142.636
228.481
86.3404
206.525
105.906
151.983
73.8735
98.4969
109.346
99.8783
122.895
58.1795
173.893
69.3933
163.105
168.32
121.86
186.641
269.08
216.001
145.713
144.927
102.669
154.38
192.478
117.219
163.424
178.09
108.389
182.525
280.793
253.121
93.889
239.106
263.592
34.1539
85.1321
174.103
260.199
157.215
208.522
115.937
69.6491
93.2933
170.381
211.853
256.946
200.335
56.3479
125.31
252.555
147.359
259.277
102.106
241.451
81.5712
270.938
329.566
93.9679
302.667
321.53
233.791
161.323
126.745
120.793
193.811
207.892
154.684
176.657
154.889
197.179
215.091
329.143
125.718
77.7389
97.0019
300.175
85.183
139.788
190.977
54.6119
121.321
172.312
230.368
206.731
205.187
163.125
154.841
49.7085
121.578
195.258
199.819
108.487
244.451
167.934
92.7762
167.411
129.149
92.0124
126.09
234.679
120.848
123.676
27.995
183.707
83.3878
158.794
160.857
88.1387
202.172
78.9666
58.3158
91.2052
218.776
170.823
292.305
159.051
203.562
232.767
101.657
141.278
188.919
86.6805
138.037
123.94
175.84
73.7564
187.862
92.5584
88.6251
153.168
156.259
20.7789
71.8445
195.555
84.3921
173.843
222.061
91.9568
131.692
168.014
153.785
230.207
137.024
138.704
197.886
80.2936
104.044
158.801
132.776
133.439
141.987
107.261
251.562
193.005
69.0803
342.39
214.245
145.647
156.021
197.135
112.839
133.692
144.225
202.819
141.972
243.038
113.519
88.9979
17.4349
229.596
50.1234
166.623
135.214
118.886
162.624
212.635
219.748
184.812
142.697
253.588
168.931
118.63
219.674
116.723
218.933
146.936
110.127
118.742
95.0535
159.637
211.921
101.372
170.363
70.6609
197.657
107.375
124.029
70.3645
147.035
77.008
48.2529
222.924
156.43
189.138
49.3666
253.187
124.051
167.405
150.715
127.51
53.887
152.545
86.6679
119.411
223.403
168.774
130.14
144.16
121.926
170.085
53.6294
139.078
145.151
122.301
79.2162
125.559
200.93
60.298
221.018
150.879
100.162
198.273
115.087
39.0141
263.836
140.379
238.35
167.326
79.4376
51.6168
72.2529
172.725
183.964
191.277
132.346
165.069
136.493
46.2916
127.631
235.756
273.918
206.597
110.554
163.023
65.7642
163.787
146.189
170.854
110.514
258.377
213.548
135.047
197.724
122.025
144.474
82.2154
96.0741
142.307
162.393
88.5711
125.478
93.7775
166.155
144.846
153.76
52.7612
54.0441
176.079
202.867
248.328
94.3136
196.456
168.171
137.472
112.012
148.566
45.2362
306.336
184.354
141.984
57.4931
161.042
203.987
75.3203
135.083
57.6945
171.799
98.1299
188.203
145.978
148.141
139.661
272.348
82.8039
77.0528
158.982
