0 0
1.73205 0.987738
3.4641 1.95095
5.19615 2.88964
6.9282 3.8038
8.66025 4.69344
10.3923 5.55855
12.1244 6.39914
13.8564 7.2152
15.5885 8.00674
17.3205 8.77375
19.0526 9.51624
20.7846 10.2342
22.5167 10.9276
24.2487 11.5966
25.9808 12.2409
27.7128 12.8608
29.4449 13.4561
31.1769 14.027
32.909 14.5732
34.641 15.095
36.3731 15.5922
38.1051 16.065
39.8372 16.5131
41.5692 16.9368
43.3013 17.3359
45.0333 17.7106
46.7654 18.0606
48.4974 18.3862
50.2295 18.6872
51.9615 18.9638
53.6936 19.2157
55.4256 19.4432
57.1577 19.6461
58.8897 19.8246
60.6218 19.9784
62.3538 20.1078
64.0859 20.2126
65.8179 20.293
67.55 20.3487
69.282 20.38
71.0141 20.3867
72.7461 20.369
74.4782 20.3266
76.2102 20.2598
77.9423 20.1684
79.6743 20.0526
81.4064 19.9121
83.1384 19.7472
84.8705 19.5577
86.6025 19.3438
88.3346 19.1052
90.0666 18.8422
91.7987 18.5546
93.5307 18.2426
95.2628 17.9059
96.9948 17.5448
98.7269 17.1591
100.459 16.749
102.191 16.3142
103.923 15.855
105.655 15.3712
107.387 14.863
109.119 14.3301
110.851 13.7728
112.583 13.1909
114.315 12.5846
116.047 11.9536
117.779 11.2982
119.512 10.6182
121.244 9.91375
122.976 9.18474
124.708 8.4312
126.44 7.65314
128.172 6.85055
129.904 6.02344
131.636 5.1718
133.368 4.29564
135.1 3.39495
136.832 2.46974
138.564 1.52
140.296 0.545738
142.028 -0.45305
