0 0
0.001 0.0282794
0.002 0.0565489
0.003 0.0848087
0.004 0.113059
0.005 0.141299
0.006 0.169529
0.007 0.19775
0.008 0.22596
0.009 0.254161
0.01 0.282352
0.011 0.310533
0.012 0.338705
0.013 0.366867
0.014 0.395018
0.015 0.42316
0.016 0.451293
0.017 0.479415
0.018 0.507528
0.019 0.53563
0.02 0.563723
0.021 0.591807
0.022 0.61988
0.023 0.647943
0.024 0.675997
0.025 0.704041
0.026 0.732075
0.027 0.7601
0.028 0.788114
0.029 0.816119
0.03 0.844114
0.031 0.872099
0.032 0.900074
0.033 0.928039
0.034 0.955995
0.035 0.983941
0.036 1.01188
0.037 1.0398
0.038 1.06772
0.039 1.09563
0.04 1.12352
0.041 1.15141
0.042 1.17929
0.043 1.20715
0.044 1.23501
0.045 1.26286
0.046 1.2907
0.047 1.31853
0.048 1.34634
0.049 1.37415
0.05 1.40195
0.051 1.42974
0.052 1.45752
0.053 1.48529
0.054 1.51305
0.055 1.5408
0.056 1.56854
0.057 1.59627
0.058 1.62399
0.059 1.6517
0.06 1.6794
0.061 1.70709
0.062 1.73477
0.063 1.76244
0.064 1.7901
0.065 1.81775
0.066 1.8454
0.067 1.87303
0.068 1.90065
0.069 1.92826
0.07 1.95586
0.071 1.98346
0.072 2.01104
0.073 2.03861
0.074 2.06618
0.075 2.09373
0.076 2.12127
0.077 2.14881
0.078 2.17633
0.079 2.20385
0.08 2.23135
0.081 2.25884
0.082 2.28633
0.083 2.3138
0.084 2.34127
0.085 2.36872
0.086 2.39617
0.087 2.42361
0.088 2.45103
0.089 2.47845
0.09 2.50585
0.091 2.53325
0.092 2.56064
0.093 2.58801
0.094 2.61538
0.095 2.64274
0.096 2.67009
0.097 2.69742
0.098 2.72475
0.099 2.75207
0.1 2.77938
0.101 2.80668
0.102 2.83396
0.103 2.86124
0.104 2.88851
0.105 2.91577
0.106 2.94302
0.107 2.97026
0.108 2.99749
0.109 3.02471
0.11 3.05192
0.111 3.07912
0.112 3.10631
0.113 3.13349
0.114 3.16066
0.115 3.18782
0.116 3.21497
0.117 3.24212
0.118 3.26925
0.119 3.29637
0.12 3.32348
0.121 3.35058
0.122 3.37768
0.123 3.40476
0.124 3.43183
0.125 3.45889
0.126 3.48595
0.127 3.51299
0.128 3.54002
0.129 3.56705
0.13 3.59406
0.131 3.62106
0.132 3.64806
0.133 3.67504
0.134 3.70202
0.135 3.72898
0.136 3.75594
0.137 3.78288
0.138 3.80982
0.139 3.83674
0.14 3.86366
0.141 3.89057
0.142 3.91746
0.143 3.94435
0.144 3.97122
0.145 3.99809
0.146 4.02495
0.147 4.0518
0.148 4.07863
0.149 4.10546
0.15 4.13228
0.151 4.15909
0.152 4.18588
0.153 4.21267
0.154 4.23945
0.155 4.26622
0.156 4.29298
0.157 4.31973
0.158 4.34647
0.159 4.3732
0.16 4.39992
0.161 4.42663
0.162 4.45333
0.163 4.48002
0.164 4.5067
0.165 4.53337
0.166 4.56003
0.167 4.58668
0.168 4.61332
0.169 4.63995
0.17 4.66657
0.171 4.69318
0.172 4.71979
0.173 4.74638
0.174 4.77296
0.175 4.79953
0.176 4.82609
0.177 4.85265
0.178 4.87919
0.179 4.90572
0.18 4.93225
0.181 4.95876
0.182 4.98526
0.183 5.01176
0.184 5.03824
0.185 5.06472
0.186 5.09118
0.187 5.11764
0.188 5.14408
0.189 5.17052
0.19 5.19694
0.191 5.22336
0.192 5.24976
0.193 5.27616
0.194 5.30254
0.195 5.32892
0.196 5.35529
0.197 5.38164
0.198 5.40799
0.199 5.43433
0.2 5.46065
0.201 5.48697
0.202 5.51328
0.203 5.53958
0.204 5.56586
0.205 5.59214
0.206 5.61841
0.207 5.64467
0.208 5.67092
0.209 5.69716
0.21 5.72339
0.211 5.74961
0.212 5.77582
0.213 5.80201
0.214 5.8282
0.215 5.85438
0.216 5.88055
0.217 5.90672
0.218 5.93287
0.219 5.95901
0.22 5.98514
0.221 6.01126
0.222 6.03737
0.223 6.06347
0.224 6.08956
0.225 6.11565
0.226 6.14172
0.227 6.16778
0.228 6.19383
0.229 6.21988
0.23 6.24591
0.231 6.27193
0.232 6.29794
0.233 6.32395
0.234 6.34994
0.235 6.37593
0.236 6.4019
0.237 6.42786
0.238 6.45382
0.239 6.47976
0.24 6.5057
0.241 6.53162
0.242 6.55754
0.243 6.58344
0.244 6.60934
0.245 6.63522
0.246 6.6611
0.247 6.68697
0.248 6.71282
0.249 6.73867
0.25 6.76451
0.251 6.79033
0.252 6.81615
0.253 6.84196
0.254 6.86775
0.255 6.89354
0.256 6.91932
0.257 6.94509
0.258 6.97085
0.259 6.99659
0.26 7.02233
0.261 7.04806
0.262 7.07378
0.263 7.09949
0.264 7.12519
0.265 7.15088
0.266 7.17656
0.267 7.20223
0.268 7.22789
0.269 7.25354
0.27 7.27918
0.271 7.30481
0.272 7.33043
0.273 7.35604
0.274 7.38164
0.275 7.40723
0.276 7.43282
0.277 7.45839
0.278 7.48395
0.279 7.5095
0.28 7.53504
0.281 7.56058
0.282 7.5861
0.283 7.61161
0.284 7.63712
0.285 7.66261
0.286 7.68809
0.287 7.71357
0.288 7.73903
0.289 7.76448
0.29 7.78993
0.291 7.81536
0.292 7.84079
0.293 7.8662
0.294 7.89161
0.295 7.917
0.296 7.94239
0.297 7.96776
0.298 7.99313
0.299 8.01849
0.3 8.04383
0.301 8.06917
0.302 8.09449
0.303 8.11981
0.304 8.14512
0.305 8.17042
0.306 8.1957
0.307 8.22098
0.308 8.24625
0.309 8.27151
0.31 8.29675
0.311 8.32199
0.312 8.34722
0.313 8.37244
0.314 8.39765
0.315 8.42285
0.316 8.44804
0.317 8.47322
0.318 8.49839
0.319 8.52354
0.32 8.54869
0.321 8.57383
0.322 8.59897
0.323 8.62409
0.324 8.6492
0.325 8.6743
0.326 8.69939
0.327 8.72447
0.328 8.74954
0.329 8.7746
0.33 8.79966
0.331 8.8247
0.332 8.84973
0.333 8.87475
0.334 8.89976
0.335 8.92477
0.336 8.94976
0.337 8.97474
0.338 8.99972
0.339 9.02468
0.34 9.04963
0.341 9.07458
0.342 9.09951
0.343 9.12444
0.344 9.14935
0.345 9.17426
0.346 9.19915
0.347 9.22404
0.348 9.24891
0.349 9.27378
0.35 9.29863
0.351 9.32348
0.352 9.34831
0.353 9.37314
0.354 9.39796
0.355 9.42276
0.356 9.44756
0.357 9.47235
0.358 9.49712
0.359 9.52189
0.36 9.54665
0.361 9.5714
0.362 9.59614
0.363 9.62086
0.364 9.64558
0.365 9.67029
0.366 9.69499
0.367 9.71968
0.368 9.74436
0.369 9.76903
0.37 9.79369
0.371 9.81834
0.372 9.84298
0.373 9.86761
0.374 9.89223
0.375 9.91684
0.376 9.94144
0.377 9.96603
0.378 9.99061
0.379 10.0152
0.38 10.0397
0.381 10.0643
0.382 10.0888
0.383 10.1134
0.384 10.1379
0.385 10.1624
0.386 10.1869
0.387 10.2114
0.388 10.2359
0.389 10.2604
0.39 10.2848
0.391 10.3093
0.392 10.3337
0.393 10.3581
0.394 10.3826
0.395 10.407
0.396 10.4314
0.397 10.4558
0.398 10.4802
0.399 10.5045
0.4 10.5289
0.401 10.5533
0.402 10.5776
0.403 10.6019
0.404 10.6263
0.405 10.6506
0.406 10.6749
0.407 10.6992
0.408 10.7235
0.409 10.7478
0.41 10.772
0.411 10.7963
0.412 10.8205
0.413 10.8448
0.414 10.869
0.415 10.8932
0.416 10.9174
0.417 10.9416
0.418 10.9658
0.419 10.99
0.42 11.0142
0.421 11.0383
0.422 11.0625
0.423 11.0866
0.424 11.1107
0.425 11.1348
0.426 11.159
0.427 11.1831
0.428 11.2072
0.429 11.2312
0.43 11.2553
0.431 11.2794
0.432 11.3034
0.433 11.3275
0.434 11.3515
0.435 11.3755
0.436 11.3995
0.437 11.4235
0.438 11.4475
0.439 11.4715
0.44 11.4955
0.441 11.5194
0.442 11.5434
0.443 11.5673
0.444 11.5913
0.445 11.6152
0.446 11.6391
0.447 11.663
0.448 11.6869
0.449 11.7108
0.45 11.7347
0.451 11.7585
0.452 11.7824
0.453 11.8062
0.454 11.8301
0.455 11.8539
0.456 11.8777
0.457 11.9015
0.458 11.9253
0.459 11.9491
0.46 11.9729
0.461 11.9966
0.462 12.0204
0.463 12.0441
0.464 12.0679
0.465 12.0916
0.466 12.1153
0.467 12.139
0.468 12.1627
0.469 12.1864
0.47 12.2101
0.471 12.2338
0.472 12.2574
0.473 12.2811
0.474 12.3047
0.475 12.3283
0.476 12.352
0.477 12.3756
0.478 12.3992
0.479 12.4228
0.48 12.4463
0.481 12.4699
0.482 12.4935
0.483 12.517
0.484 12.5406
0.485 12.5641
0.486 12.5876
0.487 12.6111
0.488 12.6346
0.489 12.6581
0.49 12.6816
0.491 12.7051
0.492 12.7285
0.493 12.752
0.494 12.7754
0.495 12.7989
0.496 12.8223
0.497 12.8457
0.498 12.8691
0.499 12.8925
0.5 12.9159
0.501 12.9393
0.502 12.9626
0.503 12.986
0.504 13.0093
0.505 13.0327
0.506 13.056
0.507 13.0793
0.508 13.1026
0.509 13.1259
0.51 13.1492
0.511 13.1725
0.512 13.1957
0.513 13.219
0.514 13.2422
0.515 13.2655
0.516 13.2887
0.517 13.3119
0.518 13.3351
0.519 13.3583
0.52 13.3815
0.521 13.4047
0.522 13.4279
0.523 13.451
0.524 13.4742
0.525 13.4973
0.526 13.5204
0.527 13.5436
0.528 13.5667
0.529 13.5898
0.53 13.6128
0.531 13.6359
0.532 13.659
0.533 13.6821
0.534 13.7051
0.535 13.7282
0.536 13.7512
0.537 13.7742
0.538 13.7972
0.539 13.8202
0.54 13.8432
0.541 13.8662
0.542 13.8892
0.543 13.9121
0.544 13.9351
0.545 13.958
0.546 13.981
0.547 14.0039
0.548 14.0268
0.549 14.0497
0.55 14.0726
0.551 14.0955
0.552 14.1183
0.553 14.1412
0.554 14.1641
0.555 14.1869
0.556 14.2097
0.557 14.2326
0.558 14.2554
0.559 14.2782
0.56 14.301
0.561 14.3238
0.562 14.3465
0.563 14.3693
0.564 14.3921
0.565 14.4148
0.566 14.4376
0.567 14.4603
0.568 14.483
0.569 14.5057
0.57 14.5284
0.571 14.5511
0.572 14.5738
0.573 14.5964
0.574 14.6191
0.575 14.6417
0.576 14.6644
0.577 14.687
0.578 14.7096
0.579 14.7322
0.58 14.7548
0.581 14.7774
0.582 14.8
0.583 14.8226
0.584 14.8451
0.585 14.8677
0.586 14.8902
0.587 14.9128
0.588 14.9353
0.589 14.9578
0.59 14.9803
0.591 15.0028
0.592 15.0253
0.593 15.0477
0.594 15.0702
0.595 15.0926
0.596 15.1151
0.597 15.1375
0.598 15.1599
0.599 15.1824
0.6 15.2048
0.601 15.2272
0.602 15.2495
0.603 15.2719
0.604 15.2943
0.605 15.3166
0.606 15.339
0.607 15.3613
0.608 15.3836
0.609 15.4059
0.61 15.4283
0.611 15.4506
0.612 15.4728
0.613 15.4951
0.614 15.5174
0.615 15.5396
0.616 15.5619
0.617 15.5841
0.618 15.6063
0.619 15.6286
0.62 15.6508
0.621 15.673
0.622 15.6952
0.623 15.7173
0.624 15.7395
0.625 15.7617
0.626 15.7838
0.627 15.8059
0.628 15.8281
0.629 15.8502
0.63 15.8723
0.631 15.8944
0.632 15.9165
0.633 15.9386
0.634 15.9606
0.635 15.9827
0.636 16.0047
0.637 16.0268
0.638 16.0488
0.639 16.0708
0.64 16.0928
0.641 16.1148
0.642 16.1368
0.643 16.1588
0.644 16.1808
0.645 16.2028
0.646 16.2247
0.647 16.2466
0.648 16.2686
0.649 16.2905
0.65 16.3124
0.651 16.3343
0.652 16.3562
0.653 16.3781
0.654 16.4
0.655 16.4218
0.656 16.4437
0.657 16.4655
0.658 16.4874
0.659 16.5092
0.66 16.531
0.661 16.5528
0.662 16.5746
0.663 16.5964
0.664 16.6182
0.665 16.6399
0.666 16.6617
0.667 16.6834
0.668 16.7052
0.669 16.7269
0.67 16.7486
0.671 16.7703
0.672 16.792
0.673 16.8137
0.674 16.8354
0.675 16.857
0.676 16.8787
0.677 16.9003
0.678 16.922
0.679 16.9436
0.68 16.9652
0.681 16.9868
0.682 17.0084
0.683 17.03
0.684 17.0516
0.685 17.0732
0.686 17.0947
0.687 17.1163
0.688 17.1378
0.689 17.1594
0.69 17.1809
0.691 17.2024
0.692 17.2239
0.693 17.2454
0.694 17.2669
0.695 17.2883
0.696 17.3098
0.697 17.3312
0.698 17.3527
0.699 17.3741
0.7 17.3955
0.701 17.417
0.702 17.4384
0.703 17.4597
0.704 17.4811
0.705 17.5025
0.706 17.5239
0.707 17.5452
0.708 17.5666
0.709 17.5879
0.71 17.6092
0.711 17.6305
0.712 17.6518
0.713 17.6731
0.714 17.6944
0.715 17.7157
0.716 17.737
0.717 17.7582
0.718 17.7795
0.719 17.8007
0.72 17.8219
0.721 17.8431
0.722 17.8643
0.723 17.8855
0.724 17.9067
0.725 17.9279
0.726 17.9491
0.727 17.9702
0.728 17.9914
0.729 18.0125
0.73 18.0336
0.731 18.0548
0.732 18.0759
0.733 18.097
0.734 18.1181
0.735 18.1391
0.736 18.1602
0.737 18.1813
0.738 18.2023
0.739 18.2234
0.74 18.2444
0.741 18.2654
0.742 18.2864
0.743 18.3074
0.744 18.3284
0.745 18.3494
0.746 18.3704
0.747 18.3913
0.748 18.4123
0.749 18.4332
0.75 18.4541
0.751 18.4751
0.752 18.496
0.753 18.5169
0.754 18.5378
0.755 18.5587
0.756 18.5795
0.757 18.6004
0.758 18.6212
0.759 18.6421
0.76 18.6629
0.761 18.6837
0.762 18.7046
0.763 18.7254
0.764 18.7462
0.765 18.7669
0.766 18.7877
0.767 18.8085
0.768 18.8292
0.769 18.85
0.77 18.8707
0.771 18.8914
0.772 18.9122
0.773 18.9329
0.774 18.9536
0.775 18.9742
0.776 18.9949
0.777 19.0156
0.778 19.0362
0.779 19.0569
0.78 19.0775
0.781 19.0982
0.782 19.1188
0.783 19.1394
0.784 19.16
0.785 19.1806
0.786 19.2011
0.787 19.2217
0.788 19.2423
0.789 19.2628
0.79 19.2834
0.791 19.3039
0.792 19.3244
0.793 19.3449
0.794 19.3654
0.795 19.3859
0.796 19.4064
0.797 19.4269
0.798 19.4473
0.799 19.4678
0.8 19.4882
0.801 19.5086
0.802 19.5291
0.803 19.5495
0.804 19.5699
0.805 19.5903
0.806 19.6107
0.807 19.631
0.808 19.6514
0.809 19.6717
0.81 19.6921
0.811 19.7124
0.812 19.7327
0.813 19.7531
0.814 19.7734
0.815 19.7937
0.816 19.8139
0.817 19.8342
0.818 19.8545
0.819 19.8747
0.82 19.895
0.821 19.9152
0.822 19.9354
0.823 19.9557
0.824 19.9759
0.825 19.9961
0.826 20.0162
0.827 20.0364
0.828 20.0566
0.829 20.0767
0.83 20.0969
0.831 20.117
0.832 20.1372
0.833 20.1573
0.834 20.1774
0.835 20.1975
0.836 20.2176
0.837 20.2376
0.838 20.2577
0.839 20.2778
0.84 20.2978
0.841 20.3179
0.842 20.3379
0.843 20.3579
0.844 20.3779
0.845 20.3979
0.846 20.4179
0.847 20.4379
0.848 20.4579
0.849 20.4778
0.85 20.4978
0.851 20.5177
0.852 20.5376
0.853 20.5576
0.854 20.5775
0.855 20.5974
0.856 20.6173
0.857 20.6371
0.858 20.657
0.859 20.6769
0.86 20.6967
0.861 20.7166
0.862 20.7364
0.863 20.7562
0.864 20.776
0.865 20.7959
0.866 20.8156
0.867 20.8354
0.868 20.8552
0.869 20.875
0.87 20.8947
0.871 20.9145
0.872 20.9342
0.873 20.9539
0.874 20.9736
0.875 20.9933
0.876 21.013
0.877 21.0327
0.878 21.0524
0.879 21.0721
0.88 21.0917
0.881 21.1114
0.882 21.131
0.883 21.1506
0.884 21.1703
0.885 21.1899
0.886 21.2095
0.887 21.229
0.888 21.2486
0.889 21.2682
0.89 21.2878
0.891 21.3073
0.892 21.3268
0.893 21.3464
0.894 21.3659
0.895 21.3854
0.896 21.4049
0.897 21.4244
0.898 21.4439
0.899 21.4633
0.9 21.4828
0.901 21.5022
0.902 21.5217
0.903 21.5411
0.904 21.5605
0.905 21.5799
0.906 21.5993
0.907 21.6187
0.908 21.6381
0.909 21.6575
0.91 21.6769
0.911 21.6962
0.912 21.7156
0.913 21.7349
0.914 21.7542
0.915 21.7735
0.916 21.7928
0.917 21.8121
0.918 21.8314
0.919 21.8507
0.92 21.8699
0.921 21.8892
0.922 21.9084
0.923 21.9277
0.924 21.9469
0.925 21.9661
0.926 21.9853
0.927 22.0045
0.928 22.0237
0.929 22.0429
0.93 22.062
0.931 22.0812
0.932 22.1003
0.933 22.1195
0.934 22.1386
0.935 22.1577
0.936 22.1768
0.937 22.1959
0.938 22.215
0.939 22.2341
0.94 22.2532
0.941 22.2722
0.942 22.2913
0.943 22.3103
0.944 22.3293
0.945 22.3483
0.946 22.3674
0.947 22.3864
0.948 22.4053
0.949 22.4243
0.95 22.4433
0.951 22.4623
0.952 22.4812
0.953 22.5001
0.954 22.5191
0.955 22.538
0.956 22.5569
0.957 22.5758
0.958 22.5947
0.959 22.6136
0.96 22.6325
0.961 22.6513
0.962 22.6702
0.963 22.689
0.964 22.7078
0.965 22.7267
0.966 22.7455
0.967 22.7643
0.968 22.7831
0.969 22.8019
0.97 22.8206
0.971 22.8394
0.972 22.8581
0.973 22.8769
0.974 22.8956
0.975 22.9143
0.976 22.9331
0.977 22.9518
0.978 22.9705
0.979 22.9891
0.98 23.0078
0.981 23.0265
0.982 23.0451
0.983 23.0638
0.984 23.0824
0.985 23.1011
0.986 23.1197
0.987 23.1383
0.988 23.1569
0.989 23.1755
0.99 23.194
0.991 23.2126
0.992 23.2312
0.993 23.2497
0.994 23.2682
0.995 23.2868
0.996 23.3053
0.997 23.3238
0.998 23.3423
0.999 23.3608
1 23.3793
1.001 23.3977
1.002 23.4162
1.003 23.4346
1.004 23.4531
1.005 23.4715
1.006 23.4899
1.007 23.5084
1.008 23.5268
1.009 23.5451
1.01 23.5635
1.011 23.5819
1.012 23.6003
1.013 23.6186
1.014 23.6369
1.015 23.6553
1.016 23.6736
1.017 23.6919
1.018 23.7102
1.019 23.7285
1.02 23.7468
1.021 23.7651
1.022 23.7833
1.023 23.8016
1.024 23.8198
1.025 23.8381
1.026 23.8563
1.027 23.8745
1.028 23.8927
1.029 23.9109
1.03 23.9291
1.031 23.9473
1.032 23.9654
1.033 23.9836
1.034 24.0017
1.035 24.0199
1.036 24.038
1.037 24.0561
1.038 24.0742
1.039 24.0923
1.04 24.1104
1.041 24.1285
1.042 24.1465
1.043 24.1646
1.044 24.1826
1.045 24.2007
1.046 24.2187
1.047 24.2367
1.048 24.2547
1.049 24.2727
1.05 24.2907
1.051 24.3087
1.052 24.3267
1.053 24.3446
1.054 24.3626
1.055 24.3805
1.056 24.3984
1.057 24.4164
1.058 24.4343
1.059 24.4522
1.06 24.4701
1.061 24.488
1.062 24.5058
1.063 24.5237
1.064 24.5415
1.065 24.5594
1.066 24.5772
1.067 24.595
1.068 24.6128
1.069 24.6306
1.07 24.6484
1.071 24.6662
1.072 24.684
1.073 24.7018
1.074 24.7195
1.075 24.7373
1.076 24.755
1.077 24.7727
1.078 24.7904
1.079 24.8081
1.08 24.8258
1.081 24.8435
1.082 24.8612
1.083 24.8788
1.084 24.8965
1.085 24.9141
1.086 24.9318
1.087 24.9494
1.088 24.967
1.089 24.9846
1.09 25.0022
1.091 25.0198
1.092 25.0374
1.093 25.055
1.094 25.0725
1.095 25.0901
1.096 25.1076
1.097 25.1251
1.098 25.1426
1.099 25.1602
1.1 25.1776
1.101 25.1951
1.102 25.2126
1.103 25.2301
1.104 25.2475
1.105 25.265
1.106 25.2824
1.107 25.2999
1.108 25.3173
1.109 25.3347
1.11 25.3521
1.111 25.3695
1.112 25.3869
1.113 25.4042
1.114 25.4216
1.115 25.4389
1.116 25.4563
1.117 25.4736
1.118 25.4909
1.119 25.5082
1.12 25.5256
1.121 25.5428
1.122 25.5601
1.123 25.5774
1.124 25.5947
1.125 25.6119
1.126 25.6292
1.127 25.6464
1.128 25.6636
1.129 25.6808
1.13 25.698
1.131 25.7152
1.132 25.7324
1.133 25.7496
1.134 25.7667
1.135 25.7839
1.136 25.801
1.137 25.8182
1.138 25.8353
1.139 25.8524
1.14 25.8695
1.141 25.8866
1.142 25.9037
1.143 25.9208
1.144 25.9379
1.145 25.9549
1.146 25.972
1.147 25.989
1.148 26.006
1.149 26.023
1.15 26.04
1.151 26.057
1.152 26.074
1.153 26.091
1.154 26.108
1.155 26.1249
1.156 26.1419
1.157 26.1588
1.158 26.1758
1.159 26.1927
1.16 26.2096
1.161 26.2265
1.162 26.2434
1.163 26.2603
1.164 26.2771
1.165 26.294
1.166 26.3108
1.167 26.3277
1.168 26.3445
1.169 26.3613
1.17 26.3781
1.171 26.3949
1.172 26.4117
1.173 26.4285
1.174 26.4453
1.175 26.4621
1.176 26.4788
1.177 26.4955
1.178 26.5123
1.179 26.529
1.18 26.5457
1.181 26.5624
1.182 26.5791
1.183 26.5958
1.184 26.6125
1.185 26.6291
1.186 26.6458
1.187 26.6624
1.188 26.6791
1.189 26.6957
1.19 26.7123
1.191 26.7289
1.192 26.7455
1.193 26.7621
1.194 26.7787
1.195 26.7952
1.196 26.8118
1.197 26.8283
1.198 26.8449
1.199 26.8614
1.2 26.8779
1.201 26.8944
1.202 26.9109
1.203 26.9274
1.204 26.9439
1.205 26.9604
1.206 26.9768
1.207 26.9933
1.208 27.0097
1.209 27.0261
1.21 27.0426
1.211 27.059
1.212 27.0754
1.213 27.0918
1.214 27.1081
1.215 27.1245
1.216 27.1409
1.217 27.1572
1.218 27.1736
1.219 27.1899
1.22 27.2062
1.221 27.2225
1.222 27.2388
1.223 27.2551
1.224 27.2714
1.225 27.2877
1.226 27.3039
1.227 27.3202
1.228 27.3364
1.229 27.3527
1.23 27.3689
1.231 27.3851
1.232 27.4013
1.233 27.4175
1.234 27.4337
1.235 27.4498
1.236 27.466
1.237 27.4822
1.238 27.4983
1.239 27.5144
1.24 27.5306
1.241 27.5467
1.242 27.5628
1.243 27.5789
1.244 27.595
1.245 27.611
1.246 27.6271
1.247 27.6432
1.248 27.6592
1.249 27.6752
1.25 27.6913
1.251 27.7073
1.252 27.7233
1.253 27.7393
1.254 27.7553
1.255 27.7713
1.256 27.7872
1.257 27.8032
1.258 27.8191
1.259 27.8351
1.26 27.851
1.261 27.8669
1.262 27.8828
1.263 27.8987
1.264 27.9146
1.265 27.9305
1.266 27.9464
1.267 27.9622
1.268 27.9781
1.269 27.9939
1.27 28.0097
1.271 28.0256
1.272 28.0414
1.273 28.0572
1.274 28.073
1.275 28.0888
1.276 28.1045
1.277 28.1203
1.278 28.136
1.279 28.1518
1.28 28.1675
1.281 28.1832
1.282 28.199
1.283 28.2147
1.284 28.2303
1.285 28.246
1.286 28.2617
1.287 28.2774
1.288 28.293
1.289 28.3087
1.29 28.3243
1.291 28.3399
1.292 28.3555
1.293 28.3711
1.294 28.3867
1.295 28.4023
1.296 28.4179
1.297 28.4335
1.298 28.449
1.299 28.4646
1.3 28.4801
1.301 28.4956
1.302 28.5111
1.303 28.5267
1.304 28.5421
1.305 28.5576
1.306 28.5731
1.307 28.5886
1.308 28.604
1.309 28.6195
1.31 28.6349
1.311 28.6504
1.312 28.6658
1.313 28.6812
1.314 28.6966
1.315 28.712
1.316 28.7273
1.317 28.7427
1.318 28.7581
1.319 28.7734
1.32 28.7888
1.321 28.8041
1.322 28.8194
1.323 28.8347
1.324 28.85
1.325 28.8653
1.326 28.8806
1.327 28.8959
1.328 28.9111
1.329 28.9264
1.33 28.9416
1.331 28.9569
1.332 28.9721
1.333 28.9873
1.334 29.0025
1.335 29.0177
1.336 29.0329
1.337 29.048
1.338 29.0632
1.339 29.0784
1.34 29.0935
1.341 29.1086
1.342 29.1238
1.343 29.1389
1.344 29.154
1.345 29.1691
1.346 29.1842
1.347 29.1992
1.348 29.2143
1.349 29.2294
1.35 29.2444
1.351 29.2594
1.352 29.2745
1.353 29.2895
1.354 29.3045
1.355 29.3195
1.356 29.3345
1.357 29.3494
1.358 29.3644
1.359 29.3794
1.36 29.3943
1.361 29.4093
1.362 29.4242
1.363 29.4391
1.364 29.454
1.365 29.4689
1.366 29.4838
1.367 29.4987
1.368 29.5135
1.369 29.5284
1.37 29.5433
1.371 29.5581
1.372 29.5729
1.373 29.5877
1.374 29.6026
1.375 29.6174
1.376 29.6321
1.377 29.6469
1.378 29.6617
1.379 29.6765
1.38 29.6912
1.381 29.706
1.382 29.7207
1.383 29.7354
1.384 29.7501
1.385 29.7648
1.386 29.7795
1.387 29.7942
1.388 29.8089
1.389 29.8235
1.39 29.8382
1.391 29.8528
1.392 29.8675
1.393 29.8821
1.394 29.8967
1.395 29.9113
1.396 29.9259
1.397 29.9405
1.398 29.9551
1.399 29.9696
1.4 29.9842
1.401 29.9987
1.402 30.0133
1.403 30.0278
1.404 30.0423
1.405 30.0568
1.406 30.0713
1.407 30.0858
1.408 30.1003
1.409 30.1147
1.41 30.1292
1.411 30.1436
1.412 30.1581
1.413 30.1725
1.414 30.1869
1.415 30.2013
1.416 30.2157
1.417 30.2301
1.418 30.2445
1.419 30.2589
1.42 30.2732
1.421 30.2876
1.422 30.3019
1.423 30.3162
1.424 30.3306
1.425 30.3449
1.426 30.3592
1.427 30.3735
1.428 30.3877
1.429 30.402
1.43 30.4163
1.431 30.4305
1.432 30.4448
1.433 30.459
1.434 30.4732
1.435 30.4874
1.436 30.5016
1.437 30.5158
1.438 30.53
1.439 30.5442
1.44 30.5583
1.441 30.5725
1.442 30.5866
1.443 30.6008
1.444 30.6149
1.445 30.629
1.446 30.6431
1.447 30.6572
1.448 30.6713
1.449 30.6854
1.45 30.6994
1.451 30.7135
1.452 30.7275
1.453 30.7416
1.454 30.7556
1.455 30.7696
1.456 30.7836
1.457 30.7976
1.458 30.8116
1.459 30.8256
1.46 30.8395
1.461 30.8535
1.462 30.8674
1.463 30.8814
1.464 30.8953
1.465 30.9092
1.466 30.9231
1.467 30.937
1.468 30.9509
1.469 30.9648
1.47 30.9787
1.471 30.9925
1.472 31.0064
1.473 31.0202
1.474 31.034
1.475 31.0479
1.476 31.0617
1.477 31.0755
1.478 31.0893
1.479 31.103
1.48 31.1168
1.481 31.1306
1.482 31.1443
1.483 31.1581
1.484 31.1718
1.485 31.1855
1.486 31.1992
1.487 31.2129
1.488 31.2266
1.489 31.2403
1.49 31.254
1.491 31.2676
1.492 31.2813
1.493 31.2949
1.494 31.3086
1.495 31.3222
1.496 31.3358
1.497 31.3494
1.498 31.363
1.499 31.3766
1.5 31.3902
1.501 31.4037
1.502 31.4173
1.503 31.4308
1.504 31.4444
1.505 31.4579
1.506 31.4714
1.507 31.4849
1.508 31.4984
1.509 31.5119
1.51 31.5254
1.511 31.5388
1.512 31.5523
1.513 31.5657
1.514 31.5792
1.515 31.5926
1.516 31.606
1.517 31.6194
1.518 31.6328
1.519 31.6462
1.52 31.6596
1.521 31.6729
1.522 31.6863
1.523 31.6997
1.524 31.713
1.525 31.7263
1.526 31.7396
1.527 31.753
1.528 31.7663
1.529 31.7795
1.53 31.7928
1.531 31.8061
1.532 31.8194
1.533 31.8326
1.534 31.8458
1.535 31.8591
1.536 31.8723
1.537 31.8855
1.538 31.8987
1.539 31.9119
1.54 31.9251
1.541 31.9383
1.542 31.9514
1.543 31.9646
1.544 31.9777
1.545 31.9908
1.546 32.004
1.547 32.0171
1.548 32.0302
1.549 32.0433
1.55 32.0564
1.551 32.0694
1.552 32.0825
1.553 32.0956
1.554 32.1086
1.555 32.1216
1.556 32.1347
1.557 32.1477
1.558 32.1607
1.559 32.1737
1.56 32.1867
1.561 32.1996
1.562 32.2126
1.563 32.2256
1.564 32.2385
1.565 32.2514
1.566 32.2644
1.567 32.2773
1.568 32.2902
1.569 32.3031
1.57 32.316
1.571 32.3288
1.572 32.3417
1.573 32.3546
1.574 32.3674
1.575 32.3803
1.576 32.3931
1.577 32.4059
1.578 32.4187
1.579 32.4315
1.58 32.4443
1.581 32.4571
1.582 32.4699
1.583 32.4826
1.584 32.4954
1.585 32.5081
1.586 32.5208
1.587 32.5336
1.588 32.5463
1.589 32.559
1.59 32.5717
1.591 32.5843
1.592 32.597
1.593 32.6097
1.594 32.6223
1.595 32.635
1.596 32.6476
1.597 32.6602
1.598 32.6728
1.599 32.6854
1.6 32.698
1.601 32.7106
1.602 32.7232
1.603 32.7358
1.604 32.7483
1.605 32.7609
1.606 32.7734
1.607 32.7859
1.608 32.7984
1.609 32.8109
1.61 32.8234
1.611 32.8359
1.612 32.8484
1.613 32.8609
1.614 32.8733
1.615 32.8858
1.616 32.8982
1.617 32.9106
1.618 32.923
1.619 32.9354
1.62 32.9478
1.621 32.9602
1.622 32.9726
1.623 32.985
1.624 32.9973
1.625 33.0097
1.626 33.022
1.627 33.0343
1.628 33.0467
1.629 33.059
1.63 33.0713
1.631 33.0836
1.632 33.0958
1.633 33.1081
1.634 33.1204
1.635 33.1326
1.636 33.1449
1.637 33.1571
1.638 33.1693
1.639 33.1815
1.64 33.1937
1.641 33.2059
1.642 33.2181
1.643 33.2303
1.644 33.2424
1.645 33.2546
1.646 33.2667
1.647 33.2788
1.648 33.291
1.649 33.3031
1.65 33.3152
1.651 33.3273
1.652 33.3394
1.653 33.3514
1.654 33.3635
1.655 33.3756
1.656 33.3876
1.657 33.3996
1.658 33.4117
1.659 33.4237
1.66 33.4357
1.661 33.4477
1.662 33.4597
1.663 33.4716
1.664 33.4836
1.665 33.4955
1.666 33.5075
1.667 33.5194
1.668 33.5314
1.669 33.5433
1.67 33.5552
1.671 33.5671
1.672 33.579
1.673 33.5908
1.674 33.6027
1.675 33.6146
1.676 33.6264
1.677 33.6382
1.678 33.6501
1.679 33.6619
1.68 33.6737
1.681 33.6855
1.682 33.6973
1.683 33.7091
1.684 33.7208
1.685 33.7326
1.686 33.7443
1.687 33.7561
1.688 33.7678
1.689 33.7795
1.69 33.7912
1.691 33.8029
1.692 33.8146
1.693 33.8263
1.694 33.838
1.695 33.8497
1.696 33.8613
1.697 33.8729
1.698 33.8846
1.699 33.8962
1.7 33.9078
1.701 33.9194
1.702 33.931
1.703 33.9426
1.704 33.9542
1.705 33.9657
1.706 33.9773
1.707 33.9888
1.708 34.0004
1.709 34.0119
1.71 34.0234
1.711 34.0349
1.712 34.0464
1.713 34.0579
1.714 34.0694
1.715 34.0808
1.716 34.0923
1.717 34.1037
1.718 34.1152
1.719 34.1266
1.72 34.138
1.721 34.1494
1.722 34.1608
1.723 34.1722
1.724 34.1836
1.725 34.1949
1.726 34.2063
1.727 34.2176
1.728 34.229
1.729 34.2403
1.73 34.2516
1.731 34.2629
1.732 34.2742
1.733 34.2855
1.734 34.2968
1.735 34.3081
1.736 34.3193
1.737 34.3306
1.738 34.3418
1.739 34.353
1.74 34.3643
1.741 34.3755
1.742 34.3867
1.743 34.3979
1.744 34.409
1.745 34.4202
1.746 34.4314
1.747 34.4425
1.748 34.4537
1.749 34.4648
1.75 34.4759
1.751 34.487
1.752 34.4981
1.753 34.5092
1.754 34.5203
1.755 34.5314
1.756 34.5424
1.757 34.5535
1.758 34.5645
1.759 34.5756
1.76 34.5866
1.761 34.5976
1.762 34.6086
1.763 34.6196
1.764 34.6306
1.765 34.6416
1.766 34.6525
1.767 34.6635
1.768 34.6744
1.769 34.6854
1.77 34.6963
1.771 34.7072
1.772 34.7181
1.773 34.729
1.774 34.7399
1.775 34.7508
1.776 34.7616
1.777 34.7725
1.778 34.7833
1.779 34.7942
1.78 34.805
1.781 34.8158
1.782 34.8266
1.783 34.8374
1.784 34.8482
1.785 34.859
1.786 34.8698
1.787 34.8805
1.788 34.8913
1.789 34.902
1.79 34.9127
1.791 34.9235
1.792 34.9342
1.793 34.9449
1.794 34.9556
1.795 34.9662
1.796 34.9769
1.797 34.9876
1.798 34.9982
1.799 35.0089
1.8 35.0195
1.801 35.0301
1.802 35.0407
1.803 35.0513
1.804 35.0619
1.805 35.0725
1.806 35.0831
1.807 35.0936
1.808 35.1042
1.809 35.1147
1.81 35.1253
1.811 35.1358
1.812 35.1463
1.813 35.1568
1.814 35.1673
1.815 35.1778
1.816 35.1883
1.817 35.1987
1.818 35.2092
1.819 35.2196
1.82 35.2301
1.821 35.2405
1.822 35.2509
1.823 35.2613
1.824 35.2717
1.825 35.2821
1.826 35.2925
1.827 35.3028
1.828 35.3132
1.829 35.3235
1.83 35.3339
1.831 35.3442
1.832 35.3545
1.833 35.3648
1.834 35.3751
1.835 35.3854
1.836 35.3957
1.837 35.4059
1.838 35.4162
1.839 35.4265
1.84 35.4367
1.841 35.4469
1.842 35.4571
1.843 35.4673
1.844 35.4775
1.845 35.4877
1.846 35.4979
1.847 35.5081
1.848 35.5182
1.849 35.5284
1.85 35.5385
1.851 35.5487
1.852 35.5588
1.853 35.5689
1.854 35.579
1.855 35.5891
1.856 35.5992
1.857 35.6092
1.858 35.6193
1.859 35.6294
1.86 35.6394
1.861 35.6494
1.862 35.6595
1.863 35.6695
1.864 35.6795
1.865 35.6895
1.866 35.6995
1.867 35.7094
1.868 35.7194
1.869 35.7293
1.87 35.7393
1.871 35.7492
1.872 35.7592
1.873 35.7691
1.874 35.779
1.875 35.7889
1.876 35.7988
1.877 35.8086
1.878 35.8185
1.879 35.8284
1.88 35.8382
1.881 35.848
1.882 35.8579
1.883 35.8677
1.884 35.8775
1.885 35.8873
1.886 35.8971
1.887 35.9068
1.888 35.9166
1.889 35.9264
1.89 35.9361
1.891 35.9459
1.892 35.9556
1.893 35.9653
1.894 35.975
1.895 35.9847
1.896 35.9944
1.897 36.0041
1.898 36.0138
1.899 36.0234
1.9 36.0331
1.901 36.0427
1.902 36.0523
1.903 36.062
1.904 36.0716
1.905 36.0812
1.906 36.0908
1.907 36.1003
1.908 36.1099
1.909 36.1195
1.91 36.129
1.911 36.1386
1.912 36.1481
1.913 36.1576
1.914 36.1671
1.915 36.1766
1.916 36.1861
1.917 36.1956
1.918 36.2051
1.919 36.2146
1.92 36.224
1.921 36.2335
1.922 36.2429
1.923 36.2523
1.924 36.2617
1.925 36.2711
1.926 36.2805
1.927 36.2899
1.928 36.2993
1.929 36.3087
1.93 36.318
1.931 36.3274
1.932 36.3367
1.933 36.346
1.934 36.3553
1.935 36.3646
1.936 36.3739
1.937 36.3832
1.938 36.3925
1.939 36.4018
1.94 36.411
1.941 36.4203
1.942 36.4295
1.943 36.4387
1.944 36.448
1.945 36.4572
1.946 36.4664
1.947 36.4756
1.948 36.4847
1.949 36.4939
1.95 36.5031
1.951 36.5122
1.952 36.5214
1.953 36.5305
1.954 36.5396
1.955 36.5487
1.956 36.5578
1.957 36.5669
1.958 36.576
1.959 36.5851
1.96 36.5941
1.961 36.6032
1.962 36.6122
1.963 36.6212
1.964 36.6303
1.965 36.6393
1.966 36.6483
1.967 36.6573
1.968 36.6663
1.969 36.6752
1.97 36.6842
1.971 36.6932
1.972 36.7021
1.973 36.711
1.974 36.72
1.975 36.7289
1.976 36.7378
1.977 36.7467
1.978 36.7556
1.979 36.7644
1.98 36.7733
1.981 36.7822
1.982 36.791
1.983 36.7998
1.984 36.8087
1.985 36.8175
1.986 36.8263
1.987 36.8351
1.988 36.8439
1.989 36.8526
1.99 36.8614
1.991 36.8702
1.992 36.8789
1.993 36.8877
1.994 36.8964
1.995 36.9051
1.996 36.9138
1.997 36.9225
1.998 36.9312
1.999 36.9399
2 36.9485
2.001 36.9572
2.002 36.9659
2.003 36.9745
2.004 36.9831
2.005 36.9917
2.006 37.0004
2.007 37.009
2.008 37.0175
2.009 37.0261
2.01 37.0347
2.011 37.0433
2.012 37.0518
2.013 37.0603
2.014 37.0689
2.015 37.0774
2.016 37.0859
2.017 37.0944
2.018 37.1029
2.019 37.1114
2.02 37.1199
2.021 37.1283
2.022 37.1368
2.023 37.1452
2.024 37.1537
2.025 37.1621
2.026 37.1705
2.027 37.1789
2.028 37.1873
2.029 37.1957
2.03 37.2041
2.031 37.2124
2.032 37.2208
2.033 37.2291
2.034 37.2375
2.035 37.2458
2.036 37.2541
2.037 37.2624
2.038 37.2707
2.039 37.279
2.04 37.2873
2.041 37.2955
2.042 37.3038
2.043 37.312
2.044 37.3203
2.045 37.3285
2.046 37.3367
2.047 37.3449
2.048 37.3531
2.049 37.3613
2.05 37.3695
2.051 37.3777
2.052 37.3858
2.053 37.394
2.054 37.4021
2.055 37.4102
2.056 37.4184
2.057 37.4265
2.058 37.4346
2.059 37.4427
2.06 37.4507
2.061 37.4588
2.062 37.4669
2.063 37.4749
2.064 37.483
2.065 37.491
2.066 37.499
2.067 37.507
2.068 37.515
2.069 37.523
2.07 37.531
2.071 37.539
2.072 37.5469
2.073 37.5549
2.074 37.5628
2.075 37.5708
2.076 37.5787
2.077 37.5866
2.078 37.5945
2.079 37.6024
2.08 37.6103
2.081 37.6182
2.082 37.626
2.083 37.6339
2.084 37.6417
2.085 37.6496
2.086 37.6574
2.087 37.6652
2.088 37.673
2.089 37.6808
2.09 37.6886
2.091 37.6964
2.092 37.7041
2.093 37.7119
2.094 37.7196
2.095 37.7274
2.096 37.7351
2.097 37.7428
2.098 37.7505
2.099 37.7582
2.1 37.7659
2.101 37.7736
2.102 37.7813
2.103 37.7889
2.104 37.7966
2.105 37.8042
2.106 37.8118
2.107 37.8195
2.108 37.8271
2.109 37.8347
2.11 37.8423
2.111 37.8498
2.112 37.8574
2.113 37.865
2.114 37.8725
2.115 37.8801
2.116 37.8876
2.117 37.8951
2.118 37.9026
2.119 37.9101
2.12 37.9176
2.121 37.9251
2.122 37.9326
2.123 37.94
2.124 37.9475
2.125 37.9549
2.126 37.9624
2.127 37.9698
2.128 37.9772
2.129 37.9846
2.13 37.992
2.131 37.9994
2.132 38.0068
2.133 38.0141
2.134 38.0215
2.135 38.0288
2.136 38.0362
2.137 38.0435
2.138 38.0508
2.139 38.0581
2.14 38.0654
2.141 38.0727
2.142 38.08
2.143 38.0872
2.144 38.0945
2.145 38.1017
2.146 38.109
2.147 38.1162
2.148 38.1234
2.149 38.1306
2.15 38.1378
2.151 38.145
2.152 38.1522
2.153 38.1594
2.154 38.1665
2.155 38.1737
2.156 38.1808
2.157 38.1879
2.158 38.195
2.159 38.2022
2.16 38.2093
2.161 38.2163
2.162 38.2234
2.163 38.2305
2.164 38.2376
2.165 38.2446
2.166 38.2516
2.167 38.2587
2.168 38.2657
2.169 38.2727
2.17 38.2797
2.171 38.2867
2.172 38.2937
2.173 38.3007
2.174 38.3076
2.175 38.3146
2.176 38.3215
2.177 38.3284
2.178 38.3354
2.179 38.3423
2.18 38.3492
2.181 38.3561
2.182 38.363
2.183 38.3698
2.184 38.3767
2.185 38.3836
2.186 38.3904
2.187 38.3972
2.188 38.4041
2.189 38.4109
2.19 38.4177
2.191 38.4245
2.192 38.4313
2.193 38.438
2.194 38.4448
2.195 38.4516
2.196 38.4583
2.197 38.465
2.198 38.4718
2.199 38.4785
2.2 38.4852
2.201 38.4919
2.202 38.4986
2.203 38.5053
2.204 38.5119
2.205 38.5186
2.206 38.5252
2.207 38.5319
2.208 38.5385
2.209 38.5451
2.21 38.5517
2.211 38.5583
2.212 38.5649
2.213 38.5715
2.214 38.5781
2.215 38.5846
2.216 38.5912
2.217 38.5977
2.218 38.6042
2.219 38.6108
2.22 38.6173
2.221 38.6238
2.222 38.6303
2.223 38.6368
2.224 38.6432
2.225 38.6497
2.226 38.6561
2.227 38.6626
2.228 38.669
2.229 38.6754
2.23 38.6819
2.231 38.6883
2.232 38.6946
2.233 38.701
2.234 38.7074
2.235 38.7138
2.236 38.7201
2.237 38.7265
2.238 38.7328
2.239 38.7391
2.24 38.7454
2.241 38.7517
2.242 38.758
2.243 38.7643
2.244 38.7706
2.245 38.7769
2.246 38.7831
2.247 38.7894
2.248 38.7956
2.249 38.8018
2.25 38.808
2.251 38.8143
2.252 38.8205
2.253 38.8266
2.254 38.8328
2.255 38.839
2.256 38.8451
2.257 38.8513
2.258 38.8574
2.259 38.8636
2.26 38.8697
2.261 38.8758
2.262 38.8819
2.263 38.888
2.264 38.8941
2.265 38.9001
2.266 38.9062
2.267 38.9122
2.268 38.9183
2.269 38.9243
2.27 38.9303
2.271 38.9363
2.272 38.9423
2.273 38.9483
2.274 38.9543
2.275 38.9603
2.276 38.9662
2.277 38.9722
2.278 38.9781
2.279 38.9841
2.28 38.99
2.281 38.9959
2.282 39.0018
2.283 39.0077
2.284 39.0136
2.285 39.0195
2.286 39.0253
2.287 39.0312
2.288 39.037
2.289 39.0428
2.29 39.0487
2.291 39.0545
2.292 39.0603
2.293 39.0661
2.294 39.0719
2.295 39.0776
2.296 39.0834
2.297 39.0892
2.298 39.0949
2.299 39.1006
2.3 39.1064
2.301 39.1121
2.302 39.1178
2.303 39.1235
2.304 39.1292
2.305 39.1349
2.306 39.1405
2.307 39.1462
2.308 39.1518
2.309 39.1575
2.31 39.1631
2.311 39.1687
2.312 39.1743
2.313 39.1799
2.314 39.1855
2.315 39.1911
2.316 39.1967
2.317 39.2022
2.318 39.2078
2.319 39.2133
2.32 39.2188
2.321 39.2244
2.322 39.2299
2.323 39.2354
2.324 39.2409
2.325 39.2463
2.326 39.2518
2.327 39.2573
2.328 39.2627
2.329 39.2682
2.33 39.2736
2.331 39.279
2.332 39.2844
2.333 39.2898
2.334 39.2952
2.335 39.3006
2.336 39.306
2.337 39.3113
2.338 39.3167
2.339 39.322
2.34 39.3274
2.341 39.3327
2.342 39.338
2.343 39.3433
2.344 39.3486
2.345 39.3539
2.346 39.3592
2.347 39.3644
2.348 39.3697
2.349 39.3749
2.35 39.3802
2.351 39.3854
2.352 39.3906
2.353 39.3958
2.354 39.401
2.355 39.4062
2.356 39.4114
2.357 39.4165
2.358 39.4217
2.359 39.4269
2.36 39.432
2.361 39.4371
2.362 39.4422
2.363 39.4473
2.364 39.4524
2.365 39.4575
2.366 39.4626
2.367 39.4677
2.368 39.4727
2.369 39.4778
2.37 39.4828
2.371 39.4879
2.372 39.4929
2.373 39.4979
2.374 39.5029
2.375 39.5079
2.376 39.5129
2.377 39.5178
2.378 39.5228
2.379 39.5277
2.38 39.5327
2.381 39.5376
2.382 39.5425
2.383 39.5474
2.384 39.5524
2.385 39.5572
2.386 39.5621
2.387 39.567
2.388 39.5719
2.389 39.5767
2.39 39.5816
2.391 39.5864
2.392 39.5912
2.393 39.596
2.394 39.6008
2.395 39.6056
2.396 39.6104
2.397 39.6152
2.398 39.62
2.399 39.6247
2.4 39.6295
2.401 39.6342
2.402 39.6389
2.403 39.6436
2.404 39.6483
2.405 39.653
2.406 39.6577
2.407 39.6624
2.408 39.6671
2.409 39.6717
2.41 39.6764
2.411 39.681
2.412 39.6856
2.413 39.6902
2.414 39.6949
2.415 39.6995
2.416 39.704
2.417 39.7086
2.418 39.7132
2.419 39.7177
2.42 39.7223
2.421 39.7268
2.422 39.7314
2.423 39.7359
2.424 39.7404
2.425 39.7449
2.426 39.7494
2.427 39.7539
2.428 39.7583
2.429 39.7628
2.43 39.7672
2.431 39.7717
2.432 39.7761
2.433 39.7805
2.434 39.785
2.435 39.7894
2.436 39.7937
2.437 39.7981
2.438 39.8025
2.439 39.8069
2.44 39.8112
2.441 39.8156
2.442 39.8199
2.443 39.8242
2.444 39.8285
2.445 39.8328
2.446 39.8371
2.447 39.8414
2.448 39.8457
2.449 39.8499
2.45 39.8542
2.451 39.8584
2.452 39.8627
2.453 39.8669
2.454 39.8711
2.455 39.8753
2.456 39.8795
2.457 39.8837
2.458 39.8879
2.459 39.8921
2.46 39.8962
2.461 39.9004
2.462 39.9045
2.463 39.9086
2.464 39.9127
2.465 39.9168
2.466 39.9209
2.467 39.925
2.468 39.9291
2.469 39.9332
2.47 39.9372
2.471 39.9413
2.472 39.9453
2.473 39.9494
2.474 39.9534
2.475 39.9574
2.476 39.9614
2.477 39.9654
2.478 39.9694
2.479 39.9733
2.48 39.9773
2.481 39.9812
2.482 39.9852
2.483 39.9891
2.484 39.993
2.485 39.9969
2.486 40.0008
2.487 40.0047
2.488 40.0086
2.489 40.0125
2.49 40.0163
2.491 40.0202
2.492 40.024
2.493 40.0279
2.494 40.0317
2.495 40.0355
2.496 40.0393
2.497 40.0431
2.498 40.0469
2.499 40.0507
2.5 40.0544
2.501 40.0582
2.502 40.0619
2.503 40.0657
2.504 40.0694
2.505 40.0731
2.506 40.0768
2.507 40.0805
2.508 40.0842
2.509 40.0879
2.51 40.0915
2.511 40.0952
2.512 40.0988
2.513 40.1025
2.514 40.1061
2.515 40.1097
2.516 40.1133
2.517 40.1169
2.518 40.1205
2.519 40.1241
2.52 40.1277
2.521 40.1312
2.522 40.1348
2.523 40.1383
2.524 40.1418
2.525 40.1453
2.526 40.1489
2.527 40.1524
2.528 40.1558
2.529 40.1593
2.53 40.1628
2.531 40.1663
2.532 40.1697
2.533 40.1731
2.534 40.1766
2.535 40.18
2.536 40.1834
2.537 40.1868
2.538 40.1902
2.539 40.1936
2.54 40.197
2.541 40.2003
2.542 40.2037
2.543 40.207
2.544 40.2103
2.545 40.2137
2.546 40.217
2.547 40.2203
2.548 40.2236
2.549 40.2269
2.55 40.2301
2.551 40.2334
2.552 40.2366
2.553 40.2399
2.554 40.2431
2.555 40.2464
2.556 40.2496
2.557 40.2528
2.558 40.256
2.559 40.2592
2.56 40.2623
2.561 40.2655
2.562 40.2686
2.563 40.2718
2.564 40.2749
2.565 40.2781
2.566 40.2812
2.567 40.2843
2.568 40.2874
2.569 40.2905
2.57 40.2935
2.571 40.2966
2.572 40.2997
2.573 40.3027
2.574 40.3058
2.575 40.3088
2.576 40.3118
2.577 40.3148
2.578 40.3178
2.579 40.3208
2.58 40.3238
2.581 40.3267
2.582 40.3297
2.583 40.3327
2.584 40.3356
2.585 40.3385
2.586 40.3414
2.587 40.3444
2.588 40.3473
2.589 40.3502
2.59 40.353
2.591 40.3559
2.592 40.3588
2.593 40.3616
2.594 40.3645
2.595 40.3673
2.596 40.3701
2.597 40.3729
2.598 40.3757
2.599 40.3785
2.6 40.3813
2.601 40.3841
2.602 40.3868
2.603 40.3896
2.604 40.3923
2.605 40.3951
2.606 40.3978
2.607 40.4005
2.608 40.4032
2.609 40.4059
2.61 40.4086
2.611 40.4113
2.612 40.4139
2.613 40.4166
2.614 40.4192
2.615 40.4219
2.616 40.4245
2.617 40.4271
2.618 40.4297
2.619 40.4323
2.62 40.4349
2.621 40.4375
2.622 40.4401
2.623 40.4426
2.624 40.4452
2.625 40.4477
2.626 40.4502
2.627 40.4527
2.628 40.4553
2.629 40.4578
2.63 40.4602
2.631 40.4627
2.632 40.4652
2.633 40.4676
2.634 40.4701
2.635 40.4725
2.636 40.475
2.637 40.4774
2.638 40.4798
2.639 40.4822
2.64 40.4846
2.641 40.487
2.642 40.4893
2.643 40.4917
2.644 40.4941
2.645 40.4964
2.646 40.4987
2.647 40.501
2.648 40.5034
2.649 40.5057
2.65 40.508
2.651 40.5102
2.652 40.5125
2.653 40.5148
2.654 40.517
2.655 40.5193
2.656 40.5215
2.657 40.5237
2.658 40.5259
2.659 40.5281
2.66 40.5303
2.661 40.5325
2.662 40.5347
2.663 40.5369
2.664 40.539
2.665 40.5412
2.666 40.5433
2.667 40.5454
2.668 40.5475
2.669 40.5497
2.67 40.5517
2.671 40.5538
2.672 40.5559
2.673 40.558
2.674 40.56
2.675 40.5621
2.676 40.5641
2.677 40.5662
2.678 40.5682
2.679 40.5702
2.68 40.5722
2.681 40.5742
2.682 40.5761
2.683 40.5781
2.684 40.5801
2.685 40.582
2.686 40.584
2.687 40.5859
2.688 40.5878
2.689 40.5897
2.69 40.5916
2.691 40.5935
2.692 40.5954
2.693 40.5973
2.694 40.5991
2.695 40.601
2.696 40.6028
2.697 40.6046
2.698 40.6065
2.699 40.6083
2.7 40.6101
2.701 40.6119
2.702 40.6137
2.703 40.6154
2.704 40.6172
2.705 40.6189
2.706 40.6207
2.707 40.6224
2.708 40.6241
2.709 40.6259
2.71 40.6276
2.711 40.6293
2.712 40.6309
2.713 40.6326
2.714 40.6343
2.715 40.6359
2.716 40.6376
2.717 40.6392
2.718 40.6408
2.719 40.6425
2.72 40.6441
2.721 40.6457
2.722 40.6472
2.723 40.6488
2.724 40.6504
2.725 40.6519
2.726 40.6535
2.727 40.655
2.728 40.6566
2.729 40.6581
2.73 40.6596
2.731 40.6611
2.732 40.6626
2.733 40.6641
2.734 40.6655
2.735 40.667
2.736 40.6684
2.737 40.6699
2.738 40.6713
2.739 40.6727
2.74 40.6741
2.741 40.6755
2.742 40.6769
2.743 40.6783
2.744 40.6797
2.745 40.681
2.746 40.6824
2.747 40.6837
2.748 40.6851
2.749 40.6864
2.75 40.6877
2.751 40.689
2.752 40.6903
2.753 40.6916
2.754 40.6928
2.755 40.6941
2.756 40.6953
2.757 40.6966
2.758 40.6978
2.759 40.699
2.76 40.7003
2.761 40.7015
2.762 40.7027
2.763 40.7038
2.764 40.705
2.765 40.7062
2.766 40.7073
2.767 40.7085
2.768 40.7096
2.769 40.7107
2.77 40.7119
2.771 40.713
2.772 40.7141
2.773 40.7151
2.774 40.7162
2.775 40.7173
2.776 40.7183
2.777 40.7194
2.778 40.7204
2.779 40.7215
2.78 40.7225
2.781 40.7235
2.782 40.7245
2.783 40.7255
2.784 40.7264
2.785 40.7274
2.786 40.7284
2.787 40.7293
2.788 40.7303
2.789 40.7312
2.79 40.7321
2.791 40.733
2.792 40.7339
2.793 40.7348
2.794 40.7357
2.795 40.7366
2.796 40.7374
2.797 40.7383
2.798 40.7391
2.799 40.7399
2.8 40.7408
2.801 40.7416
2.802 40.7424
2.803 40.7432
2.804 40.7439
2.805 40.7447
2.806 40.7455
2.807 40.7462
2.808 40.747
2.809 40.7477
2.81 40.7484
2.811 40.7491
2.812 40.7498
2.813 40.7505
2.814 40.7512
2.815 40.7519
2.816 40.7526
2.817 40.7532
2.818 40.7539
2.819 40.7545
2.82 40.7551
2.821 40.7557
2.822 40.7563
2.823 40.7569
2.824 40.7575
2.825 40.7581
2.826 40.7587
2.827 40.7592
2.828 40.7598
2.829 40.7603
2.83 40.7608
2.831 40.7614
2.832 40.7619
2.833 40.7624
2.834 40.7628
2.835 40.7633
2.836 40.7638
2.837 40.7642
2.838 40.7647
2.839 40.7651
2.84 40.7656
2.841 40.766
2.842 40.7664
2.843 40.7668
2.844 40.7672
2.845 40.7676
2.846 40.7679
2.847 40.7683
2.848 40.7686
2.849 40.769
2.85 40.7693
2.851 40.7696
2.852 40.7699
2.853 40.7702
2.854 40.7705
2.855 40.7708
2.856 40.7711
2.857 40.7714
2.858 40.7716
2.859 40.7718
2.86 40.7721
2.861 40.7723
2.862 40.7725
2.863 40.7727
2.864 40.7729
2.865 40.7731
2.866 40.7733
2.867 40.7734
2.868 40.7736
2.869 40.7737
2.87 40.7739
2.871 40.774
2.872 40.7741
2.873 40.7742
2.874 40.7743
2.875 40.7744
2.876 40.7745
2.877 40.7745
2.878 40.7746
2.879 40.7746
2.88 40.7747
2.881 40.7747
2.882 40.7747
2.883 40.7747
2.884 40.7747
2.885 40.7747
2.886 40.7747
2.887 40.7746
2.888 40.7746
2.889 40.7746
2.89 40.7745
2.891 40.7744
2.892 40.7743
2.893 40.7742
2.894 40.7741
2.895 40.774
2.896 40.7739
2.897 40.7738
2.898 40.7736
2.899 40.7735
2.9 40.7733
2.901 40.7732
2.902 40.773
2.903 40.7728
2.904 40.7726
2.905 40.7724
2.906 40.7722
2.907 40.7719
2.908 40.7717
2.909 40.7715
2.91 40.7712
2.911 40.7709
2.912 40.7707
2.913 40.7704
2.914 40.7701
2.915 40.7698
2.916 40.7694
2.917 40.7691
2.918 40.7688
2.919 40.7684
2.92 40.7681
2.921 40.7677
2.922 40.7673
2.923 40.767
2.924 40.7666
2.925 40.7662
2.926 40.7657
2.927 40.7653
2.928 40.7649
2.929 40.7644
2.93 40.764
2.931 40.7635
2.932 40.763
2.933 40.7626
2.934 40.7621
2.935 40.7616
2.936 40.761
2.937 40.7605
2.938 40.76
2.939 40.7595
2.94 40.7589
2.941 40.7583
2.942 40.7578
2.943 40.7572
2.944 40.7566
2.945 40.756
2.946 40.7554
2.947 40.7548
2.948 40.7541
2.949 40.7535
2.95 40.7528
2.951 40.7522
2.952 40.7515
2.953 40.7508
2.954 40.7501
2.955 40.7494
2.956 40.7487
2.957 40.748
2.958 40.7473
2.959 40.7465
2.96 40.7458
2.961 40.745
2.962 40.7443
2.963 40.7435
2.964 40.7427
2.965 40.7419
2.966 40.7411
2.967 40.7403
2.968 40.7395
2.969 40.7386
2.97 40.7378
2.971 40.7369
2.972 40.736
2.973 40.7352
2.974 40.7343
2.975 40.7334
2.976 40.7325
2.977 40.7316
2.978 40.7306
2.979 40.7297
2.98 40.7288
2.981 40.7278
2.982 40.7268
2.983 40.7259
2.984 40.7249
2.985 40.7239
2.986 40.7229
2.987 40.7219
2.988 40.7209
2.989 40.7198
2.99 40.7188
2.991 40.7177
2.992 40.7167
2.993 40.7156
2.994 40.7145
2.995 40.7134
2.996 40.7123
2.997 40.7112
2.998 40.7101
2.999 40.709
3 40.7078
3.001 40.7067
3.002 40.7055
3.003 40.7043
3.004 40.7032
3.005 40.702
3.006 40.7008
3.007 40.6996
3.008 40.6983
3.009 40.6971
3.01 40.6959
3.011 40.6946
3.012 40.6934
3.013 40.6921
3.014 40.6908
3.015 40.6895
3.016 40.6882
3.017 40.6869
3.018 40.6856
3.019 40.6843
3.02 40.6829
3.021 40.6816
3.022 40.6802
3.023 40.6789
3.024 40.6775
3.025 40.6761
3.026 40.6747
3.027 40.6733
3.028 40.6719
3.029 40.6705
3.03 40.669
3.031 40.6676
3.032 40.6661
3.033 40.6647
3.034 40.6632
3.035 40.6617
3.036 40.6602
3.037 40.6587
3.038 40.6572
3.039 40.6557
3.04 40.6541
3.041 40.6526
3.042 40.651
3.043 40.6495
3.044 40.6479
3.045 40.6463
3.046 40.6447
3.047 40.6431
3.048 40.6415
3.049 40.6399
3.05 40.6383
3.051 40.6366
3.052 40.635
3.053 40.6333
3.054 40.6316
3.055 40.63
3.056 40.6283
3.057 40.6266
3.058 40.6249
3.059 40.6231
3.06 40.6214
3.061 40.6197
3.062 40.6179
3.063 40.6162
3.064 40.6144
3.065 40.6126
3.066 40.6108
3.067 40.609
3.068 40.6072
3.069 40.6054
3.07 40.6036
3.071 40.6017
3.072 40.5999
3.073 40.598
3.074 40.5962
3.075 40.5943
3.076 40.5924
3.077 40.5905
3.078 40.5886
3.079 40.5867
3.08 40.5848
3.081 40.5828
3.082 40.5809
3.083 40.5789
3.084 40.577
3.085 40.575
3.086 40.573
3.087 40.571
3.088 40.569
3.089 40.567
3.09 40.565
3.091 40.5629
3.092 40.5609
3.093 40.5588
3.094 40.5568
3.095 40.5547
3.096 40.5526
3.097 40.5505
3.098 40.5484
3.099 40.5463
3.1 40.5442
3.101 40.5421
3.102 40.5399
3.103 40.5378
3.104 40.5356
3.105 40.5334
3.106 40.5313
3.107 40.5291
3.108 40.5269
3.109 40.5247
3.11 40.5224
3.111 40.5202
3.112 40.518
3.113 40.5157
3.114 40.5135
3.115 40.5112
3.116 40.5089
3.117 40.5066
3.118 40.5043
3.119 40.502
3.12 40.4997
3.121 40.4974
3.122 40.495
3.123 40.4927
3.124 40.4903
3.125 40.488
3.126 40.4856
3.127 40.4832
3.128 40.4808
3.129 40.4784
3.13 40.476
3.131 40.4735
3.132 40.4711
3.133 40.4687
3.134 40.4662
3.135 40.4637
3.136 40.4613
3.137 40.4588
3.138 40.4563
3.139 40.4538
3.14 40.4513
3.141 40.4487
3.142 40.4462
3.143 40.4437
3.144 40.4411
3.145 40.4386
3.146 40.436
3.147 40.4334
3.148 40.4308
3.149 40.4282
3.15 40.4256
3.151 40.423
3.152 40.4203
3.153 40.4177
3.154 40.415
3.155 40.4124
3.156 40.4097
3.157 40.407
3.158 40.4043
3.159 40.4016
3.16 40.3989
3.161 40.3962
3.162 40.3935
3.163 40.3907
3.164 40.388
3.165 40.3852
3.166 40.3825
3.167 40.3797
3.168 40.3769
3.169 40.3741
3.17 40.3713
3.171 40.3685
3.172 40.3656
3.173 40.3628
3.174 40.36
3.175 40.3571
3.176 40.3542
3.177 40.3514
3.178 40.3485
3.179 40.3456
3.18 40.3427
3.181 40.3397
3.182 40.3368
3.183 40.3339
3.184 40.3309
3.185 40.328
3.186 40.325
3.187 40.322
3.188 40.3191
3.189 40.3161
3.19 40.3131
3.191 40.31
3.192 40.307
3.193 40.304
3.194 40.3009
3.195 40.2979
3.196 40.2948
3.197 40.2917
3.198 40.2887
3.199 40.2856
3.2 40.2825
3.201 40.2794
3.202 40.2762
3.203 40.2731
3.204 40.27
3.205 40.2668
3.206 40.2636
3.207 40.2605
3.208 40.2573
3.209 40.2541
3.21 40.2509
3.211 40.2477
3.212 40.2445
3.213 40.2412
3.214 40.238
3.215 40.2347
3.216 40.2315
3.217 40.2282
3.218 40.2249
3.219 40.2217
3.22 40.2184
3.221 40.215
3.222 40.2117
3.223 40.2084
3.224 40.2051
3.225 40.2017
3.226 40.1984
3.227 40.195
3.228 40.1916
3.229 40.1882
3.23 40.1848
3.231 40.1814
3.232 40.178
3.233 40.1746
3.234 40.1711
3.235 40.1677
3.236 40.1642
3.237 40.1608
3.238 40.1573
3.239 40.1538
3.24 40.1503
3.241 40.1468
3.242 40.1433
3.243 40.1398
3.244 40.1362
3.245 40.1327
3.246 40.1291
3.247 40.1256
3.248 40.122
3.249 40.1184
3.25 40.1148
3.251 40.1112
3.252 40.1076
3.253 40.104
3.254 40.1003
3.255 40.0967
3.256 40.0931
3.257 40.0894
3.258 40.0857
3.259 40.082
3.26 40.0783
3.261 40.0746
3.262 40.0709
3.263 40.0672
3.264 40.0635
3.265 40.0597
3.266 40.056
3.267 40.0522
3.268 40.0485
3.269 40.0447
3.27 40.0409
3.271 40.0371
3.272 40.0333
3.273 40.0295
3.274 40.0256
3.275 40.0218
3.276 40.0179
3.277 40.0141
3.278 40.0102
3.279 40.0063
3.28 40.0025
3.281 39.9986
3.282 39.9947
3.283 39.9907
3.284 39.9868
3.285 39.9829
3.286 39.9789
3.287 39.975
3.288 39.971
3.289 39.967
3.29 39.963
3.291 39.959
3.292 39.955
3.293 39.951
3.294 39.947
3.295 39.943
3.296 39.9389
3.297 39.9349
3.298 39.9308
3.299 39.9267
3.3 39.9226
3.301 39.9186
3.302 39.9144
3.303 39.9103
3.304 39.9062
3.305 39.9021
3.306 39.8979
3.307 39.8938
3.308 39.8896
3.309 39.8854
3.31 39.8813
3.311 39.8771
3.312 39.8729
3.313 39.8687
3.314 39.8644
3.315 39.8602
3.316 39.856
3.317 39.8517
3.318 39.8475
3.319 39.8432
3.32 39.8389
3.321 39.8346
3.322 39.8303
3.323 39.826
3.324 39.8217
3.325 39.8174
3.326 39.813
3.327 39.8087
3.328 39.8043
3.329 39.7999
3.33 39.7956
3.331 39.7912
3.332 39.7868
3.333 39.7824
3.334 39.778
3.335 39.7735
3.336 39.7691
3.337 39.7646
3.338 39.7602
3.339 39.7557
3.34 39.7512
3.341 39.7468
3.342 39.7423
3.343 39.7378
3.344 39.7332
3.345 39.7287
3.346 39.7242
3.347 39.7196
3.348 39.7151
3.349 39.7105
3.35 39.7059
3.351 39.7014
3.352 39.6968
3.353 39.6922
3.354 39.6876
3.355 39.6829
3.356 39.6783
3.357 39.6737
3.358 39.669
3.359 39.6643
3.36 39.6597
3.361 39.655
3.362 39.6503
3.363 39.6456
3.364 39.6409
3.365 39.6362
3.366 39.6314
3.367 39.6267
3.368 39.6219
3.369 39.6172
3.37 39.6124
3.371 39.6076
3.372 39.6028
3.373 39.598
3.374 39.5932
3.375 39.5884
3.376 39.5836
3.377 39.5787
3.378 39.5739
3.379 39.569
3.38 39.5642
3.381 39.5593
3.382 39.5544
3.383 39.5495
3.384 39.5446
3.385 39.5397
3.386 39.5347
3.387 39.5298
3.388 39.5249
3.389 39.5199
3.39 39.5149
3.391 39.51
3.392 39.505
3.393 39.5
3.394 39.495
3.395 39.4899
3.396 39.4849
3.397 39.4799
3.398 39.4748
3.399 39.4698
3.4 39.4647
3.401 39.4596
3.402 39.4546
3.403 39.4495
3.404 39.4444
3.405 39.4393
3.406 39.4341
3.407 39.429
3.408 39.4239
3.409 39.4187
3.41 39.4135
3.411 39.4084
3.412 39.4032
3.413 39.398
3.414 39.3928
3.415 39.3876
3.416 39.3824
3.417 39.3771
3.418 39.3719
3.419 39.3666
3.42 39.3614
3.421 39.3561
3.422 39.3508
3.423 39.3455
3.424 39.3402
3.425 39.3349
3.426 39.3296
3.427 39.3243
3.428 39.3189
3.429 39.3136
3.43 39.3082
3.431 39.3028
3.432 39.2975
3.433 39.2921
3.434 39.2867
3.435 39.2813
3.436 39.2759
3.437 39.2704
3.438 39.265
3.439 39.2595
3.44 39.2541
3.441 39.2486
3.442 39.2431
3.443 39.2377
3.444 39.2322
3.445 39.2267
3.446 39.2211
3.447 39.2156
3.448 39.2101
3.449 39.2045
3.45 39.199
3.451 39.1934
3.452 39.1878
3.453 39.1822
3.454 39.1767
3.455 39.171
3.456 39.1654
3.457 39.1598
3.458 39.1542
3.459 39.1485
3.46 39.1429
3.461 39.1372
3.462 39.1315
3.463 39.1259
3.464 39.1202
3.465 39.1145
3.466 39.1088
3.467 39.103
3.468 39.0973
3.469 39.0916
3.47 39.0858
3.471 39.08
3.472 39.0743
3.473 39.0685
3.474 39.0627
3.475 39.0569
3.476 39.0511
3.477 39.0453
3.478 39.0394
3.479 39.0336
3.48 39.0278
3.481 39.0219
3.482 39.016
3.483 39.0101
3.484 39.0043
3.485 38.9984
3.486 38.9924
3.487 38.9865
3.488 38.9806
3.489 38.9747
3.49 38.9687
3.491 38.9628
3.492 38.9568
3.493 38.9508
3.494 38.9448
3.495 38.9388
3.496 38.9328
3.497 38.9268
3.498 38.9208
3.499 38.9147
3.5 38.9087
3.501 38.9026
3.502 38.8966
3.503 38.8905
3.504 38.8844
3.505 38.8783
3.506 38.8722
3.507 38.8661
3.508 38.86
3.509 38.8538
3.51 38.8477
3.511 38.8415
3.512 38.8354
3.513 38.8292
3.514 38.823
3.515 38.8168
3.516 38.8106
3.517 38.8044
3.518 38.7982
3.519 38.792
3.52 38.7857
3.521 38.7795
3.522 38.7732
3.523 38.7669
3.524 38.7607
3.525 38.7544
3.526 38.7481
3.527 38.7418
3.528 38.7354
3.529 38.7291
3.53 38.7228
3.531 38.7164
3.532 38.7101
3.533 38.7037
3.534 38.6973
3.535 38.6909
3.536 38.6845
3.537 38.6781
3.538 38.6717
3.539 38.6653
3.54 38.6588
3.541 38.6524
3.542 38.6459
3.543 38.6394
3.544 38.633
3.545 38.6265
3.546 38.62
3.547 38.6135
3.548 38.607
3.549 38.6004
3.55 38.5939
3.551 38.5874
3.552 38.5808
3.553 38.5742
3.554 38.5677
3.555 38.5611
3.556 38.5545
3.557 38.5479
3.558 38.5413
3.559 38.5346
3.56 38.528
3.561 38.5214
3.562 38.5147
3.563 38.508
3.564 38.5014
3.565 38.4947
3.566 38.488
3.567 38.4813
3.568 38.4746
3.569 38.4678
3.57 38.4611
3.571 38.4544
3.572 38.4476
3.573 38.4409
3.574 38.4341
3.575 38.4273
3.576 38.4205
3.577 38.4137
3.578 38.4069
3.579 38.4001
3.58 38.3932
3.581 38.3864
3.582 38.3796
3.583 38.3727
3.584 38.3658
3.585 38.3589
3.586 38.3521
3.587 38.3452
3.588 38.3383
3.589 38.3313
3.59 38.3244
3.591 38.3175
3.592 38.3105
3.593 38.3036
3.594 38.2966
3.595 38.2896
3.596 38.2826
3.597 38.2756
3.598 38.2686
3.599 38.2616
3.6 38.2546
3.601 38.2475
3.602 38.2405
3.603 38.2334
3.604 38.2264
3.605 38.2193
3.606 38.2122
3.607 38.2051
3.608 38.198
3.609 38.1909
3.61 38.1838
3.611 38.1766
3.612 38.1695
3.613 38.1623
3.614 38.1552
3.615 38.148
3.616 38.1408
3.617 38.1336
3.618 38.1264
3.619 38.1192
3.62 38.112
3.621 38.1047
3.622 38.0975
3.623 38.0903
3.624 38.083
3.625 38.0757
3.626 38.0684
3.627 38.0611
3.628 38.0538
3.629 38.0465
3.63 38.0392
3.631 38.0319
3.632 38.0245
3.633 38.0172
3.634 38.0098
3.635 38.0025
3.636 37.9951
3.637 37.9877
3.638 37.9803
3.639 37.9729
3.64 37.9655
3.641 37.958
3.642 37.9506
3.643 37.9431
3.644 37.9357
3.645 37.9282
3.646 37.9207
3.647 37.9133
3.648 37.9058
3.649 37.8982
3.65 37.8907
3.651 37.8832
3.652 37.8757
3.653 37.8681
3.654 37.8606
3.655 37.853
3.656 37.8454
3.657 37.8378
3.658 37.8302
3.659 37.8226
3.66 37.815
3.661 37.8074
3.662 37.7998
3.663 37.7921
3.664 37.7845
3.665 37.7768
3.666 37.7691
3.667 37.7614
3.668 37.7537
3.669 37.746
3.67 37.7383
3.671 37.7306
3.672 37.7229
3.673 37.7151
3.674 37.7074
3.675 37.6996
3.676 37.6918
3.677 37.6841
3.678 37.6763
3.679 37.6685
3.68 37.6606
3.681 37.6528
3.682 37.645
3.683 37.6372
3.684 37.6293
3.685 37.6214
3.686 37.6136
3.687 37.6057
3.688 37.5978
3.689 37.5899
3.69 37.582
3.691 37.5741
3.692 37.5661
3.693 37.5582
3.694 37.5503
3.695 37.5423
3.696 37.5343
3.697 37.5263
3.698 37.5184
3.699 37.5104
3.7 37.5024
3.701 37.4943
3.702 37.4863
3.703 37.4783
3.704 37.4702
3.705 37.4622
3.706 37.4541
3.707 37.446
3.708 37.4379
3.709 37.4298
3.71 37.4217
3.711 37.4136
3.712 37.4055
3.713 37.3974
3.714 37.3892
3.715 37.3811
3.716 37.3729
3.717 37.3647
3.718 37.3565
3.719 37.3483
3.72 37.3401
3.721 37.3319
3.722 37.3237
3.723 37.3155
3.724 37.3072
3.725 37.299
3.726 37.2907
3.727 37.2824
3.728 37.2742
3.729 37.2659
3.73 37.2576
3.731 37.2492
3.732 37.2409
3.733 37.2326
3.734 37.2243
3.735 37.2159
3.736 37.2075
3.737 37.1992
3.738 37.1908
3.739 37.1824
3.74 37.174
3.741 37.1656
3.742 37.1572
3.743 37.1487
3.744 37.1403
3.745 37.1318
3.746 37.1234
3.747 37.1149
3.748 37.1064
3.749 37.098
3.75 37.0895
3.751 37.0809
3.752 37.0724
3.753 37.0639
3.754 37.0554
3.755 37.0468
3.756 37.0383
3.757 37.0297
3.758 37.0211
3.759 37.0125
3.76 37.0039
3.761 36.9953
3.762 36.9867
3.763 36.9781
3.764 36.9694
3.765 36.9608
3.766 36.9521
3.767 36.9435
3.768 36.9348
3.769 36.9261
3.77 36.9174
3.771 36.9087
3.772 36.9
3.773 36.8913
3.774 36.8826
3.775 36.8738
3.776 36.8651
3.777 36.8563
3.778 36.8475
3.779 36.8387
3.78 36.8299
3.781 36.8211
3.782 36.8123
3.783 36.8035
3.784 36.7947
3.785 36.7858
3.786 36.777
3.787 36.7681
3.788 36.7592
3.789 36.7504
3.79 36.7415
3.791 36.7326
3.792 36.7237
3.793 36.7147
3.794 36.7058
3.795 36.6969
3.796 36.6879
3.797 36.679
3.798 36.67
3.799 36.661
3.8 36.652
3.801 36.643
3.802 36.634
3.803 36.625
3.804 36.616
3.805 36.6069
3.806 36.5979
3.807 36.5888
3.808 36.5798
3.809 36.5707
3.81 36.5616
3.811 36.5525
3.812 36.5434
3.813 36.5343
3.814 36.5252
3.815 36.516
3.816 36.5069
3.817 36.4977
3.818 36.4886
3.819 36.4794
3.82 36.4702
3.821 36.461
3.822 36.4518
3.823 36.4426
3.824 36.4334
3.825 36.4241
3.826 36.4149
3.827 36.4056
3.828 36.3964
3.829 36.3871
3.83 36.3778
3.831 36.3685
3.832 36.3592
3.833 36.3499
3.834 36.3406
3.835 36.3312
3.836 36.3219
3.837 36.3125
3.838 36.3032
3.839 36.2938
3.84 36.2844
3.841 36.275
3.842 36.2656
3.843 36.2562
3.844 36.2468
3.845 36.2374
3.846 36.2279
3.847 36.2185
3.848 36.209
3.849 36.1996
3.85 36.1901
3.851 36.1806
3.852 36.1711
3.853 36.1616
3.854 36.1521
3.855 36.1425
3.856 36.133
3.857 36.1235
3.858 36.1139
3.859 36.1043
3.86 36.0947
3.861 36.0852
3.862 36.0756
3.863 36.066
3.864 36.0563
3.865 36.0467
3.866 36.0371
3.867 36.0274
3.868 36.0178
3.869 36.0081
3.87 35.9984
3.871 35.9887
3.872 35.9791
3.873 35.9693
3.874 35.9596
3.875 35.9499
3.876 35.9402
3.877 35.9304
3.878 35.9207
3.879 35.9109
3.88 35.9011
3.881 35.8914
3.882 35.8816
3.883 35.8718
3.884 35.8619
3.885 35.8521
3.886 35.8423
3.887 35.8325
3.888 35.8226
3.889 35.8127
3.89 35.8029
3.891 35.793
3.892 35.7831
3.893 35.7732
3.894 35.7633
3.895 35.7534
3.896 35.7434
3.897 35.7335
3.898 35.7235
3.899 35.7136
3.9 35.7036
3.901 35.6936
3.902 35.6836
3.903 35.6736
3.904 35.6636
3.905 35.6536
3.906 35.6436
3.907 35.6335
3.908 35.6235
3.909 35.6134
3.91 35.6034
3.911 35.5933
3.912 35.5832
3.913 35.5731
3.914 35.563
3.915 35.5529
3.916 35.5428
3.917 35.5326
3.918 35.5225
3.919 35.5123
3.92 35.5022
3.921 35.492
3.922 35.4818
3.923 35.4716
3.924 35.4614
3.925 35.4512
3.926 35.4409
3.927 35.4307
3.928 35.4205
3.929 35.4102
3.93 35.4
3.931 35.3897
3.932 35.3794
3.933 35.3691
3.934 35.3588
3.935 35.3485
3.936 35.3382
3.937 35.3278
3.938 35.3175
3.939 35.3071
3.94 35.2968
3.941 35.2864
3.942 35.276
3.943 35.2656
3.944 35.2552
3.945 35.2448
3.946 35.2344
3.947 35.224
3.948 35.2135
3.949 35.2031
3.95 35.1926
3.951 35.1821
3.952 35.1717
3.953 35.1612
3.954 35.1507
3.955 35.1402
3.956 35.1296
3.957 35.1191
3.958 35.1086
3.959 35.098
3.96 35.0875
3.961 35.0769
3.962 35.0663
3.963 35.0557
3.964 35.0451
3.965 35.0345
3.966 35.0239
3.967 35.0133
3.968 35.0026
3.969 34.992
3.97 34.9813
3.971 34.9707
3.972 34.96
3.973 34.9493
3.974 34.9386
3.975 34.9279
3.976 34.9172
3.977 34.9065
3.978 34.8957
3.979 34.885
3.98 34.8742
3.981 34.8635
3.982 34.8527
3.983 34.8419
3.984 34.8311
3.985 34.8203
3.986 34.8095
3.987 34.7987
3.988 34.7878
3.989 34.777
3.99 34.7662
3.991 34.7553
3.992 34.7444
3.993 34.7335
3.994 34.7226
3.995 34.7117
3.996 34.7008
3.997 34.6899
3.998 34.679
3.999 34.668
4 34.6571
4.001 34.6461
4.002 34.6352
4.003 34.6242
4.004 34.6132
4.005 34.6022
4.006 34.5912
4.007 34.5802
4.008 34.5691
4.009 34.5581
4.01 34.547
4.011 34.536
4.012 34.5249
4.013 34.5138
4.014 34.5027
4.015 34.4916
4.016 34.4805
4.017 34.4694
4.018 34.4583
4.019 34.4472
4.02 34.436
4.021 34.4249
4.022 34.4137
4.023 34.4025
4.024 34.3913
4.025 34.3801
4.026 34.3689
4.027 34.3577
4.028 34.3465
4.029 34.3352
4.03 34.324
4.031 34.3127
4.032 34.3015
4.033 34.2902
4.034 34.2789
4.035 34.2676
4.036 34.2563
4.037 34.245
4.038 34.2337
4.039 34.2224
4.04 34.211
4.041 34.1997
4.042 34.1883
4.043 34.1769
4.044 34.1655
4.045 34.1541
4.046 34.1427
4.047 34.1313
4.048 34.1199
4.049 34.1085
4.05 34.097
4.051 34.0856
4.052 34.0741
4.053 34.0627
4.054 34.0512
4.055 34.0397
4.056 34.0282
4.057 34.0167
4.058 34.0052
4.059 33.9936
4.06 33.9821
4.061 33.9705
4.062 33.959
4.063 33.9474
4.064 33.9358
4.065 33.9242
4.066 33.9126
4.067 33.901
4.068 33.8894
4.069 33.8778
4.07 33.8661
4.071 33.8545
4.072 33.8428
4.073 33.8312
4.074 33.8195
4.075 33.8078
4.076 33.7961
4.077 33.7844
4.078 33.7727
4.079 33.761
4.08 33.7492
4.081 33.7375
4.082 33.7257
4.083 33.714
4.084 33.7022
4.085 33.6904
4.086 33.6786
4.087 33.6668
4.088 33.655
4.089 33.6432
4.09 33.6313
4.091 33.6195
4.092 33.6076
4.093 33.5958
4.094 33.5839
4.095 33.572
4.096 33.5601
4.097 33.5482
4.098 33.5363
4.099 33.5244
4.1 33.5125
4.101 33.5005
4.102 33.4886
4.103 33.4766
4.104 33.4646
4.105 33.4527
4.106 33.4407
4.107 33.4287
4.108 33.4167
4.109 33.4046
4.11 33.3926
4.111 33.3806
4.112 33.3685
4.113 33.3565
4.114 33.3444
4.115 33.3323
4.116 33.3202
4.117 33.3081
4.118 33.296
4.119 33.2839
4.12 33.2718
4.121 33.2596
4.122 33.2475
4.123 33.2353
4.124 33.2232
4.125 33.211
4.126 33.1988
4.127 33.1866
4.128 33.1744
4.129 33.1622
4.13 33.1499
4.131 33.1377
4.132 33.1255
4.133 33.1132
4.134 33.1009
4.135 33.0887
4.136 33.0764
4.137 33.0641
4.138 33.0518
4.139 33.0395
4.14 33.0271
4.141 33.0148
4.142 33.0025
4.143 32.9901
4.144 32.9777
4.145 32.9654
4.146 32.953
4.147 32.9406
4.148 32.9282
4.149 32.9158
4.15 32.9034
4.151 32.8909
4.152 32.8785
4.153 32.866
4.154 32.8536
4.155 32.8411
4.156 32.8286
4.157 32.8161
4.158 32.8036
4.159 32.7911
4.16 32.7786
4.161 32.7661
4.162 32.7535
4.163 32.741
4.164 32.7284
4.165 32.7159
4.166 32.7033
4.167 32.6907
4.168 32.6781
4.169 32.6655
4.17 32.6529
4.171 32.6402
4.172 32.6276
4.173 32.6149
4.174 32.6023
4.175 32.5896
4.176 32.5769
4.177 32.5643
4.178 32.5516
4.179 32.5388
4.18 32.5261
4.181 32.5134
4.182 32.5007
4.183 32.4879
4.184 32.4752
4.185 32.4624
4.186 32.4496
4.187 32.4368
4.188 32.424
4.189 32.4112
4.19 32.3984
4.191 32.3856
4.192 32.3728
4.193 32.3599
4.194 32.3471
4.195 32.3342
4.196 32.3213
4.197 32.3084
4.198 32.2956
4.199 32.2827
4.2 32.2697
4.201 32.2568
4.202 32.2439
4.203 32.2309
4.204 32.218
4.205 32.205
4.206 32.1921
4.207 32.1791
4.208 32.1661
4.209 32.1531
4.21 32.1401
4.211 32.1271
4.212 32.114
4.213 32.101
4.214 32.0879
4.215 32.0749
4.216 32.0618
4.217 32.0487
4.218 32.0356
4.219 32.0225
4.22 32.0094
4.221 31.9963
4.222 31.9832
4.223 31.97
4.224 31.9569
4.225 31.9437
4.226 31.9306
4.227 31.9174
4.228 31.9042
4.229 31.891
4.23 31.8778
4.231 31.8646
4.232 31.8513
4.233 31.8381
4.234 31.8249
4.235 31.8116
4.236 31.7983
4.237 31.7851
4.238 31.7718
4.239 31.7585
4.24 31.7452
4.241 31.7319
4.242 31.7185
4.243 31.7052
4.244 31.6919
4.245 31.6785
4.246 31.6651
4.247 31.6518
4.248 31.6384
4.249 31.625
4.25 31.6116
4.251 31.5982
4.252 31.5848
4.253 31.5713
4.254 31.5579
4.255 31.5444
4.256 31.531
4.257 31.5175
4.258 31.504
4.259 31.4905
4.26 31.477
4.261 31.4635
4.262 31.45
4.263 31.4365
4.264 31.4229
4.265 31.4094
4.266 31.3958
4.267 31.3822
4.268 31.3687
4.269 31.3551
4.27 31.3415
4.271 31.3279
4.272 31.3142
4.273 31.3006
4.274 31.287
4.275 31.2733
4.276 31.2597
4.277 31.246
4.278 31.2323
4.279 31.2186
4.28 31.2049
4.281 31.1912
4.282 31.1775
4.283 31.1638
4.284 31.15
4.285 31.1363
4.286 31.1225
4.287 31.1088
4.288 31.095
4.289 31.0812
4.29 31.0674
4.291 31.0536
4.292 31.0398
4.293 31.026
4.294 31.0121
4.295 30.9983
4.296 30.9844
4.297 30.9706
4.298 30.9567
4.299 30.9428
4.3 30.9289
4.301 30.915
4.302 30.9011
4.303 30.8872
4.304 30.8732
4.305 30.8593
4.306 30.8453
4.307 30.8314
4.308 30.8174
4.309 30.8034
4.31 30.7894
4.311 30.7754
4.312 30.7614
4.313 30.7474
4.314 30.7334
4.315 30.7193
4.316 30.7053
4.317 30.6912
4.318 30.6772
4.319 30.6631
4.32 30.649
4.321 30.6349
4.322 30.6208
4.323 30.6067
4.324 30.5925
4.325 30.5784
4.326 30.5642
4.327 30.5501
4.328 30.5359
4.329 30.5217
4.33 30.5075
4.331 30.4933
4.332 30.4791
4.333 30.4649
4.334 30.4507
4.335 30.4365
4.336 30.4222
4.337 30.4079
4.338 30.3937
4.339 30.3794
4.34 30.3651
4.341 30.3508
4.342 30.3365
4.343 30.3222
4.344 30.3079
4.345 30.2935
4.346 30.2792
4.347 30.2648
4.348 30.2505
4.349 30.2361
4.35 30.2217
4.351 30.2073
4.352 30.1929
4.353 30.1785
4.354 30.1641
4.355 30.1496
4.356 30.1352
4.357 30.1208
4.358 30.1063
4.359 30.0918
4.36 30.0773
4.361 30.0628
4.362 30.0483
4.363 30.0338
4.364 30.0193
4.365 30.0048
4.366 29.9902
4.367 29.9757
4.368 29.9611
4.369 29.9466
4.37 29.932
4.371 29.9174
4.372 29.9028
4.373 29.8882
4.374 29.8736
4.375 29.8589
4.376 29.8443
4.377 29.8296
4.378 29.815
4.379 29.8003
4.38 29.7856
4.381 29.7709
4.382 29.7562
4.383 29.7415
4.384 29.7268
4.385 29.7121
4.386 29.6973
4.387 29.6826
4.388 29.6678
4.389 29.6531
4.39 29.6383
4.391 29.6235
4.392 29.6087
4.393 29.5939
4.394 29.5791
4.395 29.5643
4.396 29.5494
4.397 29.5346
4.398 29.5197
4.399 29.5049
4.4 29.49
4.401 29.4751
4.402 29.4602
4.403 29.4453
4.404 29.4304
4.405 29.4155
4.406 29.4005
4.407 29.3856
4.408 29.3706
4.409 29.3557
4.41 29.3407
4.411 29.3257
4.412 29.3107
4.413 29.2957
4.414 29.2807
4.415 29.2657
4.416 29.2507
4.417 29.2356
4.418 29.2206
4.419 29.2055
4.42 29.1904
4.421 29.1754
4.422 29.1603
4.423 29.1452
4.424 29.1301
4.425 29.1149
4.426 29.0998
4.427 29.0847
4.428 29.0695
4.429 29.0544
4.43 29.0392
4.431 29.024
4.432 29.0088
4.433 28.9936
4.434 28.9784
4.435 28.9632
4.436 28.948
4.437 28.9327
4.438 28.9175
4.439 28.9022
4.44 28.887
4.441 28.8717
4.442 28.8564
4.443 28.8411
4.444 28.8258
4.445 28.8105
4.446 28.7951
4.447 28.7798
4.448 28.7645
4.449 28.7491
4.45 28.7337
4.451 28.7184
4.452 28.703
4.453 28.6876
4.454 28.6722
4.455 28.6568
4.456 28.6413
4.457 28.6259
4.458 28.6105
4.459 28.595
4.46 28.5796
4.461 28.5641
4.462 28.5486
4.463 28.5331
4.464 28.5176
4.465 28.5021
4.466 28.4866
4.467 28.471
4.468 28.4555
4.469 28.4399
4.47 28.4244
4.471 28.4088
4.472 28.3932
4.473 28.3776
4.474 28.362
4.475 28.3464
4.476 28.3308
4.477 28.3152
4.478 28.2995
4.479 28.2839
4.48 28.2682
4.481 28.2526
4.482 28.2369
4.483 28.2212
4.484 28.2055
4.485 28.1898
4.486 28.1741
4.487 28.1583
4.488 28.1426
4.489 28.1268
4.49 28.1111
4.491 28.0953
4.492 28.0795
4.493 28.0638
4.494 28.048
4.495 28.0322
4.496 28.0163
4.497 28.0005
4.498 27.9847
4.499 27.9688
4.5 27.953
4.501 27.9371
4.502 27.9212
4.503 27.9053
4.504 27.8894
4.505 27.8735
4.506 27.8576
4.507 27.8417
4.508 27.8258
4.509 27.8098
4.51 27.7939
4.511 27.7779
4.512 27.7619
4.513 27.746
4.514 27.73
4.515 27.714
4.516 27.6979
4.517 27.6819
4.518 27.6659
4.519 27.6498
4.52 27.6338
4.521 27.6177
4.522 27.6017
4.523 27.5856
4.524 27.5695
4.525 27.5534
4.526 27.5373
4.527 27.5212
4.528 27.505
4.529 27.4889
4.53 27.4727
4.531 27.4566
4.532 27.4404
4.533 27.4242
4.534 27.408
4.535 27.3918
4.536 27.3756
4.537 27.3594
4.538 27.3432
4.539 27.3269
4.54 27.3107
4.541 27.2944
4.542 27.2782
4.543 27.2619
4.544 27.2456
4.545 27.2293
4.546 27.213
4.547 27.1967
4.548 27.1804
4.549 27.164
4.55 27.1477
4.551 27.1313
4.552 27.1149
4.553 27.0986
4.554 27.0822
4.555 27.0658
4.556 27.0494
4.557 27.033
4.558 27.0165
4.559 27.0001
4.56 26.9837
4.561 26.9672
4.562 26.9508
4.563 26.9343
4.564 26.9178
4.565 26.9013
4.566 26.8848
4.567 26.8683
4.568 26.8518
4.569 26.8352
4.57 26.8187
4.571 26.8021
4.572 26.7856
4.573 26.769
4.574 26.7524
4.575 26.7358
4.576 26.7192
4.577 26.7026
4.578 26.686
4.579 26.6694
4.58 26.6527
4.581 26.6361
4.582 26.6194
4.583 26.6027
4.584 26.5861
4.585 26.5694
4.586 26.5527
4.587 26.536
4.588 26.5192
4.589 26.5025
4.59 26.4858
4.591 26.469
4.592 26.4523
4.593 26.4355
4.594 26.4187
4.595 26.4019
4.596 26.3851
4.597 26.3683
4.598 26.3515
4.599 26.3347
4.6 26.3178
4.601 26.301
4.602 26.2841
4.603 26.2673
4.604 26.2504
4.605 26.2335
4.606 26.2166
4.607 26.1997
4.608 26.1828
4.609 26.1659
4.61 26.1489
4.611 26.132
4.612 26.115
4.613 26.0981
4.614 26.0811
4.615 26.0641
4.616 26.0471
4.617 26.0301
4.618 26.0131
4.619 25.9961
4.62 25.9791
4.621 25.962
4.622 25.945
4.623 25.9279
4.624 25.9108
4.625 25.8937
4.626 25.8766
4.627 25.8595
4.628 25.8424
4.629 25.8253
4.63 25.8082
4.631 25.791
4.632 25.7739
4.633 25.7567
4.634 25.7396
4.635 25.7224
4.636 25.7052
4.637 25.688
4.638 25.6708
4.639 25.6536
4.64 25.6363
4.641 25.6191
4.642 25.6018
4.643 25.5846
4.644 25.5673
4.645 25.55
4.646 25.5327
4.647 25.5155
4.648 25.4981
4.649 25.4808
4.65 25.4635
4.651 25.4462
4.652 25.4288
4.653 25.4115
4.654 25.3941
4.655 25.3767
4.656 25.3593
4.657 25.3419
4.658 25.3245
4.659 25.3071
4.66 25.2897
4.661 25.2723
4.662 25.2548
4.663 25.2374
4.664 25.2199
4.665 25.2024
4.666 25.1849
4.667 25.1674
4.668 25.1499
4.669 25.1324
4.67 25.1149
4.671 25.0974
4.672 25.0798
4.673 25.0623
4.674 25.0447
4.675 25.0271
4.676 25.0095
4.677 24.992
4.678 24.9744
4.679 24.9567
4.68 24.9391
4.681 24.9215
4.682 24.9038
4.683 24.8862
4.684 24.8685
4.685 24.8509
4.686 24.8332
4.687 24.8155
4.688 24.7978
4.689 24.7801
4.69 24.7624
4.691 24.7446
4.692 24.7269
4.693 24.7091
4.694 24.6914
4.695 24.6736
4.696 24.6558
4.697 24.638
4.698 24.6203
4.699 24.6024
4.7 24.5846
4.701 24.5668
4.702 24.549
4.703 24.5311
4.704 24.5133
4.705 24.4954
4.706 24.4775
4.707 24.4596
4.708 24.4417
4.709 24.4238
4.71 24.4059
4.711 24.388
4.712 24.37
4.713 24.3521
4.714 24.3341
4.715 24.3162
4.716 24.2982
4.717 24.2802
4.718 24.2622
4.719 24.2442
4.72 24.2262
4.721 24.2082
4.722 24.1902
4.723 24.1721
4.724 24.1541
4.725 24.136
4.726 24.1179
4.727 24.0998
4.728 24.0817
4.729 24.0636
4.73 24.0455
4.731 24.0274
4.732 24.0093
4.733 23.9911
4.734 23.973
4.735 23.9548
4.736 23.9366
4.737 23.9185
4.738 23.9003
4.739 23.8821
4.74 23.8639
4.741 23.8456
4.742 23.8274
4.743 23.8092
4.744 23.7909
4.745 23.7727
4.746 23.7544
4.747 23.7361
4.748 23.7178
4.749 23.6995
4.75 23.6812
4.751 23.6629
4.752 23.6446
4.753 23.6262
4.754 23.6079
4.755 23.5895
4.756 23.5712
4.757 23.5528
4.758 23.5344
4.759 23.516
4.76 23.4976
4.761 23.4792
4.762 23.4608
4.763 23.4423
4.764 23.4239
4.765 23.4054
4.766 23.387
4.767 23.3685
4.768 23.35
4.769 23.3315
4.77 23.313
4.771 23.2945
4.772 23.276
4.773 23.2574
4.774 23.2389
4.775 23.2203
4.776 23.2018
4.777 23.1832
4.778 23.1646
4.779 23.146
4.78 23.1274
4.781 23.1088
4.782 23.0902
4.783 23.0715
4.784 23.0529
4.785 23.0343
4.786 23.0156
4.787 22.9969
4.788 22.9782
4.789 22.9595
4.79 22.9408
4.791 22.9221
4.792 22.9034
4.793 22.8847
4.794 22.8659
4.795 22.8472
4.796 22.8284
4.797 22.8097
4.798 22.7909
4.799 22.7721
4.8 22.7533
4.801 22.7345
4.802 22.7157
4.803 22.6968
4.804 22.678
4.805 22.6592
4.806 22.6403
4.807 22.6214
4.808 22.6026
4.809 22.5837
4.81 22.5648
4.811 22.5459
4.812 22.527
4.813 22.508
4.814 22.4891
4.815 22.4701
4.816 22.4512
4.817 22.4322
4.818 22.4132
4.819 22.3943
4.82 22.3753
4.821 22.3563
4.822 22.3372
4.823 22.3182
4.824 22.2992
4.825 22.2801
4.826 22.2611
4.827 22.242
4.828 22.223
4.829 22.2039
4.83 22.1848
4.831 22.1657
4.832 22.1466
4.833 22.1274
4.834 22.1083
4.835 22.0892
4.836 22.07
4.837 22.0508
4.838 22.0317
4.839 22.0125
4.84 21.9933
4.841 21.9741
4.842 21.9549
4.843 21.9357
4.844 21.9164
4.845 21.8972
4.846 21.878
4.847 21.8587
4.848 21.8394
4.849 21.8201
4.85 21.8009
4.851 21.7816
4.852 21.7622
4.853 21.7429
4.854 21.7236
4.855 21.7043
4.856 21.6849
4.857 21.6656
4.858 21.6462
4.859 21.6268
4.86 21.6074
4.861 21.588
4.862 21.5686
4.863 21.5492
4.864 21.5298
4.865 21.5103
4.866 21.4909
4.867 21.4714
4.868 21.452
4.869 21.4325
4.87 21.413
4.871 21.3935
4.872 21.374
4.873 21.3545
4.874 21.335
4.875 21.3154
4.876 21.2959
4.877 21.2763
4.878 21.2568
4.879 21.2372
4.88 21.2176
4.881 21.198
4.882 21.1784
4.883 21.1588
4.884 21.1392
4.885 21.1195
4.886 21.0999
4.887 21.0803
4.888 21.0606
4.889 21.0409
4.89 21.0212
4.891 21.0015
4.892 20.9818
4.893 20.9621
4.894 20.9424
