1 20403
2 10019
3 7302
4 5035
5 4443
6 3776
7 3508
8 2551
9 2898
10 2019
11 2502
12 2134
13 2214
14 2104
15 2024
16 1317
17 1852
18 1586
19 1720
20 1035
21 1628
22 1384
23 1552
24 1324
25 1283
26 1468
27 1432
28 1414
29 1356
30 1150
31 1344
32 716
33 1322
34 1288
35 1270
36 1054
37 1256
38 1218
39 1212
40 551
41 1170
42 1176
43 1124
44 954
45 1168
46 1142
47 1108
48 932
49 1100
50 419
51 1084
52 1108
53 1092
54 1086
55 1078
56 1080
57 1074
58 1036
59 1054
60 840
61 1058
62 1046
63 1024
64 428
65 1038
66 1042
67 998
68 1018
69 1020
70 1008
71 996
72 800
73 972
74 1010
75 1014
76 978
77 950
78 980
79 976
80 317
81 962
82 950
83 980
84 962
85 958
86 916
87 912
88 750
89 948
90 730
91 934
92 948
93 946
94 920
95 934
96 748
97 914
98 920
99 942
100 235
101 922
102 912
103 926
104 940
105 922
106 928
107 926
108 924
109 866
110 672
111 928
112 926
113 924
114 922
115 912
116 888
117 894
118 908
119 924
120 698
121 896
122 918
123 878
124 908
125 675
126 890
127 888
128 296
129 878
130 908
131 844
132 914
133 874
134 872
135 888
136 894
137 900
138 900
139 874
140 890
141 872
142 880
143 862
144 686
145 884
146 860
147 852
148 898
149 874
150 656
151 872
152 870
153 862
154 844
155 884
156 876
157 874
158 874
159 864
160 216
161 848
162 862
163 854
164 852
165 876
166 884
167 866
168 866
169 850
170 864
171 856
172 824
173 870
174 822
175 878
176 660
177 876
178 860
179 826
180 642
181 826
182 848
183 880
184 864
185 880
186 862
187 862
188 838
189 868
190 852
191 852
192 668
193 826
194 834
195 850
196 842
197 856
198 864
199 872
200 151
201 830
202 846
203 814
204 838
205 852
206 852
207 852
208 868
209 818
210 850
211 866
212 858
213 824
214 856
215 824
216 856
217 848
218 798
219 854
220 606
221 846
222 862
223 836
224 860
225 868
226 860
227 852
228 858
229 834
230 850
231 858
232 826
233 848
234 832
235 824
236 848
237 840
238 864
239 854
240 638
241 862
242 838
243 814
244 860
245 844
246 820
247 828
248 852
249 836
250 99
251 810
252 834
253 834
254 834
255 818
256 242
257 816
258 824
259 840
260 856
261 824
262 792
263 856
264 862
265 822
266 822
267 854
268 822
269 814
270 838
271 844
272 844
273 852
274 852
275 844
276 852
277 844
278 826
279 842
280 842
281 834
282 826
283 858
284 834
285 810
286 816
287 848
288 640
289 848
290 840
291 816
292 816
293 776
294 808
295 806
296 854
297 822
298 830
299 814
300 614
301 806
302 830
303 830
304 828
305 836
306 820
307 836
308 804
309 812
310 844
311 796
312 836
313 834
314 834
315 826
316 834
317 858
318 826
319 850
320 178
321 850
322 810
323 816
324 824
325 840
326 816
327 848
328 816
329 816
330 840
331 824
332 848
333 840
334 830
335 798
336 830
337 830
338 814
339 838
340 830
341 830
342 822
343 814
344 790
345 812
346 836
347 804
348 788
349 836
350 844
351 844
352 628
353 836
354 844
355 828
356 828
357 828
358 794
359 842
360 610
361 834
362 794
363 810
364 818
365 842
366 850
367 786
368 834
369 786
370 850
371 848
372 832
373 816
374 832
375 856
376 808
377 832
378 840
379 832
380 824
381 792
382 824
383 840
384 640
385 838
386 798
387 806
388 806
389 838
390 822
391 838
392 814
393 830
394 830
395 814
396 838
397 838
398 846
399 830
400 117
401 828
402 804
403 836
404 820
405 796
406 788
407 820
408 812
409 804
410 828
411 828
412 828
413 852
414 828
415 828
416 844
417 778
418 794
419 810
420 826
421 842
422 842
423 810
424 834
425 818
426 802
427 826
428 834
429 826
430 802
431 818
432 834
433 802
434 826
435 824
436 776
437 824
438 832
439 816
440 584
441 832
442 824
443 824
444 840
445 784
446 816
447 800
448 840
449 832
450 584
451 808
452 840
453 824
454 832
455 814
456 838
457 830
458 814
459 798
460 830
461 814
462 838
463 790
464 806
465 814
466 830
467 830
468 814
469 830
470 806
471 806
472 830
473 830
474 822
475 830
476 846
477 820
478 836
479 844
480 620
481 828
482 844
483 812
484 820
485 828
486 796
487 796
488 844
489 796
490 828
491 828
492 804
493 828
494 812
495 844
496 836
497 812
498 820
499 820
500 75
501 802
502 794
503 818
504 818
505 826
506 818
507 818
508 818
509 810
510 802
511 778
512 226
513 826
514 802
515 818
516 810
517 802
518 826
519 834
520 842
521 826
522 810
523 810
524 778
525 834
526 842
527 840
528 848
529 800
530 808
531 816
532 808
533 808
534 840
535 832
536 808
537 832
538 800
539 800
540 824
541 832
542 832
543 816
544 832
545 824
546 840
547 840
548 840
549 824
550 568
551 816
552 840
553 848
554 832
555 824
556 814
557 814
558 830
559 798
560 830
561 822
562 822
563 846
564 814
565 838
566 846
567 806
568 822
569 822
570 798
571 822
572 806
573 782
574 838
575 838
576 630
577 830
578 838
579 822
580 830
581 822
582 806
583 830
584 806
585 838
586 766
587 814
588 798
589 780
590 796
591 836
592 844
593 820
594 812
595 788
596 820
597 852
598 804
599 836
600 604
601 764
602 796
603 828
604 820
605 820
606 820
607 804
608 820
609 788
610 828
611 828
612 812
613 820
614 828
615 836
616 796
617 828
618 804
619 820
620 836
621 836
622 788
623 828
624 828
625 860
626 826
627 834
628 826
629 786
630 818
631 818
632 826
633 818
634 850
635 834
636 818
637 842
638 842
639 802
640 170
641 810
642 842
643 746
644 802
645 842
646 810
647 834
648 818
649 794
650 834
651 842
652 810
653 802
654 842
655 810
656 810
657 802
658 810
659 818
660 834
661 770
662 818
663 810
664 842
665 834
666 834
667 824
668 824
669 784
670 792
671 832
672 824
673 824
674 824
675 816
676 808
677 768
678 832
679 824
680 824
681 808
682 824
683 824
684 816
685 832
686 808
687 800
688 784
689 768
690 808
691 840
692 832
693 824
694 800
695 800
696 784
697 784
698 832
699 824
700 840
701 768
702 840
703 824
704 624
705 832
706 832
707 816
708 840
709 816
710 824
711 816
712 824
713 832
714 824
715 830
716 790
717 814
718 838
719 806
720 606
721 838
722 830
723 846
724 790
725 822
726 806
727 806
728 814
729 830
730 838
731 814
732 846
733 822
734 782
735 814
736 830
737 830
738 782
739 830
740 846
741 806
742 846
743 822
744 830
745 822
746 814
747 814
748 830
749 798
750 582
751 806
752 806
753 774
754 830
755 822
756 838
757 806
758 830
759 838
760 822
761 814
762 790
763 830
764 822
765 830
766 838
767 822
768 638
769 790
770 836
771 780
772 796
773 820
774 804
775 828
776 804
777 836
778 836
779 740
780 820
781 836
782 836
783 828
784 812
785 812
786 828
787 828
788 828
789 844
790 812
791 828
792 836
793 844
794 836
795 804
796 844
797 772
798 828
799 764
800 116
801 820
802 828
803 820
804 804
805 828
806 836
807 804
808 820
809 836
810 796
811 836
812 788
813 812
814 820
815 820
816 812
817 804
818 804
819 836
820 828
821 788
822 828
823 820
824 828
825 836
826 852
827 756
828 828
829 828
830 828
831 836
832 844
833 820
834 778
835 810
836 794
837 834
838 810
839 810
840 826
841 794
842 842
843 818
844 842
845 810
846 810
847 826
848 834
849 834
850 818
851 834
852 802
853 818
854 826
855 842
856 834
857 842
858 826
859 818
860 802
861 810
862 818
863 810
864 834
865 802
866 802
867 826
868 826
869 834
870 826
871 826
872 778
873 834
874 826
875 842
876 834
877 794
878 818
879 794
880 586
881 794
882 834
883 834
884 826
885 810
886 826
887 826
888 842
889 818
890 786
891 818
892 818
893 794
894 802
895 810
896 842
897 810
898 834
899 826
900 586
901 818
902 810
903 842
904 842
905 834
906 826
907 834
908 834
909 810
910 816
911 832
912 840
913 832
914 832
915 832
916 816
917 800
918 800
919 792
920 832
921 824
922 816
923 776
924 840
925 824
926 792
927 832
928 808
929 832
930 816
931 784
932 832
933 776
934 832
935 840
936 816
937 832
938 832
939 840
940 808
941 808
942 808
943 832
944 832
945 816
946 832
947 808
948 824
949 824
950 832
951 848
952 848
953 816
954 824
955 832
956 840
957 816
958 848
959 840
960 624
961 840
962 832
963 832
964 848
965 832
966 816
967 824
968 824
969 816
970 832
971 776
972 800
973 808
974 800
975 816
976 848
977 840
978 800
979 824
980 832
981 824
982 832
983 848
984 808
985 848
986 832
987 824
988 816
989 800
990 848
991 800
992 840
993 848
994 816
995 808
996 824
997 824
998 824
999 832
1000 71
1001 790
1002 806
1003 846
1004 798
1005 774
1006 822
1007 814
1008 822
1009 790
1010 830
1011 830
1012 822
1013 830
1014 822
1015 822
1016 822
1017 838
1018 814
1019 806
1020 806
1021 838
1022 782
1023 814
1024 230
1025 830
1026 830
1027 830
1028 806
1029 846
1030 822
1031 806
1032 814
1033 830
1034 806
1035 854
1036 830
1037 846
1038 838
1039 814
1040 846
1041 806
1042 830
1043 798
1044 814
1045 830
1046 814
1047 838
1048 782
1049 838
1050 838
1051 822
1052 846
1053 846
1054 846
1055 838
1056 854
1057 830
1058 806
1059 798
1060 814
1061 830
1062 822
1063 846
1064 814
1065 846
1066 814
1067 814
1068 846
1069 822
1070 838
1071 846
1072 814
1073 846
1074 838
1075 838
1076 806
1077 838
1078 806
1079 846
1080 830
1081 814
1082 838
1083 830
1084 838
1085 846
1086 822
1087 798
1088 838
1089 854
1090 830
1091 822
1092 846
1093 838
1094 846
1095 830
1096 846
1097 838
1098 830
1099 846
1100 574
1101 838
1102 822
1103 830
1104 846
1105 830
1106 854
1107 782
1108 838
1109 806
1110 830
1111 830
1112 820
1113 820
1114 820
1115 852
1116 836
1117 804
1118 804
1119 804
1120 836
1121 852
1122 828
1123 828
1124 828
1125 844
1126 852
1127 836
1128 820
1129 836
1130 844
1131 796
1132 852
1133 836
1134 812
1135 820
1136 828
1137 844
1138 828
1139 844
1140 804
1141 812
1142 828
1143 844
1144 812
1145 812
1146 788
1147 820
1148 844
1149 828
1150 844
1151 836
1152 636
1153 836
1154 836
1155 844
1156 844
1157 828
1158 828
1159 844
1160 836
1161 836
1162 828
1163 852
1164 812
1165 828
1166 836
1167 828
1168 812
1169 828
1170 844
1171 852
1172 772
1173 812
1174 820
1175 812
1176 804
1177 812
1178 788
1179 836
1180 804
1181 844
1182 844
1183 812
1184 852
1185 852
1186 828
1187 836
1188 820
1189 844
1190 796
1191 836
1192 828
1193 844
1194 860
1195 844
1196 812
1197 812
1198 844
1199 836
1200 612
1201 852
1202 772
1203 844
1204 804
1205 820
1206 836
1207 828
1208 828
1209 836
1210 828
1211 836
1212 828
1213 780
1214 812
1215 772
1216 828
1217 804
1218 796
1219 836
1220 836
1221 804
1222 836
1223 820
1224 820
1225 828
1226 828
1227 844
1228 836
1229 796
1230 844
1231 828
1232 804
1233 836
1234 836
1235 804
1236 812
1237 820
1238 828
1239 820
1240 844
1241 820
1242 844
1243 804
1244 796
1245 796
1246 836
1247 844
1248 836
1249 844
1250 316
1251 778
1252 834
1253 842
1254 842
1255 802
1256 834
1257 850
1258 794
1259 826
1260 826
1261 810
1262 826
1263 826
1264 834
1265 850
1266 826
1267 770
1268 858
1269 794
1270 842
1271 842
1272 826
1273 786
1274 850
1275 834
1276 850
1277 834
1278 810
1279 818
1280 178
1281 818
1282 818
1283 842
1284 850
1285 842
1286 754
1287 834
1288 810
1289 810
1290 850
1291 826
1292 818
1293 802
1294 842
1295 826
1296 826
1297 818
1298 802
1299 794
1300 842
1301 834
1302 850
1303 810
1304 818
1305 834
1306 810
1307 842
1308 850
1309 802
1310 818
1311 802
1312 818
1313 810
1314 810
1315 842
1316 818
1317 834
1318 826
1319 842
1320 842
1321 834
1322 778
1323 842
1324 826
1325 810
1326 818
1327 754
1328 850
1329 850
1330 842
1331 834
1332 842
1333 810
1334 834
1335 834
1336 834
1337 842
1338 794
1339 834
1340 802
1341 810
1342 842
1343 802
1344 834
1345 834
1346 834
1347 810
1348 834
1349 810
1350 826
1351 858
1352 818
1353 834
1354 778
1355 802
1356 842
1357 858
1358 834
1359 834
1360 834
1361 834
1362 818
1363 850
1364 834
1365 834
1366 834
1367 834
1368 826
1369 818
1370 842
1371 850
1372 818
1373 850
1374 810
1407 842
1408 634
1409 842
1410 842
1411 826
1412 842
1413 850
1414 826
1415 842
1416 850
1417 858
1418 826
1419 826
1420 834
1421 818
1422 826
1423 850
1424 834
1425 858
1426 842
1427 826
1428 834
1429 832
1430 840
1431 856
1432 800
1433 784
1434 824
1435 816
1436 848
1437 824
1438 816
1439 800
1440 616
1441 848
1442 848
1443 832
1444 840
1445 832
1446 856
1447 856
1448 800
1449 840
1450 832
1451 792
1452 816
1453 800
1454 816
1455 816
1456 824
1457 848
1458 840
1459 824
1460 848
1461 808
1462 824
1463 776
1464 856
1465 856
1466 832
1467 808
1468 792
1469 824
1470 824
1471 856
1472 840
1473 824
1474 840
1475 832
1476 792
1477 824
1478 840
1479 848
1480 856
1481 816
1482 816
1483 824
1484 856
1485 840
1486 832
1487 848
1488 840
1489 824
1490 832
1491 848
1492 824
1493 784
1494 824
1495 824
1496 840
1497 840
1498 808
1499 848
1500 592
1501 840
1502 816
1503 800
1504 816
1505 800
1506 784
1507 856
1508 840
1509 856
1510 832
1511 824
1512 848
1513 808
1514 816
1515 808
1516 840
1517 840
1518 848
1519 824
1520 832
1521 832
1522 824
1523 840
1524 800
1525 808
1526 840
1527 848
1528 832
1529 856
1530 840
1531 792
1532 848
1533 848
1534 832
1535 832
1536 648
1537 840
1538 800
1539 816
1540 848
1541 816
1542 792
1543 840
1544 808
1545 840
1546 832
1547 848
1548 816
1549 832
1550 840
1551 840
1552 816
1553 856
1554 848
1555 832
1556 848
1557 832
1558 752
1559 840
1560 832
1561 784
1562 848
1563 808
1564 848
1565 848
1566 840
1567 824
1568 824
1569 816
1570 824
1571 832
1572 840
1573 848
1574 840
1575 840
1576 840
1577 816
1578 856
1579 832
1580 824
1581 848
1582 840
1583 848
1584 848
1585 832
1586 856
1587 792
1588 848
1589 832
1590 816
1591 808
1592 856
1593 840
1594 784
1595 824
1596 840
1597 848
1598 776
1599 816
1600 128
1601 824
1602 832
1603 848
1604 840
1605 848
1606 832
1607 856
1608 816
1609 824
1610 840
1611 832
1612 848
1613 840
1614 816
1615 824
1616 832
1617 848
1618 848
1619 840
1620 808
1621 824
1622 848
1623 816
1624 800
1625 832
1626 824
1627 840
1628 832
1629 800
1630 832
1631 824
1632 824
1633 848
1634 816
1635 832
1636 816
1637 832
1638 848
1639 848
1640 840
1641 832
1642 800
1643 824
1644 840
1645 832
1646 832
1647 824
1648 840
1649 824
1650 848
1651 840
1652 864
1653 856
1654 768
1655 848
1656 840
1657 856
1658 840
1659 864
1660 840
1661 832
1662 848
1663 856
1664 856
1665 840
1666 832
1876 846
1877 846
1878 854
1879 798
1880 822
1881 814
1882 822
1883 854
1884 822
1885 830
1886 846
1887 846
1888 846
1889 854
1890 830
1891 830
1892 846
1893 846
1894 822
1895 814
1896 838
1897 838
1898 838
1899 814
1900 846
1901 814
1902 862
1903 798
1904 862
1905 846
1906 830
1907 854
1908 838
1909 838
1910 846
1911 854
1912 854
1913 854
1914 830
1915 838
1916 862
1917 806
1918 854
1919 854
1920 638
1921 846
1922 854
1923 798
1924 846
1925 854
1926 846
1927 782
1928 862
1929 726
1930 846
1931 814
1932 830
1933 838
1934 838
1935 830
1936 838
1937 806
1938 830
1939 806
1940 846
1941 846
1942 790
1943 846
1944 814
1945 830
1946 822
1947 854
1948 814
1949 862
1950 830
1951 822
1952 862
1953 854
1954 854
1955 854
1956 814
1957 822
1958 838
1959 814
1960 846
1961 870
1962 838
1963 838
1964 846
1965 790
1966 862
1967 862
1968 822
1969 814
1970 862
1971 830
1972 846
1973 822
1974 838
1975 814
1976 830
1977 854
1978 814
1979 862
1980 862
1981 838
1982 814
1983 854
1984 854
1985 838
1986 862
1987 814
1988 830
1989 822
1990 822
1991 854
1992 838
1993 862
1994 838
1995 846
1996 838
1997 846
1998 846
1999 854
2000 77
