0 0
0.001 0.0282843
0.002 0.0565516
0.003 0.084802
0.004 0.113035
0.005 0.141252
0.006 0.169451
0.007 0.197634
0.008 0.2258
0.009 0.253949
0.01 0.282081
0.011 0.310196
0.012 0.338294
0.013 0.366375
0.014 0.39444
0.015 0.422487
0.016 0.450518
0.017 0.478532
0.018 0.506529
0.019 0.534509
0.02 0.562473
0.021 0.590419
0.022 0.618349
0.023 0.646262
0.024 0.674158
0.025 0.702038
0.026 0.7299
0.027 0.757746
0.028 0.785575
0.029 0.813388
0.03 0.841183
0.031 0.868962
0.032 0.896724
0.033 0.92447
0.034 0.952198
0.035 0.97991
0.036 1.00761
0.037 1.03528
0.038 1.06295
0.039 1.09059
0.04 1.11822
0.041 1.14583
0.042 1.17343
0.043 1.20101
0.044 1.22857
0.045 1.25611
0.046 1.28364
0.047 1.31115
0.048 1.33865
0.049 1.36613
0.05 1.39359
0.051 1.42103
0.052 1.44846
0.053 1.47588
0.054 1.50327
0.055 1.53065
0.056 1.55801
0.057 1.58536
0.058 1.61269
0.059 1.64
0.06 1.6673
0.061 1.69458
0.062 1.72184
0.063 1.74909
0.064 1.77632
0.065 1.80353
0.066 1.83073
0.067 1.85791
0.068 1.88507
0.069 1.91222
0.07 1.93935
0.071 1.96647
0.072 1.99357
0.073 2.02065
0.074 2.04771
0.075 2.07476
0.076 2.1018
0.077 2.12881
0.078 2.15581
0.079 2.1828
0.08 2.20976
0.081 2.23671
0.082 2.26365
0.083 2.29057
0.084 2.31747
0.085 2.34435
0.086 2.37122
0.087 2.39807
0.088 2.42491
0.089 2.45173
0.09 2.47853
0.091 2.50532
0.092 2.53209
0.093 2.55884
0.094 2.58558
0.095 2.6123
0.096 2.63901
0.097 2.6657
0.098 2.69237
0.099 2.71903
0.1 2.74567
0.101 2.77229
0.102 2.7989
0.103 2.82549
0.104 2.85207
0.105 2.87863
0.106 2.90517
0.107 2.9317
0.108 2.95821
0.109 2.9847
0.11 3.01118
0.111 3.03764
0.112 3.06409
0.113 3.09052
0.114 3.11693
0.115 3.14333
0.116 3.16971
0.117 3.19607
0.118 3.22242
0.119 3.24875
0.12 3.27507
0.121 3.30137
0.122 3.32766
0.123 3.35392
0.124 3.38018
0.125 3.40641
0.126 3.43263
0.127 3.45883
0.128 3.48502
0.129 3.51119
0.13 3.53735
0.131 3.56349
0.132 3.58961
0.133 3.61572
0.134 3.64181
0.135 3.66789
0.136 3.69394
0.137 3.71999
0.138 3.74601
0.139 3.77203
0.14 3.79802
0.141 3.824
0.142 3.84996
0.143 3.87591
0.144 3.90184
0.145 3.92776
0.146 3.95366
0.147 3.97954
0.148 4.00541
0.149 4.03126
0.15 4.05709
0.151 4.08291
0.152 4.10872
0.153 4.1345
0.154 4.16027
0.155 4.18603
0.156 4.21177
0.157 4.23749
0.158 4.2632
0.159 4.28889
0.16 4.31457
0.161 4.34023
0.162 4.36587
0.163 4.3915
0.164 4.41712
0.165 4.44271
0.166 4.46829
0.167 4.49386
0.168 4.51941
0.169 4.54494
0.17 4.57046
0.171 4.59596
0.172 4.62145
0.173 4.64692
0.174 4.67237
0.175 4.69781
0.176 4.72324
0.177 4.74864
0.178 4.77403
0.179 4.79941
0.18 4.82477
0.181 4.85011
0.182 4.87544
0.183 4.90076
0.184 4.92605
0.185 4.95133
0.186 4.9766
0.187 5.00185
0.188 5.02708
0.189 5.0523
0.19 5.0775
0.191 5.10269
0.192 5.12786
0.193 5.15302
0.194 5.17816
0.195 5.20328
0.196 5.22839
0.197 5.25348
0.198 5.27856
0.199 5.30362
0.2 5.32867
0.201 5.3537
0.202 5.37872
0.203 5.40371
0.204 5.4287
0.205 5.45367
0.206 5.47862
0.207 5.50356
0.208 5.52848
0.209 5.55338
0.21 5.57827
0.211 5.60315
0.212 5.62801
0.213 5.65285
0.214 5.67768
0.215 5.70249
0.216 5.72729
0.217 5.75207
0.218 5.77683
0.219 5.80158
0.22 5.82632
0.221 5.85104
0.222 5.87574
0.223 5.90043
0.224 5.9251
0.225 5.94976
0.226 5.9744
0.227 5.99903
0.228 6.02364
0.229 6.04823
0.23 6.07281
0.231 6.09738
0.232 6.12193
0.233 6.14646
0.234 6.17098
0.235 6.19548
0.236 6.21997
0.237 6.24444
0.238 6.2689
0.239 6.29334
0.24 6.31776
0.241 6.34217
0.242 6.36657
0.243 6.39095
0.244 6.41531
0.245 6.43966
0.246 6.464
0.247 6.48831
0.248 6.51262
0.249 6.5369
0.25 6.56118
0.251 6.58543
0.252 6.60967
0.253 6.6339
0.254 6.65811
0.255 6.68231
0.256 6.70649
0.257 6.73065
0.258 6.7548
0.259 6.77893
0.26 6.80305
0.261 6.82716
0.262 6.85125
0.263 6.87532
0.264 6.89938
0.265 6.92342
0.266 6.94745
0.267 6.97146
0.268 6.99546
0.269 7.01944
0.27 7.0434
0.271 7.06736
0.272 7.09129
0.273 7.11521
0.274 7.13912
0.275 7.16301
0.276 7.18688
0.277 7.21074
0.278 7.23459
0.279 7.25842
0.28 7.28223
0.281 7.30603
0.282 7.32982
0.283 7.35358
0.284 7.37734
0.285 7.40108
0.286 7.4248
0.287 7.44851
0.288 7.4722
0.289 7.49588
0.29 7.51954
0.291 7.54319
0.292 7.56683
0.293 7.59044
0.294 7.61405
0.295 7.63763
0.296 7.66121
0.297 7.68476
0.298 7.70831
0.299 7.73183
0.3 7.75535
0.301 7.77884
0.302 7.80233
0.303 7.82579
0.304 7.84924
0.305 7.87268
0.306 7.8961
0.307 7.91951
0.308 7.9429
0.309 7.96628
0.31 7.98964
0.311 8.01299
0.312 8.03632
0.313 8.05964
0.314 8.08294
0.315 8.10623
0.316 8.1295
0.317 8.15276
0.318 8.176
0.319 8.19923
0.32 8.22244
0.321 8.24564
0.322 8.26882
0.323 8.29199
0.324 8.31514
0.325 8.33828
0.326 8.3614
0.327 8.38451
0.328 8.4076
0.329 8.43068
0.33 8.45374
0.331 8.47679
0.332 8.49982
0.333 8.52284
0.334 8.54585
0.335 8.56883
0.336 8.59181
0.337 8.61477
0.338 8.63771
0.339 8.66064
0.34 8.68356
0.341 8.70645
0.342 8.72934
0.343 8.75221
0.344 8.77506
0.345 8.79791
0.346 8.82073
0.347 8.84354
0.348 8.86634
0.349 8.88912
0.35 8.91189
0.351 8.93464
0.352 8.95737
0.353 8.9801
0.354 9.0028
0.355 9.0255
0.356 9.04817
0.357 9.07084
0.358 9.09348
0.359 9.11612
0.36 9.13874
0.361 9.16134
0.362 9.18393
0.363 9.2065
0.364 9.22906
0.365 9.25161
0.366 9.27414
0.367 9.29666
0.368 9.31916
0.369 9.34164
0.37 9.36412
0.371 9.38657
0.372 9.40901
0.373 9.43144
0.374 9.45386
0.375 9.47625
0.376 9.49864
0.377 9.52101
0.378 9.54336
0.379 9.5657
0.38 9.58803
0.381 9.61034
0.382 9.63263
0.383 9.65491
0.384 9.67718
0.385 9.69943
0.386 9.72167
0.387 9.74389
0.388 9.7661
0.389 9.78829
0.39 9.81047
0.391 9.83264
0.392 9.85479
0.393 9.87692
0.394 9.89904
0.395 9.92115
0.396 9.94324
0.397 9.96532
0.398 9.98738
0.399 10.0094
0.4 10.0315
0.401 10.0535
0.402 10.0755
0.403 10.0975
0.404 10.1195
0.405 10.1414
0.406 10.1634
0.407 10.1853
0.408 10.2072
0.409 10.2291
0.41 10.251
0.411 10.2729
0.412 10.2947
0.413 10.3166
0.414 10.3384
0.415 10.3602
0.416 10.382
0.417 10.4038
0.418 10.4256
0.419 10.4473
0.42 10.4691
0.421 10.4908
0.422 10.5125
0.423 10.5342
0.424 10.5559
0.425 10.5776
0.426 10.5993
0.427 10.6209
0.428 10.6425
0.429 10.6641
0.43 10.6857
0.431 10.7073
0.432 10.7289
0.433 10.7505
0.434 10.772
0.435 10.7935
0.436 10.815
0.437 10.8365
0.438 10.858
0.439 10.8795
0.44 10.9009
0.441 10.9224
0.442 10.9438
0.443 10.9652
0.444 10.9866
0.445 11.008
0.446 11.0294
0.447 11.0507
0.448 11.0721
0.449 11.0934
0.45 11.1147
0.451 11.136
0.452 11.1573
0.453 11.1786
0.454 11.1998
0.455 11.2211
0.456 11.2423
0.457 11.2635
0.458 11.2847
0.459 11.3059
0.46 11.3271
0.461 11.3482
0.462 11.3694
0.463 11.3905
0.464 11.4116
0.465 11.4327
0.466 11.4538
0.467 11.4749
0.468 11.4959
0.469 11.517
0.47 11.538
0.471 11.559
0.472 11.58
0.473 11.601
0.474 11.622
0.475 11.6429
0.476 11.6639
0.477 11.6848
0.478 11.7057
0.479 11.7266
0.48 11.7475
0.481 11.7684
0.482 11.7892
0.483 11.8101
0.484 11.8309
0.485 11.8517
0.486 11.8725
0.487 11.8933
0.488 11.9141
0.489 11.9348
0.49 11.9556
0.491 11.9763
0.492 11.997
0.493 12.0177
0.494 12.0384
0.495 12.0591
0.496 12.0798
0.497 12.1004
0.498 12.1211
0.499 12.1417
0.5 12.1623
0.501 12.1829
0.502 12.2034
0.503 12.224
0.504 12.2446
0.505 12.2651
0.506 12.2856
0.507 12.3061
0.508 12.3266
0.509 12.3471
0.51 12.3676
0.511 12.388
0.512 12.4084
0.513 12.4289
0.514 12.4493
0.515 12.4697
0.516 12.49
0.517 12.5104
0.518 12.5308
0.519 12.5511
0.52 12.5714
0.521 12.5917
0.522 12.612
0.523 12.6323
0.524 12.6526
0.525 12.6728
0.526 12.6931
0.527 12.7133
0.528 12.7335
0.529 12.7537
0.53 12.7739
0.531 12.7941
0.532 12.8142
0.533 12.8344
0.534 12.8545
0.535 12.8746
0.536 12.8947
0.537 12.9148
0.538 12.9349
0.539 12.955
0.54 12.975
0.541 12.995
0.542 13.0151
0.543 13.0351
0.544 13.055
0.545 13.075
0.546 13.095
0.547 13.1149
0.548 13.1349
0.549 13.1548
0.55 13.1747
0.551 13.1946
0.552 13.2145
0.553 13.2343
0.554 13.2542
0.555 13.274
0.556 13.2939
0.557 13.3137
0.558 13.3335
0.559 13.3533
0.56 13.373
0.561 13.3928
0.562 13.4125
0.563 13.4322
0.564 13.452
0.565 13.4717
0.566 13.4914
0.567 13.511
0.568 13.5307
0.569 13.5503
0.57 13.57
0.571 13.5896
0.572 13.6092
0.573 13.6288
0.574 13.6484
0.575 13.6679
0.576 13.6875
0.577 13.707
0.578 13.7265
0.579 13.746
0.58 13.7655
0.581 13.785
0.582 13.8045
0.583 13.8239
0.584 13.8434
0.585 13.8628
0.586 13.8822
0.587 13.9016
0.588 13.921
0.589 13.9404
0.59 13.9597
0.591 13.9791
0.592 13.9984
0.593 14.0177
0.594 14.037
0.595 14.0563
0.596 14.0756
0.597 14.0949
0.598 14.1141
0.599 14.1333
0.6 14.1526
0.601 14.1718
0.602 14.191
0.603 14.2102
0.604 14.2293
0.605 14.2485
0.606 14.2676
0.607 14.2867
0.608 14.3059
0.609 14.325
0.61 14.344
0.611 14.3631
0.612 14.3822
0.613 14.4012
0.614 14.4202
0.615 14.4393
0.616 14.4583
0.617 14.4773
0.618 14.4962
0.619 14.5152
0.62 14.5342
0.621 14.5531
0.622 14.572
0.623 14.5909
0.624 14.6098
0.625 14.6287
0.626 14.6476
0.627 14.6664
0.628 14.6853
0.629 14.7041
0.63 14.7229
0.631 14.7417
0.632 14.7605
0.633 14.7793
0.634 14.798
0.635 14.8168
0.636 14.8355
0.637 14.8542
0.638 14.873
0.639 14.8916
0.64 14.9103
0.641 14.929
0.642 14.9477
0.643 14.9663
0.644 14.9849
0.645 15.0035
0.646 15.0221
0.647 15.0407
0.648 15.0593
0.649 15.0779
0.65 15.0964
0.651 15.1149
0.652 15.1335
0.653 15.152
0.654 15.1704
0.655 15.1889
0.656 15.2074
0.657 15.2258
0.658 15.2443
0.659 15.2627
0.66 15.2811
0.661 15.2995
0.662 15.3179
0.663 15.3363
0.664 15.3546
0.665 15.373
0.666 15.3913
0.667 15.4096
0.668 15.4279
0.669 15.4462
0.67 15.4645
0.671 15.4828
0.672 15.501
0.673 15.5193
0.674 15.5375
0.675 15.5557
0.676 15.5739
0.677 15.5921
0.678 15.6103
0.679 15.6284
0.68 15.6466
0.681 15.6647
0.682 15.6828
0.683 15.7009
0.684 15.719
0.685 15.7371
0.686 15.7552
0.687 15.7732
0.688 15.7913
0.689 15.8093
0.69 15.8273
0.691 15.8453
0.692 15.8633
0.693 15.8813
0.694 15.8992
0.695 15.9172
0.696 15.9351
0.697 15.953
0.698 15.9709
0.699 15.9888
0.7 16.0067
0.701 16.0246
0.702 16.0424
0.703 16.0603
0.704 16.0781
0.705 16.0959
0.706 16.1137
0.707 16.1315
0.708 16.1493
0.709 16.167
0.71 16.1848
0.711 16.2025
0.712 16.2203
0.713 16.238
0.714 16.2557
0.715 16.2733
0.716 16.291
0.717 16.3087
0.718 16.3263
0.719 16.3439
0.72 16.3616
0.721 16.3792
0.722 16.3968
0.723 16.4143
0.724 16.4319
0.725 16.4494
0.726 16.467
0.727 16.4845
0.728 16.502
0.729 16.5195
0.73 16.537
0.731 16.5545
0.732 16.5719
0.733 16.5894
0.734 16.6068
0.735 16.6242
0.736 16.6417
0.737 16.659
0.738 16.6764
0.739 16.6938
0.74 16.7112
0.741 16.7285
0.742 16.7458
0.743 16.7631
0.744 16.7804
0.745 16.7977
0.746 16.815
0.747 16.8323
0.748 16.8495
0.749 16.8668
0.75 16.884
0.751 16.9012
0.752 16.9184
0.753 16.9356
0.754 16.9528
0.755 16.9699
0.756 16.9871
0.757 17.0042
0.758 17.0213
0.759 17.0384
0.76 17.0555
0.761 17.0726
0.762 17.0897
0.763 17.1067
0.764 17.1238
0.765 17.1408
0.766 17.1578
0.767 17.1748
0.768 17.1918
0.769 17.2088
0.77 17.2258
0.771 17.2427
0.772 17.2596
0.773 17.2766
0.774 17.2935
0.775 17.3104
0.776 17.3273
0.777 17.3442
0.778 17.361
0.779 17.3779
0.78 17.3947
0.781 17.4115
0.782 17.4283
0.783 17.4451
0.784 17.4619
0.785 17.4787
0.786 17.4954
0.787 17.5122
0.788 17.5289
0.789 17.5456
0.79 17.5623
0.791 17.579
0.792 17.5957
0.793 17.6124
0.794 17.629
0.795 17.6457
0.796 17.6623
0.797 17.6789
0.798 17.6955
0.799 17.7121
0.8 17.7287
0.801 17.7453
0.802 17.7618
0.803 17.7784
0.804 17.7949
0.805 17.8114
0.806 17.8279
0.807 17.8444
0.808 17.8609
0.809 17.8773
0.81 17.8938
0.811 17.9102
0.812 17.9266
0.813 17.9431
0.814 17.9595
0.815 17.9758
0.816 17.9922
0.817 18.0086
0.818 18.0249
0.819 18.0413
0.82 18.0576
0.821 18.0739
0.822 18.0902
0.823 18.1065
0.824 18.1227
0.825 18.139
0.826 18.1552
0.827 18.1715
0.828 18.1877
0.829 18.2039
0.83 18.2201
0.831 18.2363
0.832 18.2524
0.833 18.2686
0.834 18.2847
0.835 18.3009
0.836 18.317
0.837 18.3331
0.838 18.3492
0.839 18.3653
0.84 18.3813
0.841 18.3974
0.842 18.4134
0.843 18.4295
0.844 18.4455
0.845 18.4615
0.846 18.4775
0.847 18.4934
0.848 18.5094
0.849 18.5254
0.85 18.5413
0.851 18.5572
0.852 18.5731
0.853 18.589
0.854 18.6049
0.855 18.6208
0.856 18.6367
0.857 18.6525
0.858 18.6684
0.859 18.6842
0.86 18.7
0.861 18.7158
0.862 18.7316
0.863 18.7474
0.864 18.7631
0.865 18.7789
0.866 18.7946
0.867 18.8103
0.868 18.8261
0.869 18.8418
0.87 18.8574
0.871 18.8731
0.872 18.8888
0.873 18.9044
0.874 18.9201
0.875 18.9357
0.876 18.9513
0.877 18.9669
0.878 18.9825
0.879 18.9981
0.88 19.0136
0.881 19.0292
0.882 19.0447
0.883 19.0602
0.884 19.0757
0.885 19.0912
0.886 19.1067
0.887 19.1222
0.888 19.1377
0.889 19.1531
0.89 19.1685
0.891 19.184
0.892 19.1994
0.893 19.2148
0.894 19.2302
0.895 19.2455
0.896 19.2609
0.897 19.2762
0.898 19.2916
0.899 19.3069
0.9 19.3222
0.901 19.3375
0.902 19.3528
0.903 19.3681
0.904 19.3833
0.905 19.3986
0.906 19.4138
0.907 19.429
0.908 19.4442
0.909 19.4594
0.91 19.4746
0.911 19.4898
0.912 19.505
0.913 19.5201
0.914 19.5352
0.915 19.5504
0.916 19.5655
0.917 19.5806
0.918 19.5957
0.919 19.6107
0.92 19.6258
0.921 19.6408
0.922 19.6559
0.923 19.6709
0.924 19.6859
0.925 19.7009
0.926 19.7159
0.927 19.7309
0.928 19.7458
0.929 19.7608
0.93 19.7757
0.931 19.7906
0.932 19.8055
0.933 19.8204
0.934 19.8353
0.935 19.8502
0.936 19.8651
0.937 19.8799
0.938 19.8948
0.939 19.9096
0.94 19.9244
0.941 19.9392
0.942 19.954
0.943 19.9688
0.944 19.9835
0.945 19.9983
0.946 20.013
0.947 20.0277
0.948 20.0424
0.949 20.0571
0.95 20.0718
0.951 20.0865
0.952 20.1012
0.953 20.1158
0.954 20.1305
0.955 20.1451
0.956 20.1597
0.957 20.1743
0.958 20.1889
0.959 20.2035
0.96 20.218
0.961 20.2326
0.962 20.2471
0.963 20.2617
0.964 20.2762
0.965 20.2907
0.966 20.3052
0.967 20.3196
0.968 20.3341
0.969 20.3486
0.97 20.363
0.971 20.3774
0.972 20.3919
0.973 20.4063
0.974 20.4207
0.975 20.435
0.976 20.4494
0.977 20.4638
0.978 20.4781
0.979 20.4924
0.98 20.5068
0.981 20.5211
0.982 20.5354
0.983 20.5496
0.984 20.5639
0.985 20.5782
0.986 20.5924
0.987 20.6066
0.988 20.6209
0.989 20.6351
0.99 20.6493
0.991 20.6635
0.992 20.6776
0.993 20.6918
0.994 20.7059
0.995 20.7201
0.996 20.7342
0.997 20.7483
0.998 20.7624
0.999 20.7765
1 20.7906
1.001 20.8046
1.002 20.8187
1.003 20.8327
1.004 20.8467
1.005 20.8608
1.006 20.8748
1.007 20.8887
1.008 20.9027
1.009 20.9167
1.01 20.9306
1.011 20.9446
1.012 20.9585
1.013 20.9724
1.014 20.9863
1.015 21.0002
1.016 21.0141
1.017 21.028
1.018 21.0418
1.019 21.0557
1.02 21.0695
1.021 21.0833
1.022 21.0971
1.023 21.1109
1.024 21.1247
1.025 21.1385
1.026 21.1522
1.027 21.166
1.028 21.1797
1.029 21.1934
1.03 21.2071
1.031 21.2208
1.032 21.2345
1.033 21.2482
1.034 21.2619
1.035 21.2755
1.036 21.2891
1.037 21.3028
1.038 21.3164
1.039 21.33
1.04 21.3436
1.041 21.3571
1.042 21.3707
1.043 21.3843
1.044 21.3978
1.045 21.4113
1.046 21.4248
1.047 21.4383
1.048 21.4518
1.049 21.4653
1.05 21.4788
1.051 21.4922
1.052 21.5057
1.053 21.5191
1.054 21.5325
1.055 21.5459
1.056 21.5593
1.057 21.5727
1.058 21.5861
1.059 21.5995
1.06 21.6128
1.061 21.6261
1.062 21.6395
1.063 21.6528
1.064 21.6661
1.065 21.6794
1.066 21.6926
1.067 21.7059
1.068 21.7191
1.069 21.7324
1.07 21.7456
1.071 21.7588
1.072 21.772
1.073 21.7852
1.074 21.7984
1.075 21.8116
1.076 21.8247
1.077 21.8379
1.078 21.851
1.079 21.8641
1.08 21.8772
1.081 21.8903
1.082 21.9034
1.083 21.9165
1.084 21.9295
1.085 21.9426
1.086 21.9556
1.087 21.9686
1.088 21.9817
1.089 21.9947
1.09 22.0076
1.091 22.0206
1.092 22.0336
1.093 22.0465
1.094 22.0595
1.095 22.0724
1.096 22.0853
1.097 22.0982
1.098 22.1111
1.099 22.124
1.1 22.1369
1.101 22.1497
1.102 22.1626
1.103 22.1754
1.104 22.1882
1.105 22.201
1.106 22.2138
1.107 22.2266
1.108 22.2394
1.109 22.2521
1.11 22.2649
1.111 22.2776
1.112 22.2903
1.113 22.3031
1.114 22.3158
1.115 22.3284
1.116 22.3411
1.117 22.3538
1.118 22.3664
1.119 22.3791
1.12 22.3917
1.121 22.4043
1.122 22.4169
1.123 22.4295
1.124 22.4421
1.125 22.4547
1.126 22.4673
1.127 22.4798
1.128 22.4923
1.129 22.5049
1.13 22.5174
1.131 22.5299
1.132 22.5424
1.133 22.5548
1.134 22.5673
1.135 22.5797
1.136 22.5922
1.137 22.6046
1.138 22.617
1.139 22.6294
1.14 22.6418
1.141 22.6542
1.142 22.6666
1.143 22.6789
1.144 22.6913
1.145 22.7036
1.146 22.7159
1.147 22.7283
1.148 22.7406
1.149 22.7528
1.15 22.7651
1.151 22.7774
1.152 22.7896
1.153 22.8019
1.154 22.8141
1.155 22.8263
1.156 22.8385
1.157 22.8507
1.158 22.8629
1.159 22.8751
1.16 22.8872
1.161 22.8994
1.162 22.9115
1.163 22.9236
1.164 22.9357
1.165 22.9478
1.166 22.9599
1.167 22.972
1.168 22.9841
1.169 22.9961
1.17 23.0081
1.171 23.0202
1.172 23.0322
1.173 23.0442
1.174 23.0562
1.175 23.0682
1.176 23.0801
1.177 23.0921
1.178 23.104
1.179 23.116
1.18 23.1279
1.181 23.1398
1.182 23.1517
1.183 23.1636
1.184 23.1755
1.185 23.1873
1.186 23.1992
1.187 23.211
1.188 23.2229
1.189 23.2347
1.19 23.2465
1.191 23.2583
1.192 23.2701
1.193 23.2818
1.194 23.2936
1.195 23.3053
1.196 23.3171
1.197 23.3288
1.198 23.3405
1.199 23.3522
1.2 23.3639
1.201 23.3756
1.202 23.3872
1.203 23.3989
1.204 23.4105
1.205 23.4222
1.206 23.4338
1.207 23.4454
1.208 23.457
1.209 23.4686
1.21 23.4801
1.211 23.4917
1.212 23.5033
1.213 23.5148
1.214 23.5263
1.215 23.5378
1.216 23.5493
1.217 23.5608
1.218 23.5723
1.219 23.5838
1.22 23.5952
1.221 23.6067
1.222 23.6181
1.223 23.6295
1.224 23.6409
1.225 23.6523
1.226 23.6637
1.227 23.6751
1.228 23.6865
1.229 23.6978
1.23 23.7091
1.231 23.7205
1.232 23.7318
1.233 23.7431
1.234 23.7544
1.235 23.7657
1.236 23.7769
1.237 23.7882
1.238 23.7995
1.239 23.8107
1.24 23.8219
1.241 23.8331
1.242 23.8443
1.243 23.8555
1.244 23.8667
1.245 23.8779
1.246 23.889
1.247 23.9002
1.248 23.9113
1.249 23.9224
1.25 23.9335
1.251 23.9446
1.252 23.9557
1.253 23.9668
1.254 23.9778
1.255 23.9889
1.256 23.9999
1.257 24.011
1.258 24.022
1.259 24.033
1.26 24.044
1.261 24.055
1.262 24.0659
1.263 24.0769
1.264 24.0878
1.265 24.0988
1.266 24.1097
1.267 24.1206
1.268 24.1315
1.269 24.1424
1.27 24.1533
1.271 24.1641
1.272 24.175
1.273 24.1858
1.274 24.1967
1.275 24.2075
1.276 24.2183
1.277 24.2291
1.278 24.2399
1.279 24.2507
1.28 24.2614
1.281 24.2722
1.282 24.2829
1.283 24.2936
1.284 24.3044
1.285 24.3151
1.286 24.3258
1.287 24.3364
1.288 24.3471
1.289 24.3578
1.29 24.3684
1.291 24.3791
1.292 24.3897
1.293 24.4003
1.294 24.4109
1.295 24.4215
1.296 24.4321
1.297 24.4426
1.298 24.4532
1.299 24.4637
1.3 24.4743
1.301 24.4848
1.302 24.4953
1.303 24.5058
1.304 24.5163
1.305 24.5268
1.306 24.5372
1.307 24.5477
1.308 24.5581
1.309 24.5686
1.31 24.579
1.311 24.5894
1.312 24.5998
1.313 24.6102
1.314 24.6206
1.315 24.6309
1.316 24.6413
1.317 24.6516
1.318 24.6619
1.319 24.6723
1.32 24.6826
1.321 24.6929
1.322 24.7031
1.323 24.7134
1.324 24.7237
1.325 24.7339
1.326 24.7442
1.327 24.7544
1.328 24.7646
1.329 24.7748
1.33 24.785
1.331 24.7952
1.332 24.8054
1.333 24.8155
1.334 24.8257
1.335 24.8358
1.336 24.8459
1.337 24.856
1.338 24.8661
1.339 24.8762
1.34 24.8863
1.341 24.8964
1.342 24.9064
1.343 24.9165
1.344 24.9265
1.345 24.9365
1.346 24.9465
1.347 24.9565
1.348 24.9665
1.349 24.9765
1.35 24.9865
1.351 24.9964
1.352 25.0064
1.353 25.0163
1.354 25.0262
1.355 25.0361
1.356 25.046
1.357 25.0559
1.358 25.0658
1.359 25.0757
1.36 25.0855
1.361 25.0954
1.362 25.1052
1.363 25.115
1.364 25.1248
1.365 25.1346
1.366 25.1444
1.367 25.1542
1.368 25.1639
1.369 25.1737
1.37 25.1834
1.371 25.1931
1.372 25.2029
1.373 25.2126
1.374 25.2223
1.375 25.2319
1.376 25.2416
1.377 25.2513
1.378 25.2609
1.379 25.2706
1.38 25.2802
1.381 25.2898
1.382 25.2994
1.383 25.309
1.384 25.3186
1.385 25.3282
1.386 25.3377
1.387 25.3473
1.388 25.3568
1.389 25.3663
1.39 25.3759
1.391 25.3854
1.392 25.3948
1.393 25.4043
1.394 25.4138
1.395 25.4233
1.396 25.4327
1.397 25.4421
1.398 25.4516
1.399 25.461
1.4 25.4704
1.401 25.4798
1.402 25.4892
1.403 25.4985
1.404 25.5079
1.405 25.5172
1.406 25.5266
1.407 25.5359
1.408 25.5452
1.409 25.5545
1.41 25.5638
1.411 25.5731
1.412 25.5823
1.413 25.5916
1.414 25.6008
1.415 25.6101
1.416 25.6193
1.417 25.6285
1.418 25.6377
1.419 25.6469
1.42 25.6561
1.421 25.6653
1.422 25.6744
1.423 25.6836
1.424 25.6927
1.425 25.7018
1.426 25.7109
1.427 25.72
1.428 25.7291
1.429 25.7382
1.43 25.7473
1.431 25.7563
1.432 25.7654
1.433 25.7744
1.434 25.7834
1.435 25.7924
1.436 25.8014
1.437 25.8104
1.438 25.8194
1.439 25.8284
1.44 25.8373
1.441 25.8463
1.442 25.8552
1.443 25.8641
1.444 25.873
1.445 25.8819
1.446 25.8908
1.447 25.8997
1.448 25.9086
1.449 25.9174
1.45 25.9263
1.451 25.9351
1.452 25.9439
1.453 25.9527
1.454 25.9615
1.455 25.9703
1.456 25.9791
1.457 25.9879
1.458 25.9966
1.459 26.0054
1.46 26.0141
1.461 26.0228
1.462 26.0315
1.463 26.0402
1.464 26.0489
1.465 26.0576
1.466 26.0663
1.467 26.0749
1.468 26.0836
1.469 26.0922
1.47 26.1008
1.471 26.1095
1.472 26.1181
1.473 26.1266
1.474 26.1352
1.475 26.1438
1.476 26.1524
1.477 26.1609
1.478 26.1694
1.479 26.178
1.48 26.1865
1.481 26.195
1.482 26.2035
1.483 26.2119
1.484 26.2204
1.485 26.2289
1.486 26.2373
1.487 26.2457
1.488 26.2542
1.489 26.2626
1.49 26.271
1.491 26.2794
1.492 26.2878
1.493 26.2961
1.494 26.3045
1.495 26.3128
1.496 26.3212
1.497 26.3295
1.498 26.3378
1.499 26.3461
1.5 26.3544
1.501 26.3627
1.502 26.371
1.503 26.3792
1.504 26.3875
1.505 26.3957
1.506 26.4039
1.507 26.4121
1.508 26.4203
1.509 26.4285
1.51 26.4367
1.511 26.4449
1.512 26.4531
1.513 26.4612
1.514 26.4693
1.515 26.4775
1.516 26.4856
1.517 26.4937
1.518 26.5018
1.519 26.5099
1.52 26.5179
1.521 26.526
1.522 26.5341
1.523 26.5421
1.524 26.5501
1.525 26.5581
1.526 26.5661
1.527 26.5741
1.528 26.5821
1.529 26.5901
1.53 26.5981
1.531 26.606
1.532 26.614
1.533 26.6219
1.534 26.6298
1.535 26.6377
1.536 26.6456
1.537 26.6535
1.538 26.6614
1.539 26.6692
1.54 26.6771
1.541 26.6849
1.542 26.6928
1.543 26.7006
1.544 26.7084
1.545 26.7162
1.546 26.724
1.547 26.7318
1.548 26.7395
1.549 26.7473
1.55 26.755
1.551 26.7628
1.552 26.7705
1.553 26.7782
1.554 26.7859
1.555 26.7936
1.556 26.8013
1.557 26.8089
1.558 26.8166
1.559 26.8242
1.56 26.8319
1.561 26.8395
1.562 26.8471
1.563 26.8547
1.564 26.8623
1.565 26.8699
1.566 26.8775
1.567 26.885
1.568 26.8926
1.569 26.9001
1.57 26.9076
1.571 26.9151
1.572 26.9226
1.573 26.9301
1.574 26.9376
1.575 26.9451
1.576 26.9526
1.577 26.96
1.578 26.9674
1.579 26.9749
1.58 26.9823
1.581 26.9897
1.582 26.9971
1.583 27.0045
1.584 27.0119
1.585 27.0192
1.586 27.0266
1.587 27.0339
1.588 27.0412
1.589 27.0486
1.59 27.0559
1.591 27.0632
1.592 27.0705
1.593 27.0777
1.594 27.085
1.595 27.0923
1.596 27.0995
1.597 27.1067
1.598 27.114
1.599 27.1212
1.6 27.1284
1.601 27.1356
1.602 27.1427
1.603 27.1499
1.604 27.1571
1.605 27.1642
1.606 27.1713
1.607 27.1785
1.608 27.1856
1.609 27.1927
1.61 27.1998
1.611 27.2069
1.612 27.2139
1.613 27.221
1.614 27.2281
1.615 27.2351
1.616 27.2421
1.617 27.2491
1.618 27.2561
1.619 27.2631
1.62 27.2701
1.621 27.2771
1.622 27.2841
1.623 27.291
1.624 27.298
1.625 27.3049
1.626 27.3118
1.627 27.3187
1.628 27.3256
1.629 27.3325
1.63 27.3394
1.631 27.3462
1.632 27.3531
1.633 27.3599
1.634 27.3668
1.635 27.3736
1.636 27.3804
1.637 27.3872
1.638 27.394
1.639 27.4008
1.64 27.4076
1.641 27.4143
1.642 27.4211
1.643 27.4278
1.644 27.4345
1.645 27.4413
1.646 27.448
1.647 27.4547
1.648 27.4613
1.649 27.468
1.65 27.4747
1.651 27.4813
1.652 27.488
1.653 27.4946
1.654 27.5012
1.655 27.5078
1.656 27.5144
1.657 27.521
1.658 27.5276
1.659 27.5342
1.66 27.5407
1.661 27.5473
1.662 27.5538
1.663 27.5603
1.664 27.5668
1.665 27.5733
1.666 27.5798
1.667 27.5863
1.668 27.5928
1.669 27.5992
1.67 27.6057
1.671 27.6121
1.672 27.6185
1.673 27.6249
1.674 27.6314
1.675 27.6377
1.676 27.6441
1.677 27.6505
1.678 27.6569
1.679 27.6632
1.68 27.6696
1.681 27.6759
1.682 27.6822
1.683 27.6885
1.684 27.6948
1.685 27.7011
1.686 27.7074
1.687 27.7137
1.688 27.7199
1.689 27.7262
1.69 27.7324
1.691 27.7386
1.692 27.7448
1.693 27.751
1.694 27.7572
1.695 27.7634
1.696 27.7696
1.697 27.7757
1.698 27.7819
1.699 27.788
1.7 27.7941
1.701 27.8003
1.702 27.8064
1.703 27.8125
1.704 27.8186
1.705 27.8246
1.706 27.8307
1.707 27.8367
1.708 27.8428
1.709 27.8488
1.71 27.8548
1.711 27.8609
1.712 27.8669
1.713 27.8728
1.714 27.8788
1.715 27.8848
1.716 27.8908
1.717 27.8967
1.718 27.9026
1.719 27.9086
1.72 27.9145
1.721 27.9204
1.722 27.9263
1.723 27.9322
1.724 27.938
1.725 27.9439
1.726 27.9497
1.727 27.9556
1.728 27.9614
1.729 27.9672
1.73 27.973
1.731 27.9788
1.732 27.9846
1.733 27.9904
1.734 27.9962
1.735 28.0019
1.736 28.0077
1.737 28.0134
1.738 28.0191
1.739 28.0249
1.74 28.0306
1.741 28.0363
1.742 28.0419
1.743 28.0476
1.744 28.0533
1.745 28.0589
1.746 28.0646
1.747 28.0702
1.748 28.0758
1.749 28.0814
1.75 28.087
1.751 28.0926
1.752 28.0982
1.753 28.1037
1.754 28.1093
1.755 28.1148
1.756 28.1204
1.757 28.1259
1.758 28.1314
1.759 28.1369
1.76 28.1424
1.761 28.1479
1.762 28.1534
1.763 28.1588
1.764 28.1643
1.765 28.1697
1.766 28.1751
1.767 28.1806
1.768 28.186
1.769 28.1914
1.77 28.1968
1.771 28.2021
1.772 28.2075
1.773 28.2129
1.774 28.2182
1.775 28.2235
1.776 28.2289
1.777 28.2342
1.778 28.2395
1.779 28.2448
1.78 28.25
1.781 28.2553
1.782 28.2606
1.783 28.2658
1.784 28.2711
1.785 28.2763
1.786 28.2815
1.787 28.2867
1.788 28.2919
1.789 28.2971
1.79 28.3023
1.791 28.3075
1.792 28.3126
1.793 28.3178
1.794 28.3229
1.795 28.328
1.796 28.3331
1.797 28.3382
1.798 28.3433
1.799 28.3484
1.8 28.3535
1.801 28.3585
1.802 28.3636
1.803 28.3686
1.804 28.3737
1.805 28.3787
1.806 28.3837
1.807 28.3887
1.808 28.3937
1.809 28.3987
1.81 28.4036
1.811 28.4086
1.812 28.4135
1.813 28.4185
1.814 28.4234
1.815 28.4283
1.816 28.4332
1.817 28.4381
1.818 28.443
1.819 28.4478
1.82 28.4527
1.821 28.4576
1.822 28.4624
1.823 28.4672
1.824 28.4721
1.825 28.4769
1.826 28.4817
1.827 28.4865
1.828 28.4912
1.829 28.496
1.83 28.5008
1.831 28.5055
1.832 28.5102
1.833 28.515
1.834 28.5197
1.835 28.5244
1.836 28.5291
1.837 28.5338
1.838 28.5384
1.839 28.5431
1.84 28.5478
1.841 28.5524
1.842 28.557
1.843 28.5617
1.844 28.5663
1.845 28.5709
1.846 28.5755
1.847 28.5801
1.848 28.5846
1.849 28.5892
1.85 28.5937
1.851 28.5983
1.852 28.6028
1.853 28.6073
1.854 28.6118
1.855 28.6163
1.856 28.6208
1.857 28.6253
1.858 28.6298
1.859 28.6342
1.86 28.6387
1.861 28.6431
1.862 28.6475
1.863 28.6519
1.864 28.6563
1.865 28.6607
1.866 28.6651
1.867 28.6695
1.868 28.6738
1.869 28.6782
1.87 28.6825
1.871 28.6869
1.872 28.6912
1.873 28.6955
1.874 28.6998
1.875 28.7041
1.876 28.7084
1.877 28.7126
1.878 28.7169
1.879 28.7211
1.88 28.7254
1.881 28.7296
1.882 28.7338
1.883 28.738
1.884 28.7422
1.885 28.7464
1.886 28.7506
1.887 28.7548
1.888 28.7589
1.889 28.7631
1.89 28.7672
1.891 28.7713
1.892 28.7754
1.893 28.7795
1.894 28.7836
1.895 28.7877
1.896 28.7918
1.897 28.7958
1.898 28.7999
1.899 28.8039
1.9 28.808
1.901 28.812
1.902 28.816
1.903 28.82
1.904 28.824
1.905 28.828
1.906 28.8319
1.907 28.8359
1.908 28.8398
1.909 28.8438
1.91 28.8477
1.911 28.8516
1.912 28.8555
1.913 28.8594
1.914 28.8633
1.915 28.8672
1.916 28.8711
1.917 28.8749
1.918 28.8788
1.919 28.8826
1.92 28.8864
1.921 28.8902
1.922 28.894
1.923 28.8978
1.924 28.9016
1.925 28.9054
1.926 28.9092
1.927 28.9129
1.928 28.9166
1.929 28.9204
1.93 28.9241
1.931 28.9278
1.932 28.9315
1.933 28.9352
1.934 28.9389
1.935 28.9426
1.936 28.9462
1.937 28.9499
1.938 28.9535
1.939 28.9571
1.94 28.9607
1.941 28.9644
1.942 28.968
1.943 28.9715
1.944 28.9751
1.945 28.9787
1.946 28.9822
1.947 28.9858
1.948 28.9893
1.949 28.9929
1.95 28.9964
1.951 28.9999
1.952 29.0034
1.953 29.0069
1.954 29.0103
1.955 29.0138
1.956 29.0173
1.957 29.0207
1.958 29.0241
1.959 29.0276
1.96 29.031
1.961 29.0344
1.962 29.0378
1.963 29.0411
1.964 29.0445
1.965 29.0479
1.966 29.0512
1.967 29.0546
1.968 29.0579
1.969 29.0612
1.97 29.0645
1.971 29.0678
1.972 29.0711
1.973 29.0744
1.974 29.0777
1.975 29.0809
1.976 29.0842
1.977 29.0874
1.978 29.0907
1.979 29.0939
1.98 29.0971
1.981 29.1003
1.982 29.1035
1.983 29.1067
1.984 29.1098
1.985 29.113
1.986 29.1161
1.987 29.1193
1.988 29.1224
1.989 29.1255
1.99 29.1286
1.991 29.1317
1.992 29.1348
1.993 29.1379
1.994 29.1409
1.995 29.144
1.996 29.147
1.997 29.1501
1.998 29.1531
1.999 29.1561
2 29.1591
2.001 29.1621
2.002 29.1651
2.003 29.1681
2.004 29.171
2.005 29.174
2.006 29.1769
2.007 29.1799
2.008 29.1828
2.009 29.1857
2.01 29.1886
2.011 29.1915
2.012 29.1944
2.013 29.1973
2.014 29.2001
2.015 29.203
2.016 29.2058
2.017 29.2086
2.018 29.2115
2.019 29.2143
2.02 29.2171
2.021 29.2199
2.022 29.2227
2.023 29.2254
2.024 29.2282
2.025 29.2309
2.026 29.2337
2.027 29.2364
2.028 29.2391
2.029 29.2418
2.03 29.2445
2.031 29.2472
2.032 29.2499
2.033 29.2526
2.034 29.2552
2.035 29.2579
2.036 29.2605
2.037 29.2631
2.038 29.2658
2.039 29.2684
2.04 29.271
2.041 29.2736
2.042 29.2761
2.043 29.2787
2.044 29.2813
2.045 29.2838
2.046 29.2864
2.047 29.2889
2.048 29.2914
2.049 29.2939
2.05 29.2964
2.051 29.2989
2.052 29.3014
2.053 29.3038
2.054 29.3063
2.055 29.3087
2.056 29.3112
2.057 29.3136
2.058 29.316
2.059 29.3184
2.06 29.3208
2.061 29.3232
2.062 29.3256
2.063 29.3279
2.064 29.3303
2.065 29.3326
2.066 29.335
2.067 29.3373
2.068 29.3396
2.069 29.3419
2.07 29.3442
2.071 29.3465
2.072 29.3488
2.073 29.351
2.074 29.3533
2.075 29.3555
2.076 29.3578
2.077 29.36
2.078 29.3622
2.079 29.3644
2.08 29.3666
2.081 29.3688
2.082 29.371
2.083 29.3731
2.084 29.3753
2.085 29.3774
2.086 29.3796
2.087 29.3817
2.088 29.3838
2.089 29.3859
2.09 29.388
2.091 29.3901
2.092 29.3921
2.093 29.3942
2.094 29.3963
2.095 29.3983
2.096 29.4003
2.097 29.4024
2.098 29.4044
2.099 29.4064
2.1 29.4084
2.101 29.4103
2.102 29.4123
2.103 29.4143
2.104 29.4162
2.105 29.4182
2.106 29.4201
2.107 29.422
2.108 29.4239
2.109 29.4258
2.11 29.4277
2.111 29.4296
2.112 29.4315
2.113 29.4333
2.114 29.4352
2.115 29.437
2.116 29.4389
2.117 29.4407
2.118 29.4425
2.119 29.4443
2.12 29.4461
2.121 29.4479
2.122 29.4497
2.123 29.4514
2.124 29.4532
2.125 29.4549
2.126 29.4566
2.127 29.4584
2.128 29.4601
2.129 29.4618
2.13 29.4635
2.131 29.4651
2.132 29.4668
2.133 29.4685
2.134 29.4701
2.135 29.4718
2.136 29.4734
2.137 29.475
2.138 29.4766
2.139 29.4782
2.14 29.4798
2.141 29.4814
2.142 29.483
2.143 29.4845
2.144 29.4861
2.145 29.4876
2.146 29.4892
2.147 29.4907
2.148 29.4922
2.149 29.4937
2.15 29.4952
2.151 29.4967
2.152 29.4981
2.153 29.4996
2.154 29.501
2.155 29.5025
2.156 29.5039
2.157 29.5053
2.158 29.5068
2.159 29.5082
2.16 29.5095
2.161 29.5109
2.162 29.5123
2.163 29.5137
2.164 29.515
2.165 29.5163
2.166 29.5177
2.167 29.519
2.168 29.5203
2.169 29.5216
2.17 29.5229
2.171 29.5242
2.172 29.5255
2.173 29.5267
2.174 29.528
2.175 29.5292
2.176 29.5304
2.177 29.5317
2.178 29.5329
2.179 29.5341
2.18 29.5353
2.181 29.5365
2.182 29.5376
2.183 29.5388
2.184 29.5399
2.185 29.5411
2.186 29.5422
2.187 29.5433
2.188 29.5444
2.189 29.5455
2.19 29.5466
2.191 29.5477
2.192 29.5488
2.193 29.5499
2.194 29.5509
2.195 29.552
2.196 29.553
2.197 29.554
2.198 29.555
2.199 29.556
2.2 29.557
2.201 29.558
2.202 29.559
2.203 29.5599
2.204 29.5609
2.205 29.5618
2.206 29.5628
2.207 29.5637
2.208 29.5646
2.209 29.5655
2.21 29.5664
2.211 29.5673
2.212 29.5682
2.213 29.569
2.214 29.5699
2.215 29.5707
2.216 29.5716
2.217 29.5724
2.218 29.5732
2.219 29.574
2.22 29.5748
2.221 29.5756
2.222 29.5763
2.223 29.5771
2.224 29.5779
2.225 29.5786
2.226 29.5793
2.227 29.5801
2.228 29.5808
2.229 29.5815
2.23 29.5822
2.231 29.5829
2.232 29.5835
2.233 29.5842
2.234 29.5849
2.235 29.5855
2.236 29.5862
2.237 29.5868
2.238 29.5874
2.239 29.588
2.24 29.5886
2.241 29.5892
2.242 29.5898
2.243 29.5903
2.244 29.5909
2.245 29.5914
2.246 29.592
2.247 29.5925
2.248 29.593
2.249 29.5935
2.25 29.594
2.251 29.5945
2.252 29.595
2.253 29.5955
2.254 29.5959
2.255 29.5964
2.256 29.5968
2.257 29.5972
2.258 29.5976
2.259 29.5981
2.26 29.5985
2.261 29.5988
2.262 29.5992
2.263 29.5996
2.264 29.6
2.265 29.6003
2.266 29.6006
2.267 29.601
2.268 29.6013
2.269 29.6016
2.27 29.6019
2.271 29.6022
2.272 29.6025
2.273 29.6027
2.274 29.603
2.275 29.6033
2.276 29.6035
2.277 29.6037
2.278 29.604
2.279 29.6042
2.28 29.6044
2.281 29.6046
2.282 29.6047
2.283 29.6049
2.284 29.6051
2.285 29.6052
2.286 29.6054
2.287 29.6055
2.288 29.6056
2.289 29.6057
2.29 29.6058
2.291 29.6059
2.292 29.606
2.293 29.6061
2.294 29.6062
2.295 29.6062
2.296 29.6063
2.297 29.6063
2.298 29.6063
2.299 29.6063
2.3 29.6063
2.301 29.6063
2.302 29.6063
2.303 29.6063
2.304 29.6063
2.305 29.6062
2.306 29.6062
2.307 29.6061
2.308 29.606
2.309 29.606
2.31 29.6059
2.311 29.6058
2.312 29.6057
2.313 29.6055
2.314 29.6054
2.315 29.6053
2.316 29.6051
2.317 29.6049
2.318 29.6048
2.319 29.6046
2.32 29.6044
2.321 29.6042
2.322 29.604
2.323 29.6038
2.324 29.6035
2.325 29.6033
2.326 29.6031
2.327 29.6028
2.328 29.6025
2.329 29.6023
2.33 29.602
2.331 29.6017
2.332 29.6014
2.333 29.601
2.334 29.6007
2.335 29.6004
2.336 29.6
2.337 29.5997
2.338 29.5993
2.339 29.5989
2.34 29.5985
2.341 29.5981
2.342 29.5977
2.343 29.5973
2.344 29.5969
2.345 29.5965
2.346 29.596
2.347 29.5956
2.348 29.5951
2.349 29.5946
2.35 29.5941
2.351 29.5937
2.352 29.5932
2.353 29.5926
2.354 29.5921
2.355 29.5916
2.356 29.591
2.357 29.5905
2.358 29.5899
2.359 29.5894
2.36 29.5888
2.361 29.5882
2.362 29.5876
2.363 29.587
2.364 29.5864
2.365 29.5857
2.366 29.5851
2.367 29.5844
2.368 29.5838
2.369 29.5831
2.37 29.5824
2.371 29.5817
2.372 29.581
2.373 29.5803
2.374 29.5796
2.375 29.5789
2.376 29.5782
2.377 29.5774
2.378 29.5767
2.379 29.5759
2.38 29.5751
2.381 29.5743
2.382 29.5735
2.383 29.5727
2.384 29.5719
2.385 29.5711
2.386 29.5703
2.387 29.5694
2.388 29.5686
2.389 29.5677
2.39 29.5668
2.391 29.5659
2.392 29.5651
2.393 29.5642
2.394 29.5632
2.395 29.5623
2.396 29.5614
2.397 29.5604
2.398 29.5595
2.399 29.5585
2.4 29.5576
2.401 29.5566
2.402 29.5556
2.403 29.5546
2.404 29.5536
2.405 29.5526
2.406 29.5515
2.407 29.5505
2.408 29.5495
2.409 29.5484
2.41 29.5473
2.411 29.5463
2.412 29.5452
2.413 29.5441
2.414 29.543
2.415 29.5419
2.416 29.5407
2.417 29.5396
2.418 29.5385
2.419 29.5373
2.42 29.5361
2.421 29.535
2.422 29.5338
2.423 29.5326
2.424 29.5314
2.425 29.5302
2.426 29.529
2.427 29.5277
2.428 29.5265
2.429 29.5252
2.43 29.524
2.431 29.5227
2.432 29.5214
2.433 29.5201
2.434 29.5188
2.435 29.5175
2.436 29.5162
2.437 29.5149
2.438 29.5136
2.439 29.5122
2.44 29.5108
2.441 29.5095
2.442 29.5081
2.443 29.5067
2.444 29.5053
2.445 29.5039
2.446 29.5025
2.447 29.5011
2.448 29.4997
2.449 29.4982
2.45 29.4968
2.451 29.4953
2.452 29.4938
2.453 29.4923
2.454 29.4908
2.455 29.4893
2.456 29.4878
2.457 29.4863
2.458 29.4848
2.459 29.4832
2.46 29.4817
2.461 29.4801
2.462 29.4786
2.463 29.477
2.464 29.4754
2.465 29.4738
2.466 29.4722
2.467 29.4706
2.468 29.469
2.469 29.4673
2.47 29.4657
2.471 29.464
2.472 29.4624
2.473 29.4607
2.474 29.459
2.475 29.4573
2.476 29.4556
2.477 29.4539
2.478 29.4522
2.479 29.4504
2.48 29.4487
2.481 29.4469
2.482 29.4452
2.483 29.4434
2.484 29.4416
2.485 29.4398
2.486 29.438
2.487 29.4362
2.488 29.4344
2.489 29.4326
2.49 29.4307
2.491 29.4289
2.492 29.427
2.493 29.4252
2.494 29.4233
2.495 29.4214
2.496 29.4195
2.497 29.4176
2.498 29.4157
2.499 29.4138
2.5 29.4118
2.501 29.4099
2.502 29.408
2.503 29.406
2.504 29.404
2.505 29.402
2.506 29.4
2.507 29.398
2.508 29.396
2.509 29.394
2.51 29.392
2.511 29.3899
2.512 29.3879
2.513 29.3858
2.514 29.3838
2.515 29.3817
2.516 29.3796
2.517 29.3775
2.518 29.3754
2.519 29.3733
2.52 29.3712
2.521 29.369
2.522 29.3669
2.523 29.3647
2.524 29.3626
2.525 29.3604
2.526 29.3582
2.527 29.356
2.528 29.3538
2.529 29.3516
2.53 29.3494
2.531 29.3472
2.532 29.3449
2.533 29.3427
2.534 29.3404
2.535 29.3382
2.536 29.3359
2.537 29.3336
2.538 29.3313
2.539 29.329
2.54 29.3267
2.541 29.3243
2.542 29.322
2.543 29.3197
2.544 29.3173
2.545 29.3149
2.546 29.3126
2.547 29.3102
2.548 29.3078
2.549 29.3054
2.55 29.303
2.551 29.3006
2.552 29.2981
2.553 29.2957
2.554 29.2932
2.555 29.2908
2.556 29.2883
2.557 29.2858
2.558 29.2834
2.559 29.2809
2.56 29.2784
2.561 29.2758
2.562 29.2733
2.563 29.2708
2.564 29.2682
2.565 29.2657
2.566 29.2631
2.567 29.2605
2.568 29.258
2.569 29.2554
2.57 29.2528
2.571 29.2502
2.572 29.2475
2.573 29.2449
2.574 29.2423
2.575 29.2396
2.576 29.237
2.577 29.2343
2.578 29.2316
2.579 29.2289
2.58 29.2262
2.581 29.2235
2.582 29.2208
2.583 29.2181
2.584 29.2154
2.585 29.2126
2.586 29.2099
2.587 29.2071
2.588 29.2043
2.589 29.2015
2.59 29.1987
2.591 29.1959
2.592 29.1931
2.593 29.1903
2.594 29.1875
2.595 29.1847
2.596 29.1818
2.597 29.1789
2.598 29.1761
2.599 29.1732
2.6 29.1703
2.601 29.1674
2.602 29.1645
2.603 29.1616
2.604 29.1587
2.605 29.1557
2.606 29.1528
2.607 29.1499
2.608 29.1469
2.609 29.1439
2.61 29.1409
2.611 29.1379
2.612 29.1349
2.613 29.1319
2.614 29.1289
2.615 29.1259
2.616 29.1229
2.617 29.1198
2.618 29.1168
2.619 29.1137
2.62 29.1106
2.621 29.1075
2.622 29.1044
2.623 29.1013
2.624 29.0982
2.625 29.0951
2.626 29.092
2.627 29.0888
2.628 29.0857
2.629 29.0825
2.63 29.0793
2.631 29.0762
2.632 29.073
2.633 29.0698
2.634 29.0666
2.635 29.0634
2.636 29.0601
2.637 29.0569
2.638 29.0536
2.639 29.0504
2.64 29.0471
2.641 29.0439
2.642 29.0406
2.643 29.0373
2.644 29.034
2.645 29.0307
2.646 29.0273
2.647 29.024
2.648 29.0207
2.649 29.0173
2.65 29.014
2.651 29.0106
2.652 29.0072
2.653 29.0038
2.654 29.0004
2.655 28.997
2.656 28.9936
2.657 28.9902
2.658 28.9868
2.659 28.9833
2.66 28.9799
2.661 28.9764
2.662 28.9729
2.663 28.9695
2.664 28.966
2.665 28.9625
2.666 28.959
2.667 28.9554
2.668 28.9519
2.669 28.9484
2.67 28.9448
2.671 28.9413
2.672 28.9377
2.673 28.9341
2.674 28.9306
2.675 28.927
2.676 28.9234
2.677 28.9198
2.678 28.9161
2.679 28.9125
2.68 28.9089
2.681 28.9052
2.682 28.9016
2.683 28.8979
2.684 28.8942
2.685 28.8905
2.686 28.8868
2.687 28.8831
2.688 28.8794
2.689 28.8757
2.69 28.8719
2.691 28.8682
2.692 28.8644
2.693 28.8607
2.694 28.8569
2.695 28.8531
2.696 28.8493
2.697 28.8455
2.698 28.8417
2.699 28.8379
2.7 28.8341
2.701 28.8303
2.702 28.8264
2.703 28.8226
2.704 28.8187
2.705 28.8148
2.706 28.8109
2.707 28.807
2.708 28.8031
2.709 28.7992
2.71 28.7953
2.711 28.7914
2.712 28.7874
2.713 28.7835
2.714 28.7795
2.715 28.7756
2.716 28.7716
2.717 28.7676
2.718 28.7636
2.719 28.7596
2.72 28.7556
2.721 28.7516
2.722 28.7475
2.723 28.7435
2.724 28.7394
2.725 28.7354
2.726 28.7313
2.727 28.7272
2.728 28.7231
2.729 28.719
2.73 28.7149
2.731 28.7108
2.732 28.7067
2.733 28.7025
2.734 28.6984
2.735 28.6942
2.736 28.6901
2.737 28.6859
2.738 28.6817
2.739 28.6775
2.74 28.6733
2.741 28.6691
2.742 28.6649
2.743 28.6607
2.744 28.6564
2.745 28.6522
2.746 28.6479
2.747 28.6437
2.748 28.6394
2.749 28.6351
2.75 28.6308
2.751 28.6265
2.752 28.6222
2.753 28.6179
2.754 28.6135
2.755 28.6092
2.756 28.6049
2.757 28.6005
2.758 28.5961
2.759 28.5918
2.76 28.5874
2.761 28.583
2.762 28.5786
2.763 28.5741
2.764 28.5697
2.765 28.5653
2.766 28.5608
2.767 28.5564
2.768 28.5519
2.769 28.5475
2.77 28.543
2.771 28.5385
2.772 28.534
2.773 28.5295
2.774 28.525
2.775 28.5204
2.776 28.5159
2.777 28.5114
2.778 28.5068
2.779 28.5022
2.78 28.4977
2.781 28.4931
2.782 28.4885
2.783 28.4839
2.784 28.4793
2.785 28.4747
2.786 28.47
2.787 28.4654
2.788 28.4608
2.789 28.4561
2.79 28.4514
2.791 28.4468
2.792 28.4421
2.793 28.4374
2.794 28.4327
2.795 28.428
2.796 28.4233
2.797 28.4185
2.798 28.4138
2.799 28.409
2.8 28.4043
2.801 28.3995
2.802 28.3947
2.803 28.3899
2.804 28.3852
2.805 28.3803
2.806 28.3755
2.807 28.3707
2.808 28.3659
2.809 28.361
2.81 28.3562
2.811 28.3513
2.812 28.3465
2.813 28.3416
2.814 28.3367
2.815 28.3318
2.816 28.3269
2.817 28.322
2.818 28.3171
2.819 28.3121
2.82 28.3072
2.821 28.3022
2.822 28.2973
2.823 28.2923
2.824 28.2873
2.825 28.2823
2.826 28.2773
2.827 28.2723
2.828 28.2673
2.829 28.2623
2.83 28.2572
2.831 28.2522
2.832 28.2471
2.833 28.2421
2.834 28.237
2.835 28.2319
2.836 28.2268
2.837 28.2217
2.838 28.2166
2.839 28.2115
2.84 28.2064
2.841 28.2013
2.842 28.1961
2.843 28.191
2.844 28.1858
2.845 28.1806
2.846 28.1754
2.847 28.1702
2.848 28.165
2.849 28.1598
2.85 28.1546
2.851 28.1494
2.852 28.1441
2.853 28.1389
2.854 28.1336
2.855 28.1284
2.856 28.1231
2.857 28.1178
2.858 28.1125
2.859 28.1072
2.86 28.1019
2.861 28.0966
2.862 28.0913
2.863 28.0859
2.864 28.0806
2.865 28.0752
2.866 28.0699
2.867 28.0645
2.868 28.0591
2.869 28.0537
2.87 28.0483
2.871 28.0429
2.872 28.0375
2.873 28.032
2.874 28.0266
2.875 28.0212
2.876 28.0157
2.877 28.0102
2.878 28.0048
2.879 27.9993
2.88 27.9938
2.881 27.9883
2.882 27.9828
2.883 27.9772
2.884 27.9717
2.885 27.9662
2.886 27.9606
2.887 27.9551
2.888 27.9495
2.889 27.9439
2.89 27.9383
2.891 27.9327
2.892 27.9271
2.893 27.9215
2.894 27.9159
2.895 27.9103
2.896 27.9046
2.897 27.899
2.898 27.8933
2.899 27.8876
2.9 27.882
2.901 27.8763
2.902 27.8706
2.903 27.8649
2.904 27.8592
2.905 27.8534
2.906 27.8477
2.907 27.842
2.908 27.8362
2.909 27.8305
2.91 27.8247
2.911 27.8189
2.912 27.8131
2.913 27.8073
2.914 27.8015
2.915 27.7957
2.916 27.7899
2.917 27.7841
2.918 27.7782
2.919 27.7724
2.92 27.7665
2.921 27.7606
2.922 27.7548
2.923 27.7489
2.924 27.743
2.925 27.7371
2.926 27.7312
2.927 27.7252
2.928 27.7193
2.929 27.7134
2.93 27.7074
2.931 27.7014
2.932 27.6955
2.933 27.6895
2.934 27.6835
2.935 27.6775
2.936 27.6715
2.937 27.6655
2.938 27.6595
2.939 27.6534
2.94 27.6474
2.941 27.6413
2.942 27.6353
2.943 27.6292
2.944 27.6231
2.945 27.617
2.946 27.6109
2.947 27.6048
2.948 27.5987
2.949 27.5926
2.95 27.5865
2.951 27.5803
2.952 27.5742
2.953 27.568
2.954 27.5618
2.955 27.5557
2.956 27.5495
2.957 27.5433
2.958 27.5371
2.959 27.5309
2.96 27.5246
2.961 27.5184
2.962 27.5122
2.963 27.5059
2.964 27.4997
2.965 27.4934
2.966 27.4871
2.967 27.4808
2.968 27.4745
2.969 27.4682
2.97 27.4619
2.971 27.4556
2.972 27.4492
2.973 27.4429
2.974 27.4366
2.975 27.4302
2.976 27.4238
2.977 27.4175
2.978 27.4111
2.979 27.4047
2.98 27.3983
2.981 27.3918
2.982 27.3854
2.983 27.379
2.984 27.3726
2.985 27.3661
2.986 27.3596
2.987 27.3532
2.988 27.3467
2.989 27.3402
2.99 27.3337
2.991 27.3272
2.992 27.3207
2.993 27.3142
2.994 27.3076
2.995 27.3011
2.996 27.2946
2.997 27.288
2.998 27.2814
2.999 27.2749
3 27.2683
3.001 27.2617
3.002 27.2551
3.003 27.2485
3.004 27.2418
3.005 27.2352
3.006 27.2286
3.007 27.2219
3.008 27.2153
3.009 27.2086
3.01 27.2019
3.011 27.1952
3.012 27.1885
3.013 27.1818
3.014 27.1751
3.015 27.1684
3.016 27.1617
3.017 27.1549
3.018 27.1482
3.019 27.1414
3.02 27.1347
3.021 27.1279
3.022 27.1211
3.023 27.1143
3.024 27.1075
3.025 27.1007
3.026 27.0939
3.027 27.087
3.028 27.0802
3.029 27.0734
3.03 27.0665
3.031 27.0596
3.032 27.0528
3.033 27.0459
3.034 27.039
3.035 27.0321
3.036 27.0252
3.037 27.0183
3.038 27.0113
3.039 27.0044
3.04 26.9974
3.041 26.9905
3.042 26.9835
3.043 26.9766
3.044 26.9696
3.045 26.9626
3.046 26.9556
3.047 26.9486
3.048 26.9416
3.049 26.9345
3.05 26.9275
3.051 26.9204
3.052 26.9134
3.053 26.9063
3.054 26.8993
3.055 26.8922
3.056 26.8851
3.057 26.878
3.058 26.8709
3.059 26.8638
3.06 26.8566
3.061 26.8495
3.062 26.8424
3.063 26.8352
3.064 26.828
3.065 26.8209
3.066 26.8137
3.067 26.8065
3.068 26.7993
3.069 26.7921
3.07 26.7849
3.071 26.7777
3.072 26.7704
3.073 26.7632
3.074 26.7559
3.075 26.7487
3.076 26.7414
3.077 26.7341
3.078 26.7269
3.079 26.7196
3.08 26.7123
3.081 26.7049
3.082 26.6976
3.083 26.6903
3.084 26.6829
3.085 26.6756
3.086 26.6682
3.087 26.6609
3.088 26.6535
3.089 26.6461
3.09 26.6387
3.091 26.6313
3.092 26.6239
3.093 26.6165
3.094 26.6091
3.095 26.6016
3.096 26.5942
3.097 26.5867
3.098 26.5792
3.099 26.5718
3.1 26.5643
3.101 26.5568
3.102 26.5493
3.103 26.5418
3.104 26.5343
3.105 26.5267
3.106 26.5192
3.107 26.5117
3.108 26.5041
3.109 26.4965
3.11 26.489
3.111 26.4814
3.112 26.4738
3.113 26.4662
3.114 26.4586
3.115 26.451
3.116 26.4433
3.117 26.4357
3.118 26.4281
3.119 26.4204
3.12 26.4128
3.121 26.4051
3.122 26.3974
3.123 26.3897
3.124 26.382
3.125 26.3743
3.126 26.3666
3.127 26.3589
3.128 26.3511
3.129 26.3434
3.13 26.3357
3.131 26.3279
3.132 26.3201
3.133 26.3124
3.134 26.3046
3.135 26.2968
3.136 26.289
3.137 26.2812
3.138 26.2733
3.139 26.2655
3.14 26.2577
3.141 26.2498
3.142 26.242
3.143 26.2341
3.144 26.2262
3.145 26.2183
3.146 26.2105
3.147 26.2026
3.148 26.1946
3.149 26.1867
3.15 26.1788
3.151 26.1709
3.152 26.1629
3.153 26.155
3.154 26.147
3.155 26.139
3.156 26.131
3.157 26.1231
3.158 26.1151
3.159 26.1071
3.16 26.099
3.161 26.091
3.162 26.083
3.163 26.0749
3.164 26.0669
3.165 26.0588
3.166 26.0508
3.167 26.0427
3.168 26.0346
3.169 26.0265
3.17 26.0184
3.171 26.0103
3.172 26.0022
3.173 25.994
3.174 25.9859
3.175 25.9777
3.176 25.9696
3.177 25.9614
3.178 25.9532
3.179 25.9451
3.18 25.9369
3.181 25.9287
3.182 25.9205
3.183 25.9122
3.184 25.904
3.185 25.8958
3.186 25.8875
3.187 25.8793
3.188 25.871
3.189 25.8627
3.19 25.8545
3.191 25.8462
3.192 25.8379
3.193 25.8296
3.194 25.8212
3.195 25.8129
3.196 25.8046
3.197 25.7962
3.198 25.7879
3.199 25.7795
3.2 25.7712
3.201 25.7628
3.202 25.7544
3.203 25.746
3.204 25.7376
3.205 25.7292
3.206 25.7208
3.207 25.7123
3.208 25.7039
3.209 25.6955
3.21 25.687
3.211 25.6785
3.212 25.6701
3.213 25.6616
3.214 25.6531
3.215 25.6446
3.216 25.6361
3.217 25.6276
3.218 25.619
3.219 25.6105
3.22 25.6019
3.221 25.5934
3.222 25.5848
3.223 25.5763
3.224 25.5677
3.225 25.5591
3.226 25.5505
3.227 25.5419
3.228 25.5333
3.229 25.5247
3.23 25.516
3.231 25.5074
3.232 25.4987
3.233 25.4901
3.234 25.4814
3.235 25.4727
3.236 25.464
3.237 25.4553
3.238 25.4466
3.239 25.4379
3.24 25.4292
3.241 25.4205
3.242 25.4117
3.243 25.403
3.244 25.3942
3.245 25.3855
3.246 25.3767
3.247 25.3679
3.248 25.3591
3.249 25.3503
3.25 25.3415
3.251 25.3327
3.252 25.3239
3.253 25.3151
3.254 25.3062
3.255 25.2974
3.256 25.2885
3.257 25.2796
3.258 25.2708
3.259 25.2619
3.26 25.253
3.261 25.2441
3.262 25.2352
3.263 25.2262
3.264 25.2173
3.265 25.2084
3.266 25.1994
3.267 25.1905
3.268 25.1815
3.269 25.1725
3.27 25.1636
3.271 25.1546
3.272 25.1456
3.273 25.1366
3.274 25.1275
3.275 25.1185
3.276 25.1095
3.277 25.1004
3.278 25.0914
3.279 25.0823
3.28 25.0733
3.281 25.0642
3.282 25.0551
3.283 25.046
3.284 25.0369
3.285 25.0278
3.286 25.0187
3.287 25.0095
3.288 25.0004
3.289 24.9912
3.29 24.9821
3.291 24.9729
3.292 24.9638
3.293 24.9546
3.294 24.9454
3.295 24.9362
3.296 24.927
3.297 24.9178
3.298 24.9085
3.299 24.8993
3.3 24.8901
3.301 24.8808
3.302 24.8715
3.303 24.8623
3.304 24.853
3.305 24.8437
3.306 24.8344
3.307 24.8251
3.308 24.8158
3.309 24.8065
3.31 24.7972
3.311 24.7878
3.312 24.7785
3.313 24.7691
3.314 24.7597
3.315 24.7504
3.316 24.741
3.317 24.7316
3.318 24.7222
3.319 24.7128
3.32 24.7034
3.321 24.694
3.322 24.6845
3.323 24.6751
3.324 24.6656
3.325 24.6562
3.326 24.6467
3.327 24.6372
3.328 24.6277
3.329 24.6182
3.33 24.6087
3.331 24.5992
3.332 24.5897
3.333 24.5802
3.334 24.5706
3.335 24.5611
3.336 24.5515
3.337 24.542
3.338 24.5324
3.339 24.5228
3.34 24.5132
3.341 24.5036
3.342 24.494
3.343 24.4844
3.344 24.4748
3.345 24.4652
3.346 24.4555
3.347 24.4459
3.348 24.4362
3.349 24.4265
3.35 24.4169
3.351 24.4072
3.352 24.3975
3.353 24.3878
3.354 24.3781
3.355 24.3684
3.356 24.3586
3.357 24.3489
3.358 24.3392
3.359 24.3294
3.36 24.3196
3.361 24.3099
3.362 24.3001
3.363 24.2903
3.364 24.2805
3.365 24.2707
3.366 24.2609
3.367 24.2511
3.368 24.2412
3.369 24.2314
3.37 24.2216
3.371 24.2117
3.372 24.2018
3.373 24.192
3.374 24.1821
3.375 24.1722
3.376 24.1623
3.377 24.1524
3.378 24.1425
3.379 24.1325
3.38 24.1226
3.381 24.1127
3.382 24.1027
3.383 24.0928
3.384 24.0828
3.385 24.0728
3.386 24.0628
3.387 24.0528
3.388 24.0428
3.389 24.0328
3.39 24.0228
3.391 24.0128
3.392 24.0027
3.393 23.9927
3.394 23.9826
3.395 23.9726
3.396 23.9625
3.397 23.9524
3.398 23.9423
3.399 23.9322
3.4 23.9221
3.401 23.912
3.402 23.9019
3.403 23.8918
3.404 23.8816
3.405 23.8715
3.406 23.8613
3.407 23.8512
3.408 23.841
3.409 23.8308
3.41 23.8206
3.411 23.8104
3.412 23.8002
3.413 23.79
3.414 23.7798
3.415 23.7695
3.416 23.7593
3.417 23.749
3.418 23.7388
3.419 23.7285
3.42 23.7182
3.421 23.708
3.422 23.6977
3.423 23.6874
3.424 23.6771
3.425 23.6667
3.426 23.6564
3.427 23.6461
3.428 23.6357
3.429 23.6254
3.43 23.615
3.431 23.6046
3.432 23.5943
3.433 23.5839
3.434 23.5735
3.435 23.5631
3.436 23.5527
3.437 23.5423
3.438 23.5318
3.439 23.5214
3.44 23.5109
3.441 23.5005
3.442 23.49
3.443 23.4795
3.444 23.4691
3.445 23.4586
3.446 23.4481
3.447 23.4376
3.448 23.4271
3.449 23.4165
3.45 23.406
3.451 23.3955
3.452 23.3849
3.453 23.3744
3.454 23.3638
3.455 23.3532
3.456 23.3426
3.457 23.332
3.458 23.3214
3.459 23.3108
3.46 23.3002
3.461 23.2896
3.462 23.279
3.463 23.2683
3.464 23.2577
3.465 23.247
3.466 23.2363
3.467 23.2257
3.468 23.215
3.469 23.2043
3.47 23.1936
3.471 23.1829
3.472 23.1722
3.473 23.1614
3.474 23.1507
3.475 23.14
3.476 23.1292
3.477 23.1184
3.478 23.1077
3.479 23.0969
3.48 23.0861
3.481 23.0753
3.482 23.0645
3.483 23.0537
3.484 23.0429
3.485 23.0321
3.486 23.0212
3.487 23.0104
3.488 22.9995
3.489 22.9887
3.49 22.9778
3.491 22.9669
3.492 22.956
3.493 22.9451
3.494 22.9342
3.495 22.9233
3.496 22.9124
3.497 22.9015
3.498 22.8905
3.499 22.8796
3.5 22.8686
3.501 22.8577
3.502 22.8467
3.503 22.8357
3.504 22.8247
3.505 22.8137
3.506 22.8027
3.507 22.7917
3.508 22.7807
3.509 22.7697
3.51 22.7586
3.511 22.7476
3.512 22.7365
3.513 22.7254
3.514 22.7144
3.515 22.7033
3.516 22.6922
3.517 22.6811
3.518 22.67
3.519 22.6589
3.52 22.6478
3.521 22.6366
3.522 22.6255
3.523 22.6143
3.524 22.6032
3.525 22.592
3.526 22.5808
3.527 22.5697
3.528 22.5585
3.529 22.5473
3.53 22.5361
3.531 22.5249
3.532 22.5136
3.533 22.5024
3.534 22.4912
3.535 22.4799
3.536 22.4686
3.537 22.4574
3.538 22.4461
3.539 22.4348
3.54 22.4235
3.541 22.4122
3.542 22.4009
3.543 22.3896
3.544 22.3783
3.545 22.367
3.546 22.3556
3.547 22.3443
3.548 22.3329
3.549 22.3215
3.55 22.3102
3.551 22.2988
3.552 22.2874
3.553 22.276
3.554 22.2646
3.555 22.2532
3.556 22.2417
3.557 22.2303
3.558 22.2189
3.559 22.2074
3.56 22.1959
3.561 22.1845
3.562 22.173
3.563 22.1615
3.564 22.15
3.565 22.1385
3.566 22.127
3.567 22.1155
3.568 22.104
3.569 22.0924
3.57 22.0809
3.571 22.0694
3.572 22.0578
3.573 22.0462
3.574 22.0347
3.575 22.0231
3.576 22.0115
3.577 21.9999
3.578 21.9883
3.579 21.9766
3.58 21.965
3.581 21.9534
3.582 21.9417
3.583 21.9301
3.584 21.9184
3.585 21.9068
3.586 21.8951
3.587 21.8834
3.588 21.8717
3.589 21.86
3.59 21.8483
3.591 21.8366
3.592 21.8249
3.593 21.8131
3.594 21.8014
3.595 21.7896
3.596 21.7779
3.597 21.7661
3.598 21.7543
3.599 21.7426
3.6 21.7308
3.601 21.719
3.602 21.7072
3.603 21.6953
3.604 21.6835
3.605 21.6717
3.606 21.6598
3.607 21.648
3.608 21.6361
3.609 21.6243
3.61 21.6124
3.611 21.6005
3.612 21.5886
3.613 21.5767
3.614 21.5648
3.615 21.5529
3.616 21.541
3.617 21.529
3.618 21.5171
3.619 21.5051
3.62 21.4932
3.621 21.4812
3.622 21.4692
3.623 21.4573
3.624 21.4453
3.625 21.4333
3.626 21.4213
3.627 21.4092
3.628 21.3972
3.629 21.3852
3.63 21.3731
3.631 21.3611
3.632 21.349
3.633 21.337
3.634 21.3249
3.635 21.3128
3.636 21.3007
3.637 21.2886
3.638 21.2765
3.639 21.2644
3.64 21.2523
3.641 21.2402
3.642 21.228
3.643 21.2159
3.644 21.2037
3.645 21.1915
3.646 21.1794
3.647 21.1672
3.648 21.155
3.649 21.1428
3.65 21.1306
3.651 21.1184
3.652 21.1062
3.653 21.0939
3.654 21.0817
3.655 21.0694
3.656 21.0572
3.657 21.0449
3.658 21.0327
3.659 21.0204
3.66 21.0081
3.661 20.9958
3.662 20.9835
3.663 20.9712
3.664 20.9589
3.665 20.9465
3.666 20.9342
3.667 20.9218
3.668 20.9095
3.669 20.8971
3.67 20.8848
3.671 20.8724
3.672 20.86
3.673 20.8476
3.674 20.8352
3.675 20.8228
3.676 20.8104
3.677 20.7979
3.678 20.7855
3.679 20.773
3.68 20.7606
3.681 20.7481
3.682 20.7357
3.683 20.7232
3.684 20.7107
3.685 20.6982
3.686 20.6857
3.687 20.6732
3.688 20.6607
3.689 20.6482
3.69 20.6356
3.691 20.6231
3.692 20.6105
3.693 20.598
3.694 20.5854
3.695 20.5728
3.696 20.5602
3.697 20.5476
3.698 20.535
3.699 20.5224
3.7 20.5098
3.701 20.4972
3.702 20.4846
3.703 20.4719
3.704 20.4593
3.705 20.4466
3.706 20.434
3.707 20.4213
3.708 20.4086
3.709 20.3959
3.71 20.3832
3.711 20.3705
3.712 20.3578
3.713 20.3451
3.714 20.3323
3.715 20.3196
3.716 20.3069
3.717 20.2941
3.718 20.2813
3.719 20.2686
3.72 20.2558
3.721 20.243
3.722 20.2302
3.723 20.2174
3.724 20.2046
3.725 20.1918
3.726 20.1789
3.727 20.1661
3.728 20.1533
3.729 20.1404
3.73 20.1275
3.731 20.1147
3.732 20.1018
3.733 20.0889
3.734 20.076
3.735 20.0631
3.736 20.0502
3.737 20.0373
3.738 20.0244
3.739 20.0114
3.74 19.9985
3.741 19.9855
3.742 19.9726
3.743 19.9596
3.744 19.9466
3.745 19.9336
3.746 19.9207
3.747 19.9077
3.748 19.8946
3.749 19.8816
3.75 19.8686
3.751 19.8556
3.752 19.8425
3.753 19.8295
3.754 19.8164
3.755 19.8034
3.756 19.7903
3.757 19.7772
3.758 19.7641
3.759 19.751
3.76 19.7379
3.761 19.7248
3.762 19.7117
3.763 19.6986
3.764 19.6854
3.765 19.6723
3.766 19.6591
3.767 19.646
3.768 19.6328
3.769 19.6196
3.77 19.6064
3.771 19.5932
3.772 19.58
3.773 19.5668
3.774 19.5536
3.775 19.5404
3.776 19.5272
3.777 19.5139
3.778 19.5007
3.779 19.4874
3.78 19.4741
3.781 19.4609
3.782 19.4476
3.783 19.4343
3.784 19.421
3.785 19.4077
3.786 19.3944
3.787 19.381
3.788 19.3677
3.789 19.3544
3.79 19.341
3.791 19.3277
3.792 19.3143
3.793 19.3009
3.794 19.2876
3.795 19.2742
3.796 19.2608
3.797 19.2474
3.798 19.234
3.799 19.2205
3.8 19.2071
3.801 19.1937
3.802 19.1802
3.803 19.1668
3.804 19.1533
3.805 19.1399
3.806 19.1264
3.807 19.1129
3.808 19.0994
3.809 19.0859
3.81 19.0724
3.811 19.0589
3.812 19.0454
3.813 19.0318
3.814 19.0183
3.815 19.0047
3.816 18.9912
3.817 18.9776
3.818 18.9641
3.819 18.9505
3.82 18.9369
3.821 18.9233
3.822 18.9097
3.823 18.8961
3.824 18.8825
3.825 18.8688
3.826 18.8552
3.827 18.8415
3.828 18.8279
3.829 18.8142
3.83 18.8006
3.831 18.7869
3.832 18.7732
3.833 18.7595
3.834 18.7458
3.835 18.7321
3.836 18.7184
3.837 18.7047
3.838 18.6909
3.839 18.6772
3.84 18.6634
3.841 18.6497
3.842 18.6359
3.843 18.6222
3.844 18.6084
3.845 18.5946
3.846 18.5808
3.847 18.567
3.848 18.5532
3.849 18.5394
3.85 18.5255
3.851 18.5117
3.852 18.4978
3.853 18.484
3.854 18.4701
3.855 18.4563
3.856 18.4424
3.857 18.4285
3.858 18.4146
3.859 18.4007
3.86 18.3868
3.861 18.3729
3.862 18.359
3.863 18.345
3.864 18.3311
3.865 18.3172
3.866 18.3032
3.867 18.2892
3.868 18.2753
3.869 18.2613
3.87 18.2473
3.871 18.2333
3.872 18.2193
3.873 18.2053
3.874 18.1913
3.875 18.1772
3.876 18.1632
3.877 18.1492
3.878 18.1351
3.879 18.1211
3.88 18.107
3.881 18.0929
3.882 18.0788
3.883 18.0647
3.884 18.0506
3.885 18.0365
3.886 18.0224
3.887 18.0083
3.888 17.9942
3.889 17.98
3.89 17.9659
3.891 17.9517
3.892 17.9376
3.893 17.9234
3.894 17.9092
3.895 17.895
3.896 17.8809
3.897 17.8667
3.898 17.8524
3.899 17.8382
3.9 17.824
3.901 17.8098
3.902 17.7955
3.903 17.7813
3.904 17.767
3.905 17.7528
3.906 17.7385
3.907 17.7242
3.908 17.7099
3.909 17.6956
3.91 17.6813
3.911 17.667
3.912 17.6527
3.913 17.6384
3.914 17.624
3.915 17.6097
3.916 17.5953
3.917 17.581
3.918 17.5666
3.919 17.5522
3.92 17.5378
3.921 17.5235
3.922 17.5091
3.923 17.4947
3.924 17.4802
3.925 17.4658
3.926 17.4514
3.927 17.4369
3.928 17.4225
3.929 17.408
3.93 17.3936
3.931 17.3791
3.932 17.3646
3.933 17.3502
3.934 17.3357
3.935 17.3212
3.936 17.3067
3.937 17.2921
3.938 17.2776
3.939 17.2631
3.94 17.2485
3.941 17.234
3.942 17.2194
3.943 17.2049
3.944 17.1903
3.945 17.1757
3.946 17.1611
3.947 17.1465
3.948 17.1319
3.949 17.1173
3.95 17.1027
3.951 17.0881
3.952 17.0735
3.953 17.0588
3.954 17.0442
3.955 17.0295
3.956 17.0148
3.957 17.0002
3.958 16.9855
3.959 16.9708
3.96 16.9561
3.961 16.9414
3.962 16.9267
3.963 16.912
3.964 16.8972
3.965 16.8825
3.966 16.8678
3.967 16.853
3.968 16.8382
3.969 16.8235
3.97 16.8087
3.971 16.7939
3.972 16.7791
3.973 16.7643
3.974 16.7495
3.975 16.7347
3.976 16.7199
3.977 16.7051
3.978 16.6902
3.979 16.6754
3.98 16.6605
3.981 16.6457
3.982 16.6308
3.983 16.6159
3.984 16.601
3.985 16.5861
3.986 16.5712
3.987 16.5563
3.988 16.5414
3.989 16.5265
3.99 16.5116
3.991 16.4966
3.992 16.4817
3.993 16.4667
3.994 16.4518
3.995 16.4368
3.996 16.4218
3.997 16.4068
3.998 16.3918
3.999 16.3768
4 16.3618
4.001 16.3468
4.002 16.3318
4.003 16.3168
4.004 16.3017
4.005 16.2867
4.006 16.2716
4.007 16.2566
4.008 16.2415
4.009 16.2264
4.01 16.2113
4.011 16.1962
4.012 16.1811
4.013 16.166
4.014 16.1509
4.015 16.1358
4.016 16.1206
4.017 16.1055
4.018 16.0904
4.019 16.0752
4.02 16.06
4.021 16.0449
4.022 16.0297
4.023 16.0145
4.024 15.9993
4.025 15.9841
4.026 15.9689
4.027 15.9537
4.028 15.9385
4.029 15.9232
4.03 15.908
4.031 15.8927
4.032 15.8775
4.033 15.8622
4.034 15.8469
4.035 15.8317
4.036 15.8164
4.037 15.8011
4.038 15.7858
4.039 15.7705
4.04 15.7552
4.041 15.7398
4.042 15.7245
4.043 15.7092
4.044 15.6938
4.045 15.6785
4.046 15.6631
4.047 15.6477
4.048 15.6323
4.049 15.6169
4.05 15.6016
4.051 15.5862
4.052 15.5707
4.053 15.5553
4.054 15.5399
4.055 15.5245
4.056 15.509
4.057 15.4936
4.058 15.4781
4.059 15.4627
4.06 15.4472
4.061 15.4317
4.062 15.4162
4.063 15.4007
4.064 15.3852
4.065 15.3697
4.066 15.3542
4.067 15.3387
4.068 15.3231
4.069 15.3076
4.07 15.292
4.071 15.2765
4.072 15.2609
4.073 15.2454
4.074 15.2298
4.075 15.2142
4.076 15.1986
4.077 15.183
4.078 15.1674
4.079 15.1518
4.08 15.1361
4.081 15.1205
4.082 15.1049
4.083 15.0892
4.084 15.0736
4.085 15.0579
4.086 15.0422
4.087 15.0266
4.088 15.0109
4.089 14.9952
4.09 14.9795
4.091 14.9638
4.092 14.948
4.093 14.9323
4.094 14.9166
4.095 14.9009
4.096 14.8851
4.097 14.8694
4.098 14.8536
4.099 14.8378
4.1 14.822
4.101 14.8063
4.102 14.7905
4.103 14.7747
4.104 14.7589
4.105 14.743
4.106 14.7272
4.107 14.7114
4.108 14.6955
4.109 14.6797
4.11 14.6638
4.111 14.648
4.112 14.6321
4.113 14.6162
4.114 14.6004
4.115 14.5845
4.116 14.5686
4.117 14.5527
4.118 14.5367
4.119 14.5208
4.12 14.5049
4.121 14.489
4.122 14.473
4.123 14.4571
4.124 14.4411
4.125 14.4251
4.126 14.4092
4.127 14.3932
4.128 14.3772
4.129 14.3612
4.13 14.3452
4.131 14.3292
4.132 14.3131
4.133 14.2971
4.134 14.2811
4.135 14.265
4.136 14.249
4.137 14.2329
4.138 14.2169
4.139 14.2008
4.14 14.1847
4.141 14.1686
4.142 14.1525
4.143 14.1364
4.144 14.1203
4.145 14.1042
4.146 14.0881
4.147 14.0719
4.148 14.0558
4.149 14.0396
4.15 14.0235
4.151 14.0073
4.152 13.9911
4.153 13.975
4.154 13.9588
4.155 13.9426
4.156 13.9264
4.157 13.9102
4.158 13.894
4.159 13.8777
4.16 13.8615
4.161 13.8453
4.162 13.829
4.163 13.8128
4.164 13.7965
4.165 13.7802
4.166 13.7639
4.167 13.7477
4.168 13.7314
4.169 13.7151
4.17 13.6988
4.171 13.6825
4.172 13.6661
4.173 13.6498
4.174 13.6335
4.175 13.6171
4.176 13.6008
4.177 13.5844
4.178 13.568
4.179 13.5517
4.18 13.5353
4.181 13.5189
4.182 13.5025
4.183 13.4861
4.184 13.4697
4.185 13.4533
4.186 13.4368
4.187 13.4204
4.188 13.4039
4.189 13.3875
4.19 13.371
4.191 13.3546
4.192 13.3381
4.193 13.3216
4.194 13.3051
4.195 13.2886
4.196 13.2721
4.197 13.2556
4.198 13.2391
4.199 13.2226
4.2 13.2061
4.201 13.1895
4.202 13.173
4.203 13.1564
4.204 13.1399
4.205 13.1233
4.206 13.1067
4.207 13.0901
4.208 13.0735
4.209 13.0569
4.21 13.0403
4.211 13.0237
4.212 13.0071
4.213 12.9905
4.214 12.9738
4.215 12.9572
4.216 12.9405
4.217 12.9239
4.218 12.9072
4.219 12.8905
4.22 12.8738
4.221 12.8572
4.222 12.8405
4.223 12.8238
4.224 12.807
4.225 12.7903
4.226 12.7736
4.227 12.7569
4.228 12.7401
4.229 12.7234
4.23 12.7066
4.231 12.6899
4.232 12.6731
4.233 12.6563
4.234 12.6395
4.235 12.6227
4.236 12.6059
4.237 12.5891
4.238 12.5723
4.239 12.5555
4.24 12.5387
4.241 12.5218
4.242 12.505
4.243 12.4881
4.244 12.4713
4.245 12.4544
4.246 12.4375
4.247 12.4206
4.248 12.4038
4.249 12.3869
4.25 12.3699
4.251 12.353
4.252 12.3361
4.253 12.3192
4.254 12.3023
4.255 12.2853
4.256 12.2684
4.257 12.2514
4.258 12.2345
4.259 12.2175
4.26 12.2005
4.261 12.1835
4.262 12.1665
4.263 12.1495
4.264 12.1325
4.265 12.1155
4.266 12.0985
4.267 12.0815
4.268 12.0644
4.269 12.0474
4.27 12.0303
4.271 12.0133
4.272 11.9962
4.273 11.9791
4.274 11.962
4.275 11.9449
4.276 11.9279
4.277 11.9107
4.278 11.8936
4.279 11.8765
4.28 11.8594
4.281 11.8423
4.282 11.8251
4.283 11.808
4.284 11.7908
4.285 11.7737
4.286 11.7565
4.287 11.7393
4.288 11.7221
4.289 11.7049
4.29 11.6877
4.291 11.6705
4.292 11.6533
4.293 11.6361
4.294 11.6189
4.295 11.6016
4.296 11.5844
4.297 11.5671
4.298 11.5499
4.299 11.5326
4.3 11.5153
4.301 11.4981
4.302 11.4808
4.303 11.4635
4.304 11.4462
4.305 11.4289
4.306 11.4116
4.307 11.3942
4.308 11.3769
4.309 11.3596
4.31 11.3422
4.311 11.3249
4.312 11.3075
4.313 11.2901
4.314 11.2728
4.315 11.2554
4.316 11.238
4.317 11.2206
4.318 11.2032
4.319 11.1858
4.32 11.1684
4.321 11.1509
4.322 11.1335
4.323 11.1161
4.324 11.0986
4.325 11.0812
4.326 11.0637
4.327 11.0462
4.328 11.0288
4.329 11.0113
4.33 10.9938
4.331 10.9763
4.332 10.9588
4.333 10.9413
4.334 10.9237
4.335 10.9062
4.336 10.8887
4.337 10.8711
4.338 10.8536
4.339 10.836
4.34 10.8185
4.341 10.8009
4.342 10.7833
4.343 10.7657
4.344 10.7481
4.345 10.7305
4.346 10.7129
4.347 10.6953
4.348 10.6777
4.349 10.6601
4.35 10.6424
4.351 10.6248
4.352 10.6071
4.353 10.5895
4.354 10.5718
4.355 10.5541
4.356 10.5365
4.357 10.5188
4.358 10.5011
4.359 10.4834
4.36 10.4657
4.361 10.448
4.362 10.4302
4.363 10.4125
4.364 10.3948
4.365 10.377
4.366 10.3593
4.367 10.3415
4.368 10.3237
4.369 10.306
4.37 10.2882
4.371 10.2704
4.372 10.2526
4.373 10.2348
4.374 10.217
4.375 10.1992
4.376 10.1814
4.377 10.1635
4.378 10.1457
4.379 10.1278
4.38 10.11
4.381 10.0921
4.382 10.0743
4.383 10.0564
4.384 10.0385
4.385 10.0206
4.386 10.0027
4.387 9.98481
4.388 9.9669
4.389 9.94898
4.39 9.93106
4.391 9.91312
4.392 9.89519
4.393 9.87724
4.394 9.85928
4.395 9.84132
4.396 9.82336
4.397 9.80538
4.398 9.7874
4.399 9.76941
4.4 9.75141
4.401 9.73341
4.402 9.7154
4.403 9.69738
4.404 9.67935
4.405 9.66132
4.406 9.64328
4.407 9.62523
4.408 9.60718
4.409 9.58912
4.41 9.57105
4.411 9.55297
4.412 9.53489
4.413 9.5168
4.414 9.4987
4.415 9.4806
4.416 9.46249
4.417 9.44437
4.418 9.42624
4.419 9.40811
4.42 9.38997
4.421 9.37182
4.422 9.35367
4.423 9.33551
4.424 9.31734
4.425 9.29916
4.426 9.28098
4.427 9.26279
4.428 9.24459
4.429 9.22639
4.43 9.20818
4.431 9.18996
4.432 9.17173
4.433 9.1535
4.434 9.13526
4.435 9.11701
4.436 9.09876
4.437 9.0805
4.438 9.06223
4.439 9.04395
4.44 9.02567
4.441 9.00738
4.442 8.98909
4.443 8.97078
4.444 8.95247
4.445 8.93415
4.446 8.91583
4.447 8.89749
4.448 8.87916
4.449 8.86081
4.45 8.84246
4.451 8.82409
4.452 8.80573
4.453 8.78735
4.454 8.76897
4.455 8.75058
4.456 8.73218
4.457 8.71378
4.458 8.69537
4.459 8.67695
4.46 8.65853
4.461 8.6401
4.462 8.62166
4.463 8.60321
4.464 8.58476
4.465 8.5663
4.466 8.54783
4.467 8.52936
4.468 8.51088
4.469 8.49239
4.47 8.4739
4.471 8.45539
4.472 8.43688
4.473 8.41837
4.474 8.39984
4.475 8.38131
4.476 8.36278
4.477 8.34423
4.478 8.32568
4.479 8.30712
4.48 8.28856
4.481 8.26998
4.482 8.2514
4.483 8.23282
4.484 8.21422
4.485 8.19562
4.486 8.17701
4.487 8.1584
4.488 8.13978
4.489 8.12115
4.49 8.10251
4.491 8.08387
4.492 8.06522
4.493 8.04656
4.494 8.0279
4.495 8.00923
4.496 7.99055
4.497 7.97186
4.498 7.95317
4.499 7.93447
4.5 7.91576
4.501 7.89705
4.502 7.87833
4.503 7.8596
4.504 7.84087
4.505 7.82213
4.506 7.80338
4.507 7.78462
4.508 7.76586
4.509 7.74709
4.51 7.72831
4.511 7.70953
4.512 7.69074
4.513 7.67194
4.514 7.65314
4.515 7.63433
4.516 7.61551
4.517 7.59668
4.518 7.57785
4.519 7.55901
4.52 7.54016
4.521 7.52131
4.522 7.50245
4.523 7.48358
4.524 7.46471
4.525 7.44583
4.526 7.42694
4.527 7.40804
4.528 7.38914
4.529 7.37023
4.53 7.35131
4.531 7.33239
4.532 7.31346
4.533 7.29452
4.534 7.27558
4.535 7.25663
4.536 7.23767
4.537 7.21871
4.538 7.19973
4.539 7.18075
4.54 7.16177
4.541 7.14278
4.542 7.12378
4.543 7.10477
4.544 7.08576
4.545 7.06674
4.546 7.04771
4.547 7.02867
4.548 7.00963
4.549 6.99058
4.55 6.97153
4.551 6.95247
4.552 6.9334
4.553 6.91432
4.554 6.89524
4.555 6.87615
4.556 6.85705
4.557 6.83795
4.558 6.81883
4.559 6.79972
4.56 6.78059
4.561 6.76146
4.562 6.74232
4.563 6.72318
4.564 6.70402
4.565 6.68486
4.566 6.6657
4.567 6.64653
4.568 6.62735
4.569 6.60816
4.57 6.58896
4.571 6.56976
4.572 6.55056
4.573 6.53134
4.574 6.51212
4.575 6.49289
4.576 6.47366
4.577 6.45441
4.578 6.43516
4.579 6.41591
4.58 6.39665
4.581 6.37738
4.582 6.3581
4.583 6.33882
4.584 6.31953
4.585 6.30023
4.586 6.28092
4.587 6.26161
4.588 6.24229
4.589 6.22297
4.59 6.20364
4.591 6.1843
4.592 6.16495
4.593 6.1456
4.594 6.12624
4.595 6.10688
4.596 6.0875
4.597 6.06812
4.598 6.04874
4.599 6.02934
4.6 6.00994
4.601 5.99054
4.602 5.97112
4.603 5.9517
4.604 5.93227
4.605 5.91284
4.606 5.8934
4.607 5.87395
4.608 5.85449
4.609 5.83503
4.61 5.81556
4.611 5.79608
4.612 5.7766
4.613 5.75711
4.614 5.73762
4.615 5.71811
4.616 5.6986
4.617 5.67909
4.618 5.65956
4.619 5.64003
4.62 5.62049
4.621 5.60095
4.622 5.5814
4.623 5.56184
4.624 5.54228
4.625 5.5227
4.626 5.50313
4.627 5.48354
4.628 5.46395
4.629 5.44435
4.63 5.42474
4.631 5.40513
4.632 5.38551
4.633 5.36589
4.634 5.34625
4.635 5.32661
4.636 5.30697
4.637 5.28731
4.638 5.26765
4.639 5.24799
4.64 5.22831
4.641 5.20863
4.642 5.18895
4.643 5.16925
4.644 5.14955
4.645 5.12984
4.646 5.11013
4.647 5.09041
4.648 5.07068
4.649 5.05094
4.65 5.0312
4.651 5.01145
4.652 4.9917
4.653 4.97194
4.654 4.95217
4.655 4.93239
4.656 4.91261
4.657 4.89282
4.658 4.87303
4.659 4.85322
4.66 4.83341
4.661 4.8136
4.662 4.79377
4.663 4.77394
4.664 4.75411
4.665 4.73426
4.666 4.71441
4.667 4.69456
4.668 4.67469
4.669 4.65482
4.67 4.63495
4.671 4.61506
4.672 4.59517
4.673 4.57528
4.674 4.55537
4.675 4.53546
4.676 4.51554
4.677 4.49562
4.678 4.47569
4.679 4.45575
4.68 4.43581
4.681 4.41585
4.682 4.3959
4.683 4.37593
4.684 4.35596
4.685 4.33598
4.686 4.316
4.687 4.29601
4.688 4.27601
4.689 4.256
4.69 4.23599
4.691 4.21597
4.692 4.19595
4.693 4.17592
4.694 4.15588
4.695 4.13583
4.696 4.11578
4.697 4.09572
4.698 4.07565
4.699 4.05558
4.7 4.0355
4.701 4.01542
4.702 3.99533
4.703 3.97523
4.704 3.95512
4.705 3.93501
4.706 3.91489
4.707 3.89476
4.708 3.87463
4.709 3.85449
4.71 3.83435
4.711 3.81419
4.712 3.79403
4.713 3.77387
4.714 3.7537
4.715 3.73352
4.716 3.71333
4.717 3.69314
4.718 3.67294
4.719 3.65273
4.72 3.63252
4.721 3.6123
4.722 3.59207
4.723 3.57184
4.724 3.5516
4.725 3.53136
4.726 3.5111
4.727 3.49084
4.728 3.47058
4.729 3.45031
4.73 3.43003
4.731 3.40974
4.732 3.38945
4.733 3.36915
4.734 3.34884
4.735 3.32853
4.736 3.30821
4.737 3.28788
4.738 3.26755
4.739 3.24721
4.74 3.22687
4.741 3.20651
4.742 3.18615
4.743 3.16579
4.744 3.14542
4.745 3.12504
4.746 3.10465
4.747 3.08426
4.748 3.06386
4.749 3.04346
4.75 3.02304
4.751 3.00262
4.752 2.9822
4.753 2.96177
4.754 2.94133
4.755 2.92088
4.756 2.90043
4.757 2.87997
4.758 2.85951
4.759 2.83904
4.76 2.81856
4.761 2.79807
4.762 2.77758
4.763 2.75708
4.764 2.73658
4.765 2.71607
4.766 2.69555
4.767 2.67502
4.768 2.65449
4.769 2.63395
4.77 2.61341
4.771 2.59286
4.772 2.5723
4.773 2.55174
4.774 2.53117
4.775 2.51059
4.776 2.49
4.777 2.46941
4.778 2.44882
4.779 2.42821
4.78 2.4076
4.781 2.38699
4.782 2.36636
4.783 2.34573
4.784 2.3251
4.785 2.30445
4.786 2.2838
4.787 2.26315
4.788 2.24248
4.789 2.22181
4.79 2.20114
4.791 2.18046
4.792 2.15977
4.793 2.13907
4.794 2.11837
4.795 2.09766
4.796 2.07694
4.797 2.05622
4.798 2.03549
4.799 2.01476
4.8 1.99402
4.801 1.97327
4.802 1.95251
4.803 1.93175
4.804 1.91099
4.805 1.89021
4.806 1.86943
4.807 1.84864
4.808 1.82785
4.809 1.80705
4.81 1.78624
4.811 1.76543
4.812 1.74461
4.813 1.72378
4.814 1.70295
4.815 1.68211
4.816 1.66126
4.817 1.64041
4.818 1.61955
4.819 1.59869
4.82 1.57781
4.821 1.55693
4.822 1.53605
4.823 1.51516
4.824 1.49426
4.825 1.47335
4.826 1.45244
4.827 1.43153
4.828 1.4106
4.829 1.38967
4.83 1.36873
4.831 1.34779
4.832 1.32684
4.833 1.30588
4.834 1.28492
4.835 1.26395
4.836 1.24297
4.837 1.22199
4.838 1.201
4.839 1.18001
4.84 1.159
4.841 1.13799
4.842 1.11698
4.843 1.09596
4.844 1.07493
4.845 1.05389
4.846 1.03285
4.847 1.01181
4.848 0.990752
4.849 0.969692
4.85 0.948625
4.851 0.927551
4.852 0.906471
4.853 0.885385
4.854 0.864292
4.855 0.843193
4.856 0.822087
4.857 0.800975
4.858 0.779856
4.859 0.758731
4.86 0.7376
4.861 0.716462
4.862 0.695317
4.863 0.674166
4.864 0.653009
4.865 0.631845
4.866 0.610675
4.867 0.589498
4.868 0.568315
4.869 0.547125
4.87 0.525929
4.871 0.504727
4.872 0.483518
4.873 0.462303
4.874 0.441081
4.875 0.419853
4.876 0.398618
4.877 0.377377
4.878 0.35613
4.879 0.334876
4.88 0.313616
4.881 0.292349
4.882 0.271076
4.883 0.249796
4.884 0.22851
4.885 0.207218
4.886 0.185919
4.887 0.164614
4.888 0.143302
4.889 0.121984
4.89 0.10066
4.891 0.079329
4.892 0.0579917
4.893 0.0366481
4.894 0.0152981
4.895 -0.00605832
