0 1.48875
1 1.48941
2 1.49139
3 1.49469
4 1.49933
5 1.50532
6 1.51269
7 1.52147
8 1.53168
9 1.54338
10 1.5566
11 1.5714
12 1.58783
13 1.60598
14 1.6259
15 1.64768
16 1.67143
17 1.69724
18 1.72524
19 1.75555
20 1.78832
21 1.8237
22 1.86189
23 1.90307
24 1.94748
25 1.99535
26 2.04696
27 2.10263
28 2.16269
29 2.22754
30 2.29762
31 2.37341
32 2.45547
33 2.54444
34 2.64103
35 2.74607
36 2.86049
37 2.98536
38 3.12194
39 3.27166
40 3.43619
41 3.6175
42 3.81788
43 4.04005
44 4.28724
45 4.56329
46 4.87286
47 5.22156
48 5.61627
49 6.06546
50 6.57966
51 7.17209
52 7.85956
53 8.66368
54 9.61264
55 10.7437
56 12.1071
57 13.7717
58 15.8341
59 18.4332
60 21.7748
61 26.1739
62 32.1334
63 40.4963
64 52.7654
65 71.8378
66 103.908
67 164.271
68 299.839
69 719.135
70 3609.13
71 57256.4
72 1577.24
73 465.439
74 218.237
75 125.697
76 81.3728
77 56.8115
78 41.8175
79 32.0087
80 25.25
81 20.4007
82 16.8068
83 14.0716
84 11.9432
85 10.2557
86 8.89596
87 7.78487
88 6.86576
89 6.0972
90 5.44829
91 4.89566
92 4.42135
93 4.01138
94 3.65474
95 3.34268
96 3.06814
97 2.82543
98 2.60986
99 2.41759
100 2.24543
101 2.09069
102 1.95115
103 1.8249
104 1.71034
105 1.60608
106 1.51095
107 1.42393
108 1.34414
109 1.27081
110 1.20327
111 1.14094
112 1.08332
113 1.02994
114 0.980401
115 0.934359
116 0.891495
117 0.851528
118 0.81421
119 0.779314
120 0.746641
121 0.716009
122 0.687256
123 0.660234
124 0.63481
125 0.610863
126 0.588283
127 0.566971
128 0.546836
129 0.527795
130 0.509771
131 0.492695
132 0.476504
133 0.46114
134 0.446547
135 0.432677
136 0.419484
137 0.406926
138 0.394964
139 0.383561
140 0.372686
141 0.362305
142 0.352392
143 0.342919
144 0.333861
145 0.325195
146 0.316899
147 0.308954
148 0.301341
149 0.294042
150 0.287041
151 0.280323
152 0.273872
153 0.267676
154 0.261722
155 0.255999
156 0.250494
157 0.245197
158 0.240099
159 0.235191
160 0.230462
161 0.225906
162 0.221515
163 0.217281
164 0.213197
165 0.209256
166 0.205453
167 0.201781
168 0.198236
169 0.194811
170 0.191501
171 0.188303
172 0.185211
173 0.182222
174 0.17933
175 0.176533
176 0.173827
177 0.171208
178 0.168672
179 0.166218
180 0.163841
181 0.161539
182 0.15931
183 0.15715
184 0.155057
185 0.153029
186 0.151064
187 0.149158
188 0.147312
189 0.145521
190 0.143785
191 0.142102
192 0.14047
193 0.138888
194 0.137353
195 0.135864
196 0.134421
197 0.133021
198 0.131663
199 0.130346
200 0.129069
201 0.127831
202 0.12663
203 0.125466
204 0.124337
205 0.123243
206 0.122182
207 0.121154
208 0.120158
209 0.119192
210 0.118257
211 0.117351
212 0.116475
213 0.115626
214 0.114804
215 0.11401
216 0.113241
217 0.112498
218 0.11178
219 0.111086
220 0.110417
221 0.10977
222 0.109147
223 0.108547
224 0.107968
225 0.107411
226 0.106875
227 0.106361
228 0.105867
229 0.105393
230 0.104938
231 0.104504
232 0.104089
233 0.103692
234 0.103315
235 0.102956
236 0.102615
237 0.102292
238 0.101987
239 0.1017
240 0.10143
241 0.101177
242 0.100941
243 0.100722
244 0.10052
245 0.100335
246 0.100166
247 0.100014
248 0.0998774
249 0.0997574
250 0.0996536
251 0.0995659
252 0.0994942
253 0.0994385
254 0.0993987
255 0.0993748
256 0.0993669
257 0.0993748
258 0.0993987
259 0.0994385
260 0.0994942
261 0.0995659
262 0.0996536
263 0.0997574
264 0.0998774
265 0.100014
266 0.100166
267 0.100335
268 0.10052
269 0.100722
270 0.100941
271 0.101177
272 0.10143
273 0.1017
274 0.101987
275 0.102292
276 0.102615
277 0.102956
278 0.103315
279 0.103692
280 0.104089
281 0.104504
282 0.104938
283 0.105393
284 0.105867
285 0.106361
286 0.106875
287 0.107411
288 0.107968
289 0.108547
290 0.109147
291 0.10977
292 0.110417
293 0.111086
294 0.11178
295 0.112498
296 0.113241
297 0.11401
298 0.114804
299 0.115626
300 0.116475
301 0.117351
302 0.118257
303 0.119192
304 0.120158
305 0.121154
306 0.122182
307 0.123243
308 0.124337
309 0.125466
310 0.12663
311 0.127831
312 0.129069
313 0.130346
314 0.131663
315 0.133021
316 0.134421
317 0.135864
318 0.137353
319 0.138888
320 0.14047
321 0.142102
322 0.143785
323 0.145521
324 0.147312
325 0.149158
326 0.151064
327 0.153029
328 0.155057
329 0.15715
330 0.15931
331 0.161539
332 0.163841
333 0.166218
334 0.168672
335 0.171208
336 0.173827
337 0.176533
338 0.17933
339 0.182222
340 0.185211
341 0.188303
342 0.191501
343 0.194811
344 0.198236
345 0.201781
346 0.205453
347 0.209256
348 0.213197
349 0.217281
350 0.221515
351 0.225906
352 0.230462
353 0.235191
354 0.240099
355 0.245197
356 0.250494
357 0.255999
358 0.261722
359 0.267676
360 0.273872
361 0.280323
362 0.287041
363 0.294042
364 0.301341
365 0.308954
366 0.316899
367 0.325195
368 0.333861
369 0.342919
370 0.352392
371 0.362305
372 0.372686
373 0.383561
374 0.394964
375 0.406926
376 0.419484
377 0.432677
378 0.446547
379 0.46114
380 0.476504
381 0.492695
382 0.509771
383 0.527795
384 0.546836
385 0.566971
386 0.588283
387 0.610863
388 0.63481
389 0.660234
390 0.687256
391 0.716009
392 0.746641
393 0.779314
394 0.81421
395 0.851528
396 0.891495
397 0.934359
398 0.980401
399 1.02994
400 1.08332
401 1.14094
402 1.20327
403 1.27081
404 1.34414
405 1.42393
406 1.51095
407 1.60608
408 1.71034
409 1.8249
410 1.95115
411 2.09069
412 2.24543
413 2.41759
414 2.60986
415 2.82543
416 3.06814
417 3.34268
418 3.65474
419 4.01138
420 4.42135
421 4.89566
422 5.44829
423 6.0972
424 6.86576
425 7.78487
426 8.89596
427 10.2557
428 11.9432
429 14.0716
430 16.8068
431 20.4007
432 25.25
433 32.0087
434 41.8175
435 56.8115
436 81.3728
437 125.697
438 218.237
439 465.439
440 1577.24
441 57256.4
442 3609.13
443 719.135
444 299.839
445 164.271
446 103.908
447 71.8378
448 52.7654
449 40.4963
450 32.1334
451 26.1739
452 21.7748
453 18.4332
454 15.8341
455 13.7717
456 12.1071
457 10.7437
458 9.61264
459 8.66368
460 7.85956
461 7.17209
462 6.57966
463 6.06546
464 5.61627
465 5.22156
466 4.87286
467 4.56329
468 4.28724
469 4.04005
470 3.81788
471 3.6175
472 3.43619
473 3.27166
474 3.12194
475 2.98536
476 2.86049
477 2.74607
478 2.64103
479 2.54444
480 2.45547
481 2.37341
482 2.29762
483 2.22754
484 2.16269
485 2.10263
486 2.04696
487 1.99535
488 1.94748
489 1.90307
490 1.86189
491 1.8237
492 1.78832
493 1.75555
494 1.72524
495 1.69724
496 1.67143
497 1.64768
498 1.6259
499 1.60598
500 1.58783
501 1.5714
502 1.5566
503 1.54338
504 1.53168
505 1.52147
506 1.51269
507 1.50532
508 1.49933
509 1.49469
510 1.49139
511 1.48941
