0.25816
0.693923
-0.746859
-0.832482
2.4907
-0.500365
-0.578969
1.21504
-2.0305
-0.762404
-0.641071
-0.729537
-1.00728
0.142921
-0.191463
0.73466
0.271463
0.602355
-0.324132
-0.877224
1.79027
0.286191
-0.365012
-0.898411
-0.915865
-0.240906
1.11725
0.634982
-0.0431107
-0.494653
0.309805
-2.69645
2.05009
1.22916
-1.21413
0.298563
1.11479
0.886123
1.53341
0.646096
-0.278659
-0.555831
0.0872776
0.416073
-0.141213
-0.733597
-0.832123
0.862947
-0.677728
-0.648216
-2.86243
0.615883
0.0942722
-0.0271701
-0.494917
-0.878853
0.468664
-0.1006
-1.3071
-1.12996
-1.0308
-0.0239866
-0.932648
0.233125
-0.0985852
-0.706203
-0.561794
1.23908
-1.33571
-0.248913
1.44916
2.14104
-0.445464
0.725419
0.0719128
2.23841
0.369314
0.137374
0.50209
0.188195
-1.70848
1.80636
0.646185
-1.47353
-1.6521
0.939955
-0.172685
0.747074
-0.502211
-0.414009
-1.23679
-0.633695
0.610897
-0.094147
0.610381
-1.5836
-0.0183015
0.928887
1.46019
1.54416
0.446736
-0.44
0.533771
0.402265
0.244077
-0.387313
0.511622
-1.73349
0.00278692
0.594951
-0.917353
-0.586145
-0.60848
1.20542
-0.0705858
1.1199
-0.587956
0.220864
1.96696
1.16609
0.636177
-1.48453
-1.29448
1.58756
-0.585614
0.755308
0.436381
0.00537282
0.738981
1.07757
0.0761484
0.203205
2.5989
-1.99474
0.656661
-0.177185
0.687584
0.0968689
-0.738981
0.701914
-0.304153
-0.522648
-0.922091
-1.12616
-1.34043
0.471968
-0.548537
-0.504521
-0.739009
1.26254
2.09572
-1.39387
0.96676
0.265789
-0.115023
0.0949203
0.880355
1.32009
0.854491
0.543462
-0.740022
-1.15478
0.365848
2.04856
0.120287
-0.682628
1.70346
-0.983432
-0.64358
0.690269
0.338877
-1.54711
-0.0916922
-0.72224
0.365531
0.516399
-1.13578
1.21478
0.707959
2.18168
0.73899
1.0105
0.316836
-0.766197
-0.409255
-0.076221
-0.218682
2.14709
1.96245
1.00391
-1.15084
-0.367621
1.05607
0.867394
-1.18597
1.08523
0.391983
0.119054
0.733166
-0.95065
-0.636689
-0.799921
0.199773
0.658439
-0.676215
-2.37632
-1.16006
-0.25342
-2.04551
0.24999
-0.692066
-1.01036
-0.952972
-0.323577
0.449537
-0.971372
0.818886
1.95508
-0.798773
0.233544
-0.780005
-0.218636
-0.635944
-1.29031
-0.585472
-2.28556
-1.02494
-1.43425
-0.700642
0.718913
0.984392
0.544054
-0.352913
-0.00242385
0.648482
-0.297054
-0.048285
-0.402242
0.384417
-0.0761166
2.19694
2.20964
0.745693
-0.656856
0.251697
0.0274556
-1.49617
-0.269792
-0.486251
-1.40848
0.978392
0.910489
-1.46666
1.59882
-0.120319
-1.07373
-0.769383
1.32255
-0.504638
1.15921
0.916968
0.0330604
0.372827
-0.566127
-0.691439
-0.480075
-0.38742
-0.910484
0.340358
-1.83848
0.880063
0.281774
-0.865848
1.97569
-1.03635
0.169306
-0.638621
-0.704873
-1.88172
-0.411155
1.54022
2.09539
-0.201925
0.0456296
1.3934
0.601599
0.496915
-0.104497
0.391416
0.311267
-0.729235
-1.00795
0.952244
-0.846294
-0.164422
0.114438
-2.66068
1.07224
-1.62476
-1.23538
-1.4501
0.567627
0.909433
0.348954
-0.951584
1.48451
-0.0801167
1.15065
0.539121
-0.340017
-1.39246
-0.148883
0.807614
-0.117394
0.814715
0.74406
0.620278
-2.75735
0.531162
0.26849
0.637288
0.133741
0.735806
-1.17382
0.248793
-0.127268
1.7683
2.14486
0.114476
-0.111602
-0.647337
0.802872
-0.157662
0.146401
0.600869
-0.287847
-0.677311
1.68614
-0.965535
-0.902212
1.62978
0.350454
-0.433961
-1.32612
0.00579011
-1.29719
-1.31183
-0.975597
-0.35306
-0.481292
0.0247609
0.437959
1.19179
-0.483453
-1.39095
-0.160961
-0.0356749
0.707696
-0.182031
0.00442311
-0.775617
-0.0854835
1.16888
-0.485682
-0.946318
-0.473328
-0.153862
-0.579069
1.17457
-1.56387
-0.377723
1.32079
1.2884
-0.822722
-0.389883
0.770287
-0.00676047
0.157939
-1.2908
-0.916345
0.893206
-0.660354
-1.51409
0.387508
-0.952286
-0.849742
0.111555
1.62968
0.100862
-2.09462
-0.538064
-1.19797
0.705712
0.325005
1.73774
-0.169347
0.242343
1.27435
0.523741
-0.68409
-0.133617
-0.756093
-0.938754
0.276842
-1.69565
0.876577
-0.102779
0.479323
0.717866
1.47293
0.611021
1.89683
-0.424403
0.752264
-1.5989
0.114125
0.198081
-1.80111
0.984537
-0.379139
-0.332054
0.225505
0.315031
-0.0740276
0.107769
-0.434831
0.265384
-2.01977
-2.39506
0.109188
1.03129
-0.501069
0.881239
0.607427
0.20229
-0.548556
0.230613
0.516298
0.953625
0.691203
1.0625
-0.389186
1.08415
-1.18328
0.0248164
-1.58403
0.533013
2.10882
-1.7124
0.832765
-0.881992
0.202216
-0.0881494
-1.6939
0.99448
0.564286
-1.21848
-0.338508
-1.63009
-1.14966
-0.409061
-0.305382
0.0419571
0.649603
-2.06365
-0.891067
-0.941777
-0.458721
-0.747652
0.95578
-0.34444
0.633227
-1.10668
-0.362696
0.125754
-0.62395
1.59425
-1.53322
-1.66984
1.75987
1.37991
0.805032
-0.597769
1.61667
-1.11433
1.38891
-0.962003
-1.05102
-0.19595
1.03812
1.14895
0.094692
-1.00239
1.74753
-0.245204
0.833351
-1.01634
0.72961
-1.40051
1.15226
-0.534806
0.590613
-1.1516
0.192498
1.14617
0.175331
-1.58741
0.445596
0.274819
2.60222
-0.0856988
0.525705
-0.147086
0.419863
-0.32081
-0.0891823
0.176
-1.20736
0.473231
0.420974
-0.945582
-1.3867
-0.013197
-0.666551
-0.516025
0.0794326
2.22324
0.6027
-0.842123
1.68774
0.115616
-0.425942
1.42795
0.470886
-1.89693
-1.14165
0.884517
1.00132
-0.394912
-0.482043
0.169807
-1.36197
1.61712
1.49983
0.510834
0.196689
1.12219
1.35862
0.197465
0.539636
0.466424
0.0367401
-0.299237
-0.54836
0.879398
-0.790701
0.00366198
-0.791426
1.44404
0.218224
-0.783366
0.502417
-0.682922
1.16595
-1.72317
-1.2285
-0.0164657
1.04317
-0.529195
-2.53351
1.87704
-0.0236212
-0.0761802
-0.57671
-1.2722
-0.405526
1.57747
0.890446
0.825737
0.521568
0.565215
-0.0202994
-0.539131
0.681413
-0.196005
-0.37231
-1.44867
0.315457
0.216046
-0.383772
1.16825
-1.22123
0.127288
-0.114223
1.16577
-0.435737
-0.683844
1.10278
2.54916
-2.01977
-0.319248
-0.85317
0.377285
-0.0200614
-0.272629
1.75962
-0.524781
0.625297
-0.0273931
-2.66233
-0.677897
-0.0552087
0.601009
1.20535
-1.63417
-0.340606
1.83744
1.22534
-0.26902
-0.211785
1.60467
-0.753316
-0.647651
-0.740432
0.198762
-0.81759
0.821006
0.187211
0.155472
0.905087
0.746053
-0.503794
0.701738
1.0498
-0.318711
0.581368
0.214324
0.0708709
-0.168772
0.504655
0.35056
0.276246
-2.37257
0.491618
0.152115
0.567296
-0.543056
-0.43567
-0.303129
-0.111184
-0.992816
0.141682
1.4487
-0.0365772
-0.217688
-0.883204
0.407653
0.0727414
1.40077
0.824502
2.56445
-0.259137
0.965009
-0.913614
0.541819
-0.965783
-1.14364
-1.32602
-1.23046
-0.634716
0.893834
0.499931
-1.24846
-0.780714
-0.636232
-1.03934
-0.0595856
0.656804
-0.0806304
-0.816009
-1.38604
0.726811
-1.47066
-0.967485
0.1836
0.508805
0.108943
0.977761
-0.0202652
2.60299
-0.433932
0.517704
0.815874
0.987188
0.0760383
-0.438348
0.696432
0.809612
-0.776197
-0.353614
-0.647972
1.20157
0.955414
0.248205
-0.276114
-0.770443
-0.462151
-1.61298
-0.478375
-1.56544
-0.500265
-1.23146
0.270751
0.0356816
-0.780199
-0.356559
0.896971
-1.0457
-1.4338
0.493287
0.998412
-1.37444
-0.681307
-0.734656
0.676713
-0.827145
-0.0173951
0.945435
0.31016
0.43078
0.457063
0.407824
1.34748
-0.0679798
0.91324
-0.829224
-1.15406
1.15925
1.6578
-0.541345
-0.648836
-0.595351
-0.157564
-1.34533
-0.693716
-0.64957
0.798798
-1.2874
0.405327
-0.785354
-0.261938
0.826358
0.163714
-0.46034
0.536341
-0.286164
-0.472445
1.10472
0.464836
-0.125796
0.047844
-1.41549
0.335933
-0.101163
2.23536
-1.49114
-0.34426
0.283503
-2.14068
-0.687077
0.492522
0.0221017
0.217759
-0.0294898
0.594629
-0.975877
0.628345
-1.0071
-1.42295
-0.258509
1.29121
0.565708
0.104769
-1.84405
0.0763011
2.00607
-0.294244
0.106514
0.889043
-1.23503
-2.16793
-0.672125
1.08787
-0.39653
-0.324345
-0.588653
1.31808
1.35362
1.31585
-0.346323
1.50341
0.010875
-1.16757
-0.556981
-0.621418
-0.631728
0.262923
0.674909
0.379072
-0.798329
-1.78374
0.207719
-1.31434
-0.395566
-0.899362
1.93636
1.08719
0.492735
0.819138
-0.242399
-0.909267
1.47284
-0.171848
1.76603
0.837007
1.28157
1.03853
-0.635035
-0.225126
-0.709986
1.05948
-0.384236
-0.82794
2.91426
-2.16424
-0.909292
-0.233178
-0.50705
0.381478
0.342388
-0.259222
0.0709486
-0.830354
-0.342529
0.790277
-2.47437
-0.144146
2.61863
0.488798
-0.250211
-0.658095
1.05976
-1.27488
1.10636
-0.339614
0.846118
0.135261
-0.574206
-1.07869
-0.629735
0.807151
1.23163
-0.0433331
-0.453478
-1.73884
-0.660582
-0.69938
0.95678
-0.293245
-0.22408
-1.16499
0.399019
0.302408
0.291151
0.971488
0.217566
-0.659462
0.42735
-0.728831
-0.708552
1.01059
-0.0277855
0.794544
2.19934
1.56782
0.102883
2.2244
-0.627919
0.454871
0.962631
0.0839564
0.472317
-0.802953
0.898101
0.689543
0.618909
0.220498
-0.863535
-1.34443
1.19893
0.902552
-1.10628
1.69976
-0.241469
-1.10626
-1.83832
0.627899
-2.48173
-0.585857
-1.13907
-1.89432
-0.666492
0.0123353
0.874526
0.140161
-0.00818096
1.14107
0.225699
-0.145508
-0.378883
-0.0279568
0.518352
0.899254
-0.929095
-1.09649
-0.436384
0.896436
-0.072479
-1.45025
0.0870573
-1.14056
0.326441
0.33647
0.0267236
-0.321218
0.616199
-1.66816
0.226325
-0.119064
-1.02191
0.137096
1.67551
0.190221
-0.0991289
1.04705
0.237989
0.086524
-0.138449
-0.584261
-0.388421
0.733129
0.12868
0.156487
0.797887
1.45355
0.0486513
-1.07498
0.53659
0.0767901
0.897254
0.649538
2.56239
0.457586
-0.859566
1.7711
0.747869
1.12935
0.132746
-1.92884
-1.3519
-0.22969
-0.344871
-0.312416
1.85701
-0.758019
0.572662
0.603971
-0.152778
-0.927213
-0.270809
-2.5386
0.0668006
1.85229
-0.143821
0.0647767
0.0464002
-0.911242
1.13384
0.183896
-0.289092
0.539595
-0.653416
0.87131
-0.302237
1.31793
1.22873
0.146364
2.00421
0.823184
0.329228
-0.502186
0.855217
-0.0202966
1.32728
-0.290886
0.047008
0.39897
-0.672569
1.01053
0.108168
-0.359646
0.0237291
-0.22329
0.0789575
1.34104
2.20625
-0.0478992
-0.020508
1.01553
-0.0999404
0.811636
1.03261
-1.04851
-0.900685
-1.74982
-0.555321
1.40526
0.973078
-0.938746
1.23959
2.04483
0.0685109
-1.16104
1.25709
-1.35885
1.19875
-1.77079
-1.82582
-1.0728
-0.138377
-1.15823
0.533567
-0.182362
1.16113
-0.308458
0.787826
0.665166
-0.0959394
0.513497
0.954121
0.377755
0.931591
-1.34449
-0.761574
1.28951
-1.19172
0.265974
1.2877
1.23423
0.346095
-0.972031
0.52204
0.385932
-0.242071
-1.97108
-1.0483
-1.39571
0.975331
-2.75237
-0.114096
1.6965
-1.52728
0.152152
0.565092
0.33367
-0.824758
-1.55474
0.290677
-1.5219
-0.853249
-0.48684
0.974346
0.392799
-1.14766
-0.62061
-0.757818
0.900868
-0.71997
0.208907
0.678395
-0.952784
1.05237
-0.12719
-0.889704
-0.264828
1.32003
-0.644177
-0.442124
-0.444436
0.448034
-0.108387
0.163206
0.823316
1.44847
0.176896
-1.37724
-1.89826
0.50973
1.61233
0.180844
0.927039
-1.53745
0.823992
0.456384
-2.09876
0.757472
1.26873
-1.60443
-0.914728
0.410303
0.282492
-0.528844
0.515675
0.110581
-0.949133
-0.021571
-0.181032
2.49148
1.2591
-0.66398
0.265195
-0.734832
0.577447
1.06053
-1.91889
-2.17883
2.51894
0.754426
0.554817
1.66715
-1.35689
0.447529
0.0650058
0.516076
1.08438
1.33223
-0.9688
1.66902
-1.26017
-1.2205
-0.833524
-0.168674
-0.490394
-0.22201
-0.89326
0.372638
0.716559
0.698979
1.11646
-0.977515
0.760643
0.380057
0.610173
3.14904
-0.806505
0.900389
1.4315
2.29976
0.942384
0.0937416
1.12812
0.238287
-1.13929
-0.911591
0.783038
1.6515
-1.69732
0.339837
0.991317
-1.14287
0.559497
-0.0679523
-0.266121
0.0370387
1.08454
0.0590103
-1.06118
0.357515
-0.624105
0.345854
-1.26026
1.38043
-0.898731
0.893748
-0.403006
1.86411
-0.59919
1.06084
-0.839405
-0.417929
0.241394
-0.612364
-0.107884
0.469673
-1.02226
-0.544872
1.50606
-0.146321
-0.278622
-1.59739
-0.406298
0.482043
-0.433656
-1.02571
0.73708
0.844829
1.81754
1.0271
2.01177
-0.0779814
-1.51468
1.35237
-0.740353
1.55016
0.341368
0.437176
-1.74088
0.655235
-0.189007
-0.199075
-1.87374
-0.600292
1.03134
-0.0511382
0.708891
0.52537
-0.846452
-4.23378
1.68803
-0.169413
-0.4005
0.0847802
0.798219
2.09355
0.752721
-0.363889
0.80385
1.27458
0.123032
-1.28239
0.0886501
0.58558
0.766236
-0.301009
-0.866865
0.210113
-1.94486
0.264645
0.949129
1.48421
-1.71091
-0.127595
0.86709
0.540782
1.03134
0.565071
-0.245133
-1.25149
0.123946
0.5074
-0.551349
-0.0680075
0.922445
-0.246478
-0.839155
-0.796165
1.12507
0.368012
-1.20881
-1.59262
0.233683
0.713591
-0.435195
1.32874
0.0574706
-1.26782
0.576837
1.56863
0.655021
-0.708148
-1.1492
0.281277
0.590328
-0.179329
-1.40773
-1.18164
0.946973
-2.03766
0.554788
-1.83888
-1.41816
-0.280891
0.632912
0.465974
-0.785083
1.49932
0.664894
-0.295178
1.17007
0.587625
-0.698
0.479967
1.01634
0.67273
0.664965
1.45155
-0.2565
-1.70276
0.189938
2.33391
-1.73319
0.814069
1.2753
0.067622
-0.230763
-1.06566
-0.691276
-1.04935
0.637211
0.118937
0.716329
-0.184158
1.02675
-0.0203247
0.0627005
-3.20663
1.34108
1.15249
0.598267
0.279396
-1.09528
1.64722
-0.28723
-1.03052
0.0729125
-1.12969
0.730978
-0.422223
-0.987516
-0.176426
0.708302
-0.416608
0.436856
-0.647281
0.429304
-1.052
0.523404
1.91154
0.567194
0.49507
-1.80715
0.246762
-0.497147
0.752636
0.787506
-1.78456
0.574244
0.836227
-0.641305
-0.792762
0.408564
-0.185172
0.461936
-0.843741
-2.34791
0.862342
0.261855
-1.37931
0.278988
-1.5965
0.863663
0.459306
0.952561
-1.79916
1.02037
0.790235
-1.68988
0.154307
-0.932119
-1.8404
-0.416919
0.505924
-0.841883
0.464573
0.433361
-1.41241
1.07759
-0.0827865
1.94691
-1.31515
2.36438
0.76186
0.582508
1.01594
0.699982
-0.69943
0.791372
1.41322
2.72462
0.885894
1.09077
-0.0297709
-0.146998
-0.638643
1.01211
-0.696541
-2.55559
-0.498588
1.61283
-1.59564
-0.108018
0.139861
-2.70696
-0.232663
1.72505
0.265021
-0.697475
0.553812
-1.84295
2.80115
-1.47429
0.052484
1.11877
0.771425
0.343096
-2.59302
-0.781997
-1.9586
-1.40615
0.739593
0.314094
-0.599255
0.0415012
1.14014
0.680969
-0.474112
1.26836
0.461594
0.375411
-0.0316856
-0.465451
-0.485752
-0.655545
-2.12981
-0.706061
2.45022
1.36373
-0.553296
0.248781
-0.929122
-0.853255
-0.465755
-0.30419
1.67754
0.82939
-0.0260003
0.26396
1.20522
-0.325371
-0.56982
2.03234
-1.57283
1.01899
0.473655
-1.33692
1.49296
1.71952
0.91599
-1.81768
0.928411
0.762461
0.227613
-2.18884
2.35077
0.0671915
0.932394
1.02108
-2.32902
-0.526773
0.667339
-0.616646
-0.102789
-0.431735
0.121379
0.0891425
0.0434095
-0.496201
-1.52417
0.479899
1.74283
-0.116737
0.0712787
-0.227983
-0.413051
-1.14111
-1.12502
0.875443
-1.26844
-0.239837
-0.263329
-1.07263
0.204078
0.585841
-1.05544
-0.149875
0.453593
-0.39142
-0.459153
-1.32568
-1.77614
-0.0103899
1.00005
-0.437425
0.770855
0.947722
0.289067
1.14877
-0.496075
-1.21488
-1.06632
1.31562
-0.539421
1.40946
-0.787072
0.518565
2.5374
0.637548
1.88747
-0.371507
-0.510871
-1.43077
0.41954
1.16705
-0.319689
-0.0948407
-0.316789
-1.41745
1.09933
0.809646
-0.973331
0.0133842
-0.8984
0.340936
-0.151586
0.0473571
-0.844447
0.480977
-0.244975
-0.323
0.345424
-1.25759
-0.744091
0.409873
-0.0192342
-0.96489
0.195488
1.40977
-0.16212
-0.945914
1.04049
-0.658175
1.45604
-1.41685
2.1489
1.20534
1.67516
-2.34359
0.836351
0.537192
0.203474
-0.871874
-0.0657187
0.622128
0.914811
-0.00272162
-0.5943
-0.397629
-0.361006
0.101478
0.364926
-0.855442
-1.25154
-0.331281
1.75812
-1.11343
0.168265
0.804974
2.68542
-0.436124
0.141288
0.237936
-1.24559
-0.679981
-0.252961
0.381117
0.894605
0.486301
0.348872
0.867178
0.599692
-0.201492
1.69137
-1.82921
-0.446429
-0.486468
-0.371164
0.274879
-0.898308
-0.56372
-1.77495
0.853934
0.369236
-0.511141
-2.12419
-1.01588
1.39703
-0.0659692
1.89157
-1.53614
0.771397
-1.0548
0.957385
1.27353
-0.375451
-1.20928
0.0148484
-1.01388
0.141353
-0.823962
0.0137327
1.258
-0.817381
-0.1886
0.612374
1.8525
-0.0732493
0.722533
-0.210203
0.342095
0.433714
0.670031
2.2792
-1.59035
0.640283
0.0916039
-0.6033
-0.144624
-2.10771
0.393361
1.92716
0.817168
-0.695767
0.740202
-1.05076
-0.972708
-0.803523
-0.371377
0.847839
-0.749807
-0.626785
-1.10687
-0.31748
-0.339985
0.731511
-0.89014
-0.826281
0.422255
-0.283294
0.564942
-1.36253
-1.20036
1.19562
-0.547993
-0.962654
1.06173
0.61833
1.5825
-0.0668708
1.25865
-0.959172
1.03164
0.292883
-0.905917
-1.47573
-0.312346
2.56451
-0.141457
-3.26552
-1.53399
0.237225
1.67528
-1.26739
-0.980569
-0.846174
-0.263152
-0.856088
1.78143
1.21177
-1.81283
2.41266
0.224275
-0.592797
-0.584626
0.476819
-0.675484
-0.940216
-0.229333
2.06502
0.563748
2.49063
0.153637
0.871908
-1.41686
0.0398596
1.53643
-1.90762
1.25026
-1.09686
0.145267
0.847744
1.97198
-0.233687
-0.0421014
-1.37947
-1.41083
0.147512
-2.68015
-0.847745
-0.680696
0.069851
-0.51478
-0.684385
-0.0343684
1.67366
1.50772
-0.0279323
0.019226
1.0639
-0.823516
-0.93345
0.230924
0.212801
0.0758281
0.192119
0.841147
1.1391
0.0812423
1.20281
0.484222
-0.204178
-1.71814
-0.749686
0.24692
-0.43932
0.830175
-0.996196
-0.569769
-0.0407946
0.501285
-0.160012
0.394773
0.0719353
-1.55424
0.727284
-1.53081
-0.382449
-0.160543
-1.00745
0.641564
-1.74346
1.11494
1.84019
-0.471043
0.351289
1.25701
-2.37098
0.0595312
1.68588
1.27927
0.324686
-0.465506
-0.591514
1.27366
1.18987
-0.198411
0.240217
-2.26349
0.737282
0.677008
-0.440175
0.621888
-0.148266
-0.782935
-0.840704
-0.129607
0.455158
-0.950672
0.0050246
0.112929
0.222061
1.22683
1.1051
-0.103448
0.167258
-0.437433
0.107078
-0.42787
-0.939512
-0.361026
1.65466
-0.0507132
-0.385476
1.01472
1.10276
1.30351
1.28049
0.22074
1.03879
-0.602345
0.397393
-0.830891
0.0254772
-0.188592
0.675966
1.41622
-0.626175
-0.771486
0.130933
-0.0949839
0.241174
-1.74718
1.49397
0.878036
-1.25655
-1.67152
2.50184
-1.45358
-0.950369
0.0304598
-0.0962434
0.929356
1.50196
3.31571
-0.153049
-1.25831
-1.93504
-1.74754
0.899482
1.78747
-0.397128
0.974088
0.813724
1.61903
1.36044
-1.757
1.31305
-0.132851
-0.251027
0.772943
2.33338
-0.666013
0.23802
0.514366
0.0012308
1.47038
-0.563703
-1.25418
-0.701928
-0.154337
0.565766
-0.457908
-0.951677
0.664283
0.00871595
0.800101
-0.776901
0.364082
-0.0412245
-0.029039
0.40691
0.743479
1.00733
0.0480665
1.5917
-2.24942
-0.636661
-0.371942
-0.135538
-2.26562
-0.808082
-0.443725
0.566922
0.533838
-2.08489
-0.878008
-0.604632
-2.21973
-1.48721
-0.460954
1.4391
0.0234713
0.0818127
1.14947
1.00583
0.181778
0.148669
-0.746314
0.61516
-0.643197
-0.320384
-0.737355
-0.703088
2.06397
-0.502839
-1.38731
0.874853
0.429658
-1.06484
0.150266
-0.71274
0.538666
-1.39878
-1.29632
-1.18814
0.29847
-0.700672
0.465997
0.886745
-0.86022
0.687733
0.498873
0.374345
1.21623
1.44076
0.441758
0.0828017
0.742032
-1.88915
0.710097
-0.72511
-1.26064
-0.448567
-2.46889
0.618316
-0.123804
-0.898384
-0.765117
0.845447
0.391582
0.494707
-1.14865
1.81796
1.21343
-0.11547
0.110619
-1.0665
0.558784
0.0630966
-0.253489
-1.18928
-1.44311
0.18696
-0.737558
1.48766
1.106
-0.509907
0.273697
0.16076
-0.395368
-0.518007
2.19261
-0.298565
-0.89175
-0.13759
0.159267
-0.624639
-1.2994
-0.351074
-2.20037
-0.26195
-0.0571308
0.540721
-1.02551
-0.707048
1.12388
-0.469664
0.39197
0.404265
0.44811
0.0345661
1.59677
-0.0989545
0.514863
0.381394
-0.838847
0.467532
0.473729
-1.76115
0.979004
-0.0122798
-1.35557
0.809431
-0.437208
-0.799463
1.34268
0.637967
0.594206
0.0418877
1.3439
-0.236854
0.526126
1.30242
-0.165808
0.46749
0.868469
-0.0708026
0.0940116
0.827236
-1.66436
1.2663
-0.308044
-0.210573
0.742726
0.552328
-1.03872
-0.243175
-0.726529
0.676896
-0.229616
-0.891283
-1.14008
-0.78818
-1.95831
0.0310617
-0.41125
1.19283
0.174181
-0.831353
-0.492851
1.36426
-0.280816
1.63858
-0.700542
0.320996
1.16099
-0.181599
-0.333401
-1.80067
0.347866
-1.74616
0.0505378
-0.706238
-1.51176
0.0188386
-0.446904
-0.928035
0.115451
0.252794
0.0377526
0.172682
-0.136811
-1.93853
-1.884
0.448233
0.276408
1.38774
-0.305824
-1.24715
-0.128014
0.994439
0.913701
1.4454
0.0654715
0.738741
0.609907
0.0609709
-0.477652
-0.453207
0.472332
-0.227979
0.950975
-1.66472
-0.246026
0.477629
0.531578
-1.29842
-0.311224
-0.986869
-0.789439
1.34609
0.105112
-1.30598
1.70335
-0.111739
0.175387
0.641199
0.229917
0.817997
-1.44475
-1.34162
1.36539
0.0119309
0.0759238
1.39506
-0.880069
-0.271027
0.236198
0.442592
1.33288
0.210384
-0.465075
0.0759673
-1.05083
-0.672249
-0.229771
0.0537977
1.09692
-0.736436
-0.543974
0.877783
0.378786
-0.802203
0.62703
0.411395
0.520073
0.0605708
0.129117
0.515181
-1.59095
1.64148
1.83638
-2.33909
0.581643
-0.903431
0.057997
-0.676483
-0.056349
-0.404818
0.632362
1.06128
0.102901
0.726741
-1.30392
-0.946826
0.318412
0.971505
-0.116423
0.296135
2.40203
-1.70729
-0.062575
-0.172923
1.28205
-0.36236
-1.78487
-0.14691
-1.61021
2.37967
0.318947
-0.621514
-0.418158
0.64092
-0.232891
-0.195731
-0.378218
-0.943155
-0.133252
-0.582502
-0.0904284
0.950423
0.228233
-0.736987
0.781521
-0.554925
-1.15737
1.20075
-0.0541724
0.806112
0.185292
1.25964
1.34014
-2.06422
-0.897883
0.273797
0.928627
1.5257
0.978291
1.98863
-1.51224
1.15521
1.08073
-1.174
1.74296
0.326006
0.0839205
1.10465
-0.121948
-0.809062
-0.632918
-0.470333
0.869066
-0.139309
-0.344353
0.292588
-0.200784
0.0393968
-1.42465
-0.850698
0.264212
-0.629557
-0.591731
-1.81426
1.22153
-0.73409
1.01339
0.852585
-0.754602
-1.76964
-0.704581
-0.878658
-0.581461
1.7933
-0.399821
0.987069
0.485128
-1.77907
-2.0112
-1.68343
-1.67403
2.32956
0.96131
-1.38609
0.6955
0.692404
-0.918162
-0.147965
1.2054
-1.72652
0.411699
0.857856
-1.59305
-0.0444323
1.57532
-1.58533
-0.682516
1.83507
0.140866
-1.8592
1.94468
0.705687
-0.781618
-0.0430586
0.293066
-0.781089
0.241221
0.414391
-2.25371
-1.28247
0.00163428
0.579609
-0.691407
1.87064
0.914997
-0.100801
-1.87981
1.09733
0.27152
-0.0162436
1.08694
-0.312704
1.6688
-1.34636
1.73951
-0.00297565
0.684687
1.85665
-0.130813
0.317353
0.124257
-0.20625
0.0316039
0.847954
-0.97561
-1.42499
-0.694622
0.168363
-1.02456
-1.41376
0.634115
-0.852616
-0.317685
-0.956681
1.62247
-0.315342
-1.12566
0.405476
-0.376725
0.74
1.92001
-1.67231
0.322301
-0.0165544
-2.35181
-0.449465
0.686692
-0.871739
0.699952
2.14307
1.57033
-0.90135
0.47362
0.72796
0.788002
1.18439
-0.302769
-0.634242
0.361645
0.575616
-0.830868
1.01509
-0.490163
-0.504523
-0.634578
-0.80936
1.65293
-1.56887
0.791709
0.236885
0.304841
-0.863978
2.71049
1.54158
0.152812
-0.414501
-0.918055
0.75148
-1.32589
1.02132
-0.344514
0.537843
-0.654843
0.577089
-1.887
-0.62543
0.532989
0.675133
1.18205
-0.439128
-0.178599
2.30216
-0.196643
0.298328
-0.623099
-1.9132
0.0492435
0.463997
-0.91098
0.437002
0.915344
0.2789
-0.962725
-0.252714
-0.612142
1.06271
1.13327
0.312254
-1.53052
-0.434907
-0.0718459
-0.286401
1.06704
-2.09126
0.303567
-1.25607
-1.12645
-0.950709
1.14571
1.83404
0.00876888
-0.0394007
0.444797
0.678123
1.54053
-0.497919
-0.923896
0.559917
0.885929
-0.48948
-0.938052
-0.664413
-0.925736
-0.0136722
-0.0642546
-0.383362
-1.16396
0.0084554
1.02517
-0.802404
1.02795
-0.725469
0.453907
1.35
0.726065
-0.653474
-1.12856
-0.620304
0.615081
-0.831333
0.411956
0.0314212
-0.654028
1.13253
-0.264707
-0.387239
2.03333
1.72461
-1.36495
-0.177106
-0.866261
0.676839
0.00533478
-0.0640096
0.0760752
1.38982
0.620117
-0.549466
-0.537981
1.12175
0.744159
-0.643922
0.19341
-1.46452
0.00317154
-1.89689
-0.912075
0.56704
-0.258102
0.418988
-0.418928
0.520306
-0.590754
0.974069
-0.846318
1.31959
-1.44815
0.151317
1.90473
0.135782
0.21738
0.444712
-0.440693
-0.608878
-0.453255
2.71628
0.981345
-0.0103006
-0.540965
1.67739
0.573702
1.34697
-0.238735
-0.432874
0.314993
0.913203
-0.641891
-0.606865
-1.44406
-0.573877
1.46074
-0.754684
-0.20638
0.507244
-0.164043
0.845907
-0.912643
-0.55137
0.819661
1.145
-0.4921
0.194697
-0.391693
-0.267719
0.221464
1.64745
-1.67882
-1.38912
0.602812
-0.341575
-0.58395
2.52833
-1.68774
-0.0331684
0.242704
-0.418071
0.0288816
-0.774174
1.54955
-2.55058
0.109735
0.149876
-1.3823
-0.0698316
0.0230864
0.441397
2.75044
-0.444993
-0.262238
-1.0834
-0.0675145
-0.396827
0.21461
1.10907
0.0286406
0.159833
-2.76835
-0.613343
1.19166
-0.645374
-0.497254
1.15839
1.49936
-1.44491
0.679402
-1.00232
-0.605263
1.47196
0.723015
-1.58604
0.0357295
1.54185
-0.00455201
0.765963
1.11955
0.219473
-0.570782
-1.71825
-1.20955
0.911676
0.140176
0.253648
1.76937
0.293582
2.14342
0.392898
-0.0769815
-0.958718
-0.513892
-0.594778
-0.878416
-0.719686
0.555749
0.803574
-0.393113
-1.95753
-0.548854
0.128435
-1.70621
-1.57966
0.830544
-0.604487
2.23211
0.0398974
-0.477701
0.491507
-0.398527
-1.62274
1.1414
-0.440017
0.0589876
-1.17138
-0.583923
0.0241626
-0.452581
-0.149911
1.03769
-0.162989
1.33046
-1.27644
-1.71856
1.89239
1.72377
0.162355
0.90418
0.129188
-0.523275
0.0485517
1.53497
-2.30976
0.14295
0.644014
0.00463586
0.561973
-1.06601
-1.21583
1.03927
0.932125
0.0457937
-0.531953
-1.32929
0.589394
1.10951
0.509901
-0.121284
-0.272231
0.0339848
-0.473108
-2.40495
0.419551
-0.819989
1.0728
-0.0512458
0.849071
0.309622
0.457017
-0.39263
-0.242986
-1.29652
0.628111
-0.0120135
0.0255045
-0.199121
-1.26219
1.19028
0.251123
1.93556
-0.306095
2.39432
0.259271
-0.51182
0.465575
0.997405
-0.732798
0.186519
-0.0277296
0.0699307
-1.27682
1.21813
0.105402
-0.639111
0.078083
1.01486
0.860867
0.318655
0.828376
-0.758452
1.79851
-0.302794
-0.142272
0.210436
-0.0857852
0.541534
-0.295657
0.638263
-0.403665
-0.0782453
-0.395097
-0.350837
0.509948
0.0638754
0.108425
0.398598
-2.19626
0.697569
-0.263801
-0.930191
-0.091285
-0.190143
-1.21101
-0.627896
2.40778
1.50157
0.180594
2.03692
0.471236
0.47614
0.107888
-0.105251
0.12738
1.39114
-0.387562
-1.05343
0.177373
0.492494
0.86685
1.46723
0.986581
-1.04494
-1.17257
-0.380276
-0.80741
0.328974
-1.42702
1.29435
-0.158039
-0.210304
-1.07936
0.572651
-0.29423
-0.489196
0.904549
-0.988113
-1.60553
0.197973
-0.0179409
0.142375
1.0557
-0.700431
0.0281467
1.44028
-0.557579
-0.642093
0.35727
0.356161
-1.55154
-0.131994
-1.46244
0.847895
-0.958253
-0.176464
-0.957398
-1.26224
-0.265741
-1.3114
0.426859
-1.61669
0.181439
1.87457
0.148809
0.315527
0.986233
0.0719216
-0.557923
0.213159
1.88739
1.0982
0.0566359
0.142058
1.33337
1.74588
-0.792299
0.574252
0.386302
-0.237455
0.989289
2.0323
-0.0355066
-0.268955
-0.295549
-1.78021
-0.462152
-0.636302
0.66437
1.39164
0.496696
1.28229
1.86639
-1.61576
0.945083
1.02576
-0.63262
-0.0157829
-0.415405
-0.956209
-0.083183
-0.901273
0.5739
-1.04255
-0.499071
-1.03519
-0.688696
-0.223485
-0.219842
-0.410245
0.442003
0.666147
0.261022
-0.449565
-0.798643
-0.681267
0.173552
0.69641
-1.1853
1.3806
1.13442
0.0333945
1.70233
-1.68739
0.23971
-0.931195
0.286499
1.12264
0.813883
1.56726
0.50168
0.255098
-0.594694
1.3545
1.08598
0.436963
0.58002
0.980227
-0.135312
-0.427005
1.45892
0.419224
0.94074
-0.0511783
-0.672547
-2.44565
0.859546
0.617098
-1.48316
0.0894443
0.432352
0.563579
1.17017
-0.08859
0.592793
1.97557
-0.59202
1.99608
0.920135
0.0366583
-1.17237
0.729276
-1.35021
-0.729179
0.493251
-1.76271
-0.208252
0.00223787
0.364386
0.143632
-0.667062
-0.773045
-0.622577
1.25448
0.607437
0.325113
-0.892903
2.4727
-1.66544
0.0383733
-0.115597
-1.05197
-0.684187
-0.0955022
1.03771
-0.461331
0.30543
-1.0198
-0.389163
0.0255209
0.562571
0.341101
-0.263134
-1.50336
0.287443
-0.912705
0.319163
1.15339
-0.960959
0.095887
-0.837261
-1.56712
0.923259
0.86569
-0.754956
-0.0516566
1.33911
-0.975408
0.278646
0.0606309
-0.259434
1.46898
0.664541
0.419887
-1.43549
0.150365
-1.05248
-0.553987
-0.209936
0.529948
-1.32358
0.313706
0.19739
0.255413
-1.35659
0.205945
-0.0616745
-0.160602
0.0736546
-1.63067
-0.953315
0.333424
-0.97542
0.065314
0.544417
-0.36604
-0.204512
-0.578784
-1.48362
0.243401
0.983782
2.47132
-0.855622
0.484484
-0.76903
0.635971
0.633738
-0.177386
-0.385256
-0.589269
0.0661997
-1.30528
0.4854
0.177792
-0.539974
0.216804
-0.345692
0.134802
0.891822
0.922483
0.342492
0.965303
0.664983
-0.696648
1.57862
-0.258924
0.274372
-0.655867
-0.0868273
-0.268513
-1.24378
-0.168464
0.187515
0.622598
0.163309
0.0658665
-0.521872
1.70938
1.23447
-1.2639
-0.447854
-0.530627
0.333428
1.29385
-1.3793
-0.204734
1.07397
0.71504
0.356062
0.981148
-1.11747
1.38578
-0.936678
-1.7202
-0.904694
-0.140642
-1.27462
-1.20418
-0.524122
-1.52034
-0.238879
0.221831
0.273063
-0.679343
-2.27279
-1.62871
0.272009
-0.545685
-0.161503
0.71877
-1.60633
0.567227
0.25063
-0.110258
0.948949
1.08996
-0.78718
0.813131
0.130678
-0.632321
0.262114
-0.893405
-0.338012
-0.324533
0.280169
-1.23746
0.590154
1.30184
-0.683742
-0.590787
-0.972719
-1.42515
-0.0292702
-0.468274
-0.490641
0.97904
0.375794
-1.16121
0.255231
-0.283566
-1.74045
-0.562404
1.50971
0.214678
-0.0555426
0.343995
0.918911
-0.563339
-0.1821
0.92334
-1.18538
-1.10652
1.99979
2.23011
0.691268
0.598263
-1.22696
-1.04545
-0.413673
0.352048
-0.198817
0.942017
-0.712497
-0.6311
0.323952
-0.64464
-0.626892
1.07571
-0.656022
-0.165998
-1.17124
0.309205
1.66679
-0.872392
-1.46399
-0.467249
-0.198314
0.934146
0.519591
0.371734
0.229559
-1.08964
0.372744
-1.09629
0.622142
1.05366
0.498618
1.11358
0.415696
-0.35334
0.0862483
1.05299
0.130243
0.571398
-1.39257
1.02431
-0.597493
0.754675
-1.56434
-1.49675
-1.42252
2.20648
-0.993018
-0.253314
-0.101935
-2.2526
0.340827
0.626685
0.96808
-0.574395
-1.16931
0.350141
-0.949172
-0.121403
1.28859
-1.26431
0.911779
-1.53498
-0.315446
0.705875
-0.738038
0.522251
1.47213
2.52107
1.74668
-0.844696
2.63697
-0.00815619
-2.03736
-1.014
-0.426903
1.1254
-1.13669
0.693328
0.620875
-1.36972
0.446749
0.955147
-0.748289
-0.779227
-1.28238
-0.44663
0.358132
0.270371
0.693824
-0.277782
-0.383769
-0.71686
1.58091
-2.03645
0.806541
0.771144
-0.898929
-1.4403
0.622421
0.821401
-0.133964
1.14025
0.336311
-1.47332
-1.35253
0.335046
-1.60676
0.409
-0.327535
1.04456
-0.57256
-1.60844
-0.267375
-0.713302
0.840335
-0.00567493
1.81721
0.965674
-0.865126
-1.69633
1.78478
0.312501
0.0835696
0.143196
-0.563394
-0.326161
0.0107777
2.00612
1.40855
1.96143
0.721393
-1.24121
0.902707
-0.313354
-1.52735
-1.06357
1.43343
-0.800716
0.30039
1.04621
2.11277
-1.07628
1.84202
0.334222
0.0864259
-0.0233372
-0.866631
0.836814
1.29167
-2.34863
-0.0850486
-1.47189
0.835005
-0.757739
-0.611631
-0.902905
-0.617165
-0.908161
1.00233
-0.239049
-0.421182
-0.518177
-0.459011
1.15479
-1.63542
-0.267615
-1.04659
1.49913
-0.507081
0.012212
-0.937817
0.067906
-0.430702
-1.18
0.261268
-1.10874
1.32313
-0.229236
-0.126023
0.673976
-1.01735
-0.829634
-1.75228
-0.571613
0.933466
0.153881
0.542451
-0.147938
0.0724218
-1.80525
-1.72191
-1.22345
-0.514784
0.361475
0.70162
-0.61466
-0.447625
1.41878
-0.0770851
-0.23718
-1.83401
-1.39143
0.686384
2.79366
0.88549
-0.336508
1.26888
0.449308
1.07366
0.480901
-0.652307
-0.686405
0.15748
0.489436
0.649519
-0.615806
-1.07933
0.460082
1.0024
-0.884172
1.15443
0.0599314
1.04386
0.920238
-1.42673
-0.126507
0.0361647
0.383058
-0.0637036
-0.432155
1.30492
-0.618198
-0.000629216
0.186655
-0.663468
-0.335327
-0.257186
-1.29891
-0.699226
1.32233
0.0411671
-0.534974
1.11126
0.021401
0.752969
-1.80321
0.642248
-0.927583
-0.913775
-0.239166
-0.926355
0.0106228
-0.505997
1.20727
-1.13696
0.92239
0.831036
0.172188
-0.332245
1.05431
0.600945
0.692238
-0.450529
0.358272
-0.489548
1.32913
0.383404
-1.03929
-0.545775
-0.511291
2.41153
-1.17225
-1.2258
0.675807
0.342099
-0.487843
0.0279805
0.362724
-1.0528
1.47323
-1.01435
-0.183872
0.622063
-1.28807
-0.320611
0.390235
-0.0361061
1.30658
0.43909
1.86143
1.08086
0.383739
-0.309842
-0.177044
-0.388661
-0.0569567
1.53371
0.484297
-0.1899
-0.129251
-0.179608
-0.533801
-0.086667
-1.37144
-0.760162
-0.512184
-1.57735
0.360547
-0.0140583
-0.751713
0.318589
-0.679961
-0.972194
-0.274578
-0.291597
-0.0863258
-0.629813
0.466745
-2.73219
0.144359
-1.82716
-0.253242
1.21993
0.179728
0.88657
0.892485
0.32812
1.25576
0.605794
-0.125931
-0.100811
0.757506
-0.0773573
-1.09982
0.57362
0.372061
-0.511026
0.138614
-1.24952
1.51399
0.176857
-0.968465
0.27098
-2.29414
1.30837
-1.08594
-1.21892
0.25363
-0.032079
-0.308737
0.084626
1.09024
0.376928
-0.211161
0.0950754
0.0671312
0.79232
-1.37896
-0.307795
-1.66342
-1.13454
0.673067
2.02799
2.01364
0.0627259
-0.0137351
-1.85487
0.839291
-1.27305
-0.871051
-0.964173
-1.47374
0.689871
0.372755
-0.467108
-1.66046
0.380792
-0.293917
-1.44351
0.543646
0.827819
0.829183
0.104061
-0.498988
-0.992961
-0.555453
0.5117
-1.80244
-1.20361
1.781
0.840736
-1.0882
-0.123027
-1.49644
1.31602
0.135029
-1.46808
0.907541
0.5058
-0.573388
-0.475278
2.00669
0.0301272
0.801921
0.209402
-0.566005
-1.45967
0.342431
0.0456124
1.69108
-0.82897
-1.22128
0.0199227
-0.702018
-1.99233
0.878481
0.250817
1.02887
2.36009
0.367949
1.2525
-0.515675
-1.50138
-0.799085
1.24643
0.273012
-0.189037
-0.290317
0.181849
1.96298
-0.429277
1.13781
-0.358269
-0.104018
0.0802594
0.878186
-1.58818
0.571082
0.97481
0.0737229
-0.487959
0.211249
0.0376485
-0.796475
2.25908
0.594628
0.793274
0.605013
-1.68092
-0.412417
1.00061
0.883893
0.283643
0.25459
-0.317928
0.551147
0.975426
-0.416771
-0.701266
-0.424553
1.26611
-0.899466
0.844485
1.01563
-1.37606
0.507942
0.325535
1.96887
-0.960858
0.0533905
-0.216522
-0.329462
-0.955686
0.548048
-0.343059
0.170194
1.57807
0.669266
0.339336
-1.60975
0.0327652
-0.21014
0.421601
-1.4483
-0.129703
1.44
-0.427355
1.28105
0.173644
-0.677633
-1.49563
-0.20487
0.344879
0.995938
-0.0616522
0.76368
-1.27786
0.754763
-0.232704
0.128796
0.283715
-1.66327
-0.546991
-1.0473
0.150041
0.448239
-1.02443
0.234768
-1.22917
-1.38816
1.223
0.354755
-1.38675
0.891778
0.854066
-0.838451
-0.187597
-0.0817332
2.86215
-0.46248
-0.506237
-0.171074
-1.62198
-0.283681
1.59946
-0.107941
0.0233377
1.14545
-0.076203
-0.584744
-0.0349808
1.90892
-0.0786101
0.389834
0.650309
-2.09039
-2.55431
0.917071
-1.03555
-0.211086
2.76109
-0.301556
-2.54509
0.20333
1.20769
0.477667
-0.318625
0.391808
-0.625591
-0.359845
0.140389
0.765236
-0.395803
-1.88453
0.471932
-0.540108
-0.732938
-0.262019
-2.11158
0.321991
0.816228
0.372042
0.222384
0.298211
-0.9609
-1.01344
-0.88255
1.38672
0.862856
1.60779
-0.554807
-0.805126
0.13177
0.974329
0.313192
-0.166568
1.05107
-0.659173
1.30135
0.239031
-0.406238
0.680426
-1.00101
-0.659451
2.66692
0.349683
0.293558
-0.084058
-1.90199
-0.128997
0.152988
-1.98499
-0.727987
-0.326239
0.759028
-0.438927
1.59739
0.34785
0.404556
1.0128
-0.825148
0.0451126
0.42993
-0.291653
1.91062
0.575994
-1.0709
0.963302
-0.851399
-0.674073
-0.625685
-0.678481
0.467284
-0.167918
0.910399
-0.299752
-0.739775
0.277351
0.217217
0.823816
1.73705
-0.856148
-0.69975
-1.15929
-0.643275
0.60359
-0.271335
-0.905181
-0.123131
-0.115351
0.980485
0.448267
0.470477
0.187466
0.698243
0.330786
-0.442287
-0.315929
0.126901
0.681357
-1.372
0.102469
-0.264086
-0.730117
-0.507723
-1.13347
0.877555
0.511148
-0.588394
0.5856
-2.82273
0.126035
-0.128018
1.60683
-0.19103
0.541284
0.444624
-0.912667
3.1586
0.543289
-0.533969
-0.952054
0.488599
-0.783033
1.42588
-0.140634
-0.7093
0.455258
-0.674586
0.608554
1.11803
-0.926384
1.307
0.933256
0.235051
-0.905521
-0.262587
-0.775176
-1.15749
-0.159572
0.357358
-0.209897
-0.333908
0.237554
0.325096
-0.587006
1.6688
0.113087
0.704086
-1.51012
-0.976292
-0.312694
-0.414179
-1.31686
0.741066
0.437527
-0.064348
0.433834
-1.00582
-0.861226
1.14304
0.777652
-0.888537
0.472586
-0.388229
-2.06944
3.23771
-1.25051
0.0453232
0.258115
-0.229249
-0.360556
1.52495
-0.797142
0.633066
2.03415
1.86672
0.630395
0.617178
-0.315563
0.0683116
-0.572203
-0.831595
0.401801
0.676061
-0.888517
1.17967
0.310234
0.304325
0.366025
-0.774516
-0.555317
-1.608
-0.138867
-0.669874
1.316
1.33876
0.272523
0.0682068
1.58613
0.022782
1.5408
0.651504
-0.880599
-1.40966
0.810849
1.39281
-0.168234
0.698007
1.81315
-0.173109
0.561291
1.78085
-0.505338
-0.497076
-2.06557
0.939718
0.958239
-1.75009
-0.331038
0.401232
-0.737206
2.91559
-0.303274
-0.917119
0.94713
-1.38177
0.887112
-2.17458
-0.796052
-0.119013
0.530461
-0.141302
-0.27024
-0.214785
-0.125112
-1.62462
-1.23769
0.534068
0.202166
0.435285
1.899
0.237918
1.39333
0.273899
-0.622353
0.692895
0.724934
0.038531
0.511141
1.68037
0.26826
-1.89136
2.2057
-0.799537
2.65373
0.722341
0.843893
0.958628
1.24746
-0.726889
-0.354641
-0.154182
2.57443
0.607739
-0.646134
-0.768302
0.499852
0.85482
1.14544
-0.939274
1.44656
-3.30112
1.06792
-0.224125
1.64574
-0.684442
-0.840765
-0.791943
-1.21782
-1.04354
-0.0721628
-0.214669
-0.470453
-0.137295
0.0590908
-0.281075
-2.18964
-1.1081
1.25932
0.480393
1.03593
1.84911
-0.969162
-1.12372
-0.694233
-0.542278
-0.0420813
0.237897
1.68453
1.0913
-0.874428
-0.529857
-1.07697
-2.34584
-0.13641
0.236037
1.26139
0.0554434
-0.821114
-0.157552
1.02159
-0.237507
-0.575001
-0.0553324
-0.825301
0.39027
-0.985429
-1.56336
-0.69172
-1.91014
-1.2521
0.657896
-0.596694
0.323408
-0.0490836
1.14167
1.20079
-0.708905
0.382957
1.26915
-0.387622
-0.921301
1.14933
-2.35869
-0.572472
-0.329013
-0.216418
0.24452
0.593685
0.51521
0.7925
-0.851267
-1.84002
2.11947
-0.227067
0.55524
0.642628
1.12551
-0.399188
0.181931
-0.0931224
-0.65454
-1.02098
0.178921
0.245366
-0.212984
0.796428
-0.446754
-0.384238
-1.00697
0.448357
1.96723
-1.5097
0.140712
0.662877
0.938143
0.469009
0.619946
0.365701
0.901525
-0.24342
0.978494
0.512173
0.469638
0.381741
1.3544
1.43792
-0.331192
-0.282366
1.04354
-0.0644744
-0.264535
1.38789
-0.306699
0.280624
-1.74231
0.428202
-2.21468
1.19125
0.296956
0.195731
-0.582953
-0.172919
-0.274142
0.106325
-0.350934
-0.857848
-0.176908
-2.24756
-0.956821
-0.100249
1.4736
-0.361703
-0.308855
1.08051
2.25915
0.770848
-1.08195
0.149003
1.0812
1.68289
0.415361
-1.3958
2.65059
1.33757
0.753288
0.515191
0.304999
-1.10419
-1.35018
-0.761708
-0.502537
1.36739
-1.27012
-0.546229
0.148739
-0.804248
1.21756
-0.0204256
-0.707418
-0.709783
-0.510014
0.716552
-0.339171
1.13443
0.988059
1.39693
1.54119
-0.302183
-0.3375
-0.209976
0.539181
0.540184
-0.202293
-0.058645
0.551756
-1.82025
0.135658
-1.32793
1.5689
0.081148
-0.572891
-0.769512
1.6976
-0.124587
-0.804286
-1.13354
-1.61685
-1.4119
1.07952
1.12353
-1.22068
1.15428
-1.16557
-0.735663
1.87706
-0.797984
-0.455716
-0.851831
0.563697
0.389366
-0.42035
2.36496
-0.172097
-0.652715
-0.600557
2.21043
-0.668195
0.284722
-0.0760488
-0.590916
-1.92883
1.65048
-0.957317
2.45876
0.785471
0.35842
0.486007
-0.76935
-0.647313
1.50398
1.32885
-0.157994
-0.714909
-1.14445
1.735
0.18537
-0.727947
1.30831
-0.917903
-1.84493
-0.809226
-0.619435
-0.0628281
1.81332
-1.62446
0.00446035
1.38757
0.90698
-0.465527
-1.9771
1.53988
-1.11217
1.07563
0.178517
0.414295
0.775521
0.429057
0.520773
-0.979276
-0.674768
-1.73918
-1.43402
0.15134
1.1187
0.382364
-0.371471
-0.0207572
0.0288039
1.03437
-2.55189
-0.101669
0.413656
-0.678011
0.129908
-0.493857
-0.199113
-1.28169
-1.46048
0.847547
1.03801
-0.80483
0.603815
-0.916679
-0.569346
-0.246076
0.310499
-0.301879
-0.740106
0.130985
-1.21596
1.99145
0.0378655
-0.196902
0.43394
0.907803
0.778743
2.02954
-0.0358943
-0.461843
-0.928662
-1.9375
1.2298
-0.468776
0.810761
1.60942
1.6588
-0.504998
-0.68879
0.234052
1.60106
1.52938
-0.805881
0.328509
0.541545
-0.405012
-1.25218
0.217324
2.1297
0.338296
0.20159
1.47353
2.42574
-0.633834
-0.864013
-0.542153
-2.00605
-0.208865
1.21298
1.92304
0.592514
0.383555
-0.104161
0.566397
-0.0882462
-0.233968
1.47827
-1.10792
-0.76879
-2.0102
-0.292048
2.04772
-0.748382
0.419097
-1.27154
0.05393
-1.25031
-0.206632
-0.352125
1.18269
0.127311
1.27905
-1.1833
0.862385
-1.99056
-0.651674
-1.1662
-0.691721
-1.05419
-0.210009
-1.4023
0.0503378
-1.37078
-1.22357
0.497292
0.570524
-0.272432
-0.276067
-1.41168
-0.39487
-0.00903776
0.585715
0.725386
1.18397
1.29013
-0.115578
0.45594
-1.61169
0.141225
0.235824
0.68898
-3.16516
1.13251
-0.934804
0.735375
0.449182
0.596202
0.73135
0.688934
1.29068
0.258647
-0.552714
-0.389533
-1.30059
-0.36249
1.18878
-0.0256973
0.326635
-0.246518
1.08129
-1.36461
0.11078
-0.163064
0.159936
-0.183501
0.385091
0.0017728
0.716197
0.021408
1.47877
0.0674887
0.0454392
0.136867
1.03515
1.04566
-0.220488
0.598603
2.20298
0.0815052
-1.79128
1.33492
-0.221235
-1.05797
-1.45158
1.16103
-0.967382
-1.31782
0.483983
-1.73015
1.23408
0.181976
1.90161
0.324774
-0.820192
0.612342
0.546312
-0.27402
-1.3469
-0.594705
0.552644
-2.09136
-0.685731
0.647112
1.17444
-0.0605126
-1.11228
1.04261
1.23959
0.0181745
0.931187
-0.620434
-1.10502
0.998977
-1.14696
-1.69757
0.81536
0.383899
-0.0493948
-0.393692
1.24545
-0.19461
1.08604
-0.206819
0.0131169
0.578072
-0.926148
0.0185131
0.812628
1.33865
-0.955976
0.852163
0.207237
-0.64696
0.0180451
-0.0821761
-1.43729
-0.479636
-1.29046
-1.51835
0.240144
-1.08111
-0.134594
0.394889
1.60097
1.48374
0.317832
0.993725
1.62042
-1.02933
-0.336144
-0.351325
0.164088
1.4792
-0.172659
1.25801
-0.424892
0.0395907
0.548422
-0.4014
-1.75858
1.50406
0.370289
-0.114849
0.121967
1.28304
0.225963
1.31548
-1.37014
0.223309
0.738388
-0.639112
-1.64256
0.873418
0.0442822
0.980534
0.477447
0.304044
1.20802
0.319372
-0.856486
0.637335
-0.701375
-0.345462
0.449296
1.20939
-0.264493
-1.40481
-1.67604
1.84673
-0.440164
0.490933
0.643955
-0.814476
-1.52712
0.0383715
-1.00984
0.231543
0.784055
-0.192386
-1.31167
-0.462564
0.295964
2.00047
0.31436
-0.783515
-1.017
0.881081
1.94213
-0.0871087
0.900675
-0.467489
-0.250263
-1.79328
0.562113
-1.16133
-0.333817
0.496432
0.975686
1.61088
0.0475569
1.7443
-1.1217
-0.0211142
0.23553
0.223422
0.0894494
0.573078
0.520358
-0.125721
1.47651
-0.894265
-1.78164
0.0590398
1.23189
-0.249716
-1.70411
0.921391
-0.782313
0.676739
0.0663844
-0.762747
1.18953
-0.0236565
-0.243343
1.14146
-0.419207
-0.705423
-0.765481
-1.16143
-0.0413857
-0.525237
-0.248462
0.7466
0.345115
0.857462
0.320221
-0.930586
-0.573978
-1.3885
0.205468
-0.650866
-0.569393
-1.77446
-0.265611
0.61211
-0.328606
-0.181272
0.619097
1.76289
-0.240199
0.920747
0.437904
1.31237
-1.13931
0.405043
0.57056
1.28792
0.693718
-1.14966
0.453658
0.317685
-0.881381
-1.19816
-0.234904
-0.359979
-0.852689
-0.310764
-0.968539
-0.786504
-1.18505
0.397001
-1.13668
-1.4872
-0.785394
1.59993
-1.54578
0.779732
-0.30024
0.336975
2.25169
-1.25479
0.66545
-2.14878
-1.19181
0.780363
0.372365
-0.346845
0.798363
-2.6624
2.28689
0.494168
0.839957
0.137885
-0.591935
0.80838
-0.466422
1.49347
-0.2396
0.140733
-0.955907
-0.134606
-0.45348
-1.43324
0.260279
-0.120463
-0.149478
-0.761703
0.0113669
0.377065
0.801788
0.281124
0.365779
-0.562734
-0.362208
0.679803
1.0824
-0.0321953
-0.36003
0.273717
-0.114397
-0.088149
-1.23975
-0.0183603
-2.09908
-0.206174
-0.905483
0.0739318
-0.922956
1.95315
1.10639
1.0718
-0.488617
-1.74317
0.739131
-0.989152
-0.70925
2.7508
-1.15596
-0.400164
1.0358
0.97928
-0.535551
0.169917
-0.0764962
0.119854
0.770623
-0.20403
-1.06779
0.280434
-1.13058
1.95438
0.488755
0.998625
-0.379017
0.727044
1.58806
-0.547502
2.8021
-0.424435
0.88512
-0.598876
0.323064
0.349901
-1.03981
1.23646
-0.752269
-0.792027
0.114732
-0.885823
-1.52215
-0.247597
0.907686
-0.0405047
-0.648706
-0.616576
0.668459
1.16407
0.336111
1.10027
-1.14102
-0.95971
0.379635
-1.82104
-0.00279518
-0.201744
-0.836828
0.821933
1.29953
-0.272317
-0.429117
0.653491
0.50157
0.199814
1.52609
0.30806
-0.241622
2.07696
-0.733777
0.394355
0.387329
-0.719715
-0.0346981
-1.32759
0.116782
-2.37127
-0.264501
-0.622122
-0.0931977
0.434548
-1.43346
-1.79901
0.245868
0.513974
-0.158782
-0.488678
-1.19784
-0.354333
0.546037
0.214926
-0.0921353
1.40821
0.251599
0.582138
-0.0355888
-0.301771
0.639856
1.39522
-0.275073
-0.0483871
0.478583
-0.833771
-0.769242
-0.408618
0.93456
0.0287472
-0.379628
1.413
-0.146737
-0.585946
0.7139
-0.582314
-0.817454
-0.118204
-1.3029
-0.509925
-0.837979
-0.88424
-1.22775
-1.49494
-0.822343
1.16573
-2.25038
-0.224502
-0.324802
-0.249848
0.576063
1.19014
-0.822784
1.50609
0.685707
-0.200067
2.38819
1.17951
0.0587964
0.405105
1.16319
-0.562941
-1.90827
0.877063
-1.69211
0.294933
1.01693
-0.132187
0.0105575
-0.383271
0.389512
-2.33838
1.4498
1.21491
0.325613
-0.709936
-0.374636
-0.446969
-0.0965916
-0.594258
-0.403817
-0.385224
0.406818
-0.206489
-0.0002013
-0.775198
1.32334
0.3575
-0.653359
-1.10761
1.26022
-0.781879
1.68108
-1.45912
-1.06098
-0.00482717
-1.9281
-0.380957
-0.927559
-0.263551
0.472384
-0.580202
-0.118175
0.442998
-0.485405
1.00762
-0.874512
-2.64245
-1.02228
-0.201193
-0.607725
0.380532
-0.0518888
-0.229285
1.15331
0.743166
0.345286
0.114838
-0.0169868
-0.754911
-1.08356
-0.816816
1.37469
-0.0218697
0.073803
0.451169
-0.393481
-0.300871
-0.0405078
0.0360341
-1.09823
0.257105
0.221435
-1.88045
0.115714
-0.264353
-2.25351
-0.917159
-0.478304
-0.856484
1.32935
0.326457
-0.288399
-0.11354
0.701767
0.246397
-0.386878
0.482831
0.019015
0.247511
1.23404
-1.38764
1.05555
0.70967
0.312941
-0.304231
0.623562
0.367643
-0.106348
0.418568
-1.50387
-0.708105
-0.499411
-0.307426
0.715572
-0.623513
0.547435
0.22787
-0.335971
1.69414
0.131132
-1.24888
1.49521
0.0282139
-0.710545
-0.755478
-0.723707
-1.02561
-1.06106
0.481418
-0.142187
-0.0228549
0.341685
-0.670734
2.17928
-0.557186
-0.297879
0.513571
0.0541422
1.50352
0.698545
-0.536962
0.272164
0.800513
-0.118123
1.59807
-2.09877
-0.819626
-0.120158
0.355945
2.28249
-2.5527
0.337322
-0.957137
0.445374
-0.712763
0.193899
-1.27026
1.40307
-0.723255
-0.133816
1.26794
-0.591015
0.0557474
-0.429923
1.37274
2.54657
-0.694559
1.23621
-0.168874
-0.00307027
0.522029
-0.825149
-0.731985
-0.234971
0.403887
-0.582859
0.267901
-0.231539
-0.0350575
1.28584
0.321021
-0.913671
-1.11615
1.44462
-0.56029
1.31898
-1.27067
-1.09073
0.471902
0.590359
0.659988
-0.429176
1.35691
-0.487726
-0.0874373
-0.297511
-1.01388
0.599996
-0.895777
-0.488347
-0.00681798
0.0381348
0.603722
-1.18986
0.0300873
0.992706
1.05959
-0.340232
1.08297
1.56593
-0.178652
0.745824
-1.42868
1.02305
2.0618
0.230699
1.03983
-2.41593
0.5419
2.21466
-0.0162828
0.360813
-1.30381
0.733146
1.58557
-1.29205
-0.775747
-0.133566
1.05933
0.801494
0.0181921
-1.50643
0.33188
-0.21677
-0.229126
-0.540658
1.26828
0.66055
1.44925
-0.262818
-0.755582
0.978617
-2.16753
-0.1583
0.306705
-0.313104
-0.358805
0.503847
-1.49115
-1.86638
-0.464418
1.26654
-1.08421
-0.613295
-0.402539
0.820934
2.67187
-0.240889
1.35787
0.907314
2.30328
1.3735
0.731608
-2.01135
-0.834574
1.09418
-1.71541
-0.450782
1.04979
0.187931
-0.0279382
0.402356
0.118114
1.00386
-0.435786
-0.375625
-0.610696
1.61729
0.298554
1.85493
1.2899
0.277732
-0.589748
-0.239129
-0.523973
-0.433473
-1.47271
-0.238454
-0.980938
-0.67613
-1.50836
0.219391
1.25672
0.00997906
-0.881859
1.0107
-0.893912
-0.664351
1.41099
-2.9524
0.190404
1.99946
0.757491
-0.418699
-0.949323
-0.0670026
-0.0881255
1.94904
-1.63818
-0.630447
-0.31253
-0.668052
1.27022
0.715218
0.313791
0.321373
-0.975408
-0.730101
-0.108207
0.279425
-1.10356
-0.264638
-1.67045
-0.0275387
-1.66386
2.62936
2.56221
-1.1585
0.813386
0.445115
-0.932573
1.22488
0.446292
0.767582
-0.798684
0.200881
0.874913
0.57808
0.319527
-0.889164
-0.534113
-1.32544
-0.457415
-1.13445
-0.532006
-0.00595591
0.997002
-1.19162
-0.110335
0.504778
-0.79058
-0.683061
0.174868
-0.153439
0.143823
0.291302
0.241761
0.31195
1.4854
0.0671465
0.162549
0.132084
0.526244
-0.843614
-0.250656
-1.1257
-0.0300189
-0.0967538
1.87045
1.84159
0.555161
1.2194
-0.225933
-2.06786
-0.565421
0.0126701
-0.119986
-1.35475
0.0021598
0.117806
-0.625855
-0.794988
0.453639
-2.08195
2.07123
-2.15379
-0.902842
-2.03329
1.51636
0.927126
0.200897
0.408936
-0.533198
0.490848
1.06861
-0.446564
0.328965
0.511381
2.09742
0.779556
0.422254
-1.03959
-0.0958714
-0.961077
0.153662
-1.14246
0.492195
1.07795
1.69431
0.0524451
1.48395
1.5657
-0.25726
-0.730502
1.13029
-0.900606
-1.33362
0.667208
1.00318
0.756562
-1.55288
1.50163
-0.343379
0.62293
0.702994
1.04464
-0.08943
1.45789
1.1941
-0.0647669
2.22326
0.760631
1.51181
0.186983
2.63928
0.441025
-1.57725
-0.884969
-0.283649
0.588784
0.761537
1.73986
-0.0633882
0.426146
-0.28514
1.28702
0.220488
-0.342044
-0.215301
1.51133
0.467125
-0.0367665
-1.31149
0.287907
0.852768
0.517984
1.25615
0.345331
-0.110945
-0.821465
-1.88564
0.512429
-0.731698
-0.772049
0.27318
0.22697
-0.758047
-0.452191
0.293832
-1.22659
1.40325
-2.09988
0.481654
0.12273
-0.459565
0.643824
-0.738385
0.0996144
0.635679
0.536186
0.34299
0.215725
0.759396
-0.138125
1.35419
-0.91533
-1.46022
-0.589428
0.811979
0.115468
-1.54873
-0.296041
-0.869237
0.490867
-0.281952
-0.713537
-0.699035
-1.07884
-0.979395
-1.31816
0.462865
-0.896416
0.737292
0.24073
-1.57459
-0.958052
-1.15584
0.598369
0.672093
0.350312
0.378969
0.0937616
-0.424133
-1.17518
-0.677567
0.369717
-0.420501
-0.725487
0.180026
0.553815
-0.0503526
-0.674638
-0.656374
-0.475981
-1.78555
0.91449
0.172119
1.49669
-1.28542
0.155641
-0.329316
-0.352907
-0.807236
0.261931
2.01026
0.533636
-1.31305
-0.0440645
-0.157798
-1.30798
-0.337279
1.27111
-1.52767
1.14256
-0.983799
-0.0706779
1.91695
-0.0898871
0.0826738
0.755037
-0.953424
1.67981
-1.82471
0.600738
0.808121
-0.273166
-1.45441
-0.133815
-1.14619
1.69194
0.213532
0.630534
0.49906
-0.192859
-1.54094
0.513807
0.572438
-1.31006
-1.71712
-0.644732
0.419163
0.890386
0.263454
-2.19719
-0.231208
0.905638
1.5063
0.410006
-1.57731
-0.379148
0.448643
-0.502658
1.53026
-0.191616
1.53185
-1.32539
0.809625
-1.03915
2.14858
-0.0311801
0.394417
2.18523
0.513415
-0.360568
0.545644
0.0745274
0.0109245
0.56609
-0.564242
-0.295527
-1.23944
0.393895
0.539024
0.470693
-0.0421402
0.435483
0.564079
-1.34074
-0.0844728
-1.16956
2.23711
0.00126422
1.78689
-1.12339
1.15756
0.334614
0.660168
1.91246
0.618297
0.331711
-0.772719
-0.239652
0.763428
0.833745
-0.0292697
0.346063
-1.0683
-2.01713
1.79935
1.51471
0.875237
0.281314
-1.03724
0.0191332
1.47916
-1.07796
-1.39136
1.21339
1.28497
-0.313952
-2.26761
1.31253
0.126832
-0.817032
0.304001
-0.535192
1.95404
0.325315
1.52595
-0.0214623
-0.430013
0.528386
0.185972
-2.09504
-1.20093
-0.0211012
-1.38244
-1.534
1.22228
1.19493
-1.63526
-1.21376
-1.47949
-2.0056
-0.512396
1.01509
-0.453846
-0.306404
1.65726
0.101644
-1.01988
0.0259432
1.29978
-0.0132608
0.666216
0.629673
-0.166144
-0.621617
1.66251
-0.884129
1.19674
0.703583
-1.67744
1.47851
0.551902
0.299227
-1.25098
1.24064
-0.00706653
-1.79527
0.406948
0.432369
-0.647431
0.808513
0.25817
0.604184
-0.019404
0.592602
-0.00280376
-0.29767
1.30227
-0.611404
-0.297657
-0.394024
-0.0922768
0.188409
0.634007
1.17452
-0.0495785
2.36182
-0.376261
1.01435
1.64531
-1.12333
0.201823
-0.159106
1.60613
-1.14708
0.269039
-1.08285
0.165443
0.760856
-1.30422
1.98545
-0.382484
-0.205788
0.253351
1.42573
-1.13024
-0.924437
-0.167618
1.34016
0.62232
-2.044
0.899707
-0.303407
1.20695
-0.521494
1.78487
-0.397215
-1.19534
0.883581
-0.15524
1.76018
-0.785102
-1.47492
-0.199232
1.87747
0.155516
-0.861509
1.80243
-0.087643
-0.33615
-0.614762
-1.14857
1.39729
0.302252
0.346093
-0.528348
0.467799
0.407277
-0.368251
0.396718
0.384224
0.438091
0.845217
0.501948
0.262456
0.190123
0.673153
2.25375
0.721176
-0.636038
1.76967
-1.81483
-0.697554
0.385155
0.982281
-0.647277
0.829904
2.67045
2.12813
0.383387
-1.3202
0.529125
0.641534
0.926499
-0.708397
0.715123
0.553202
-0.53442
0.00879008
-0.632079
0.90934
0.129838
0.175791
0.359229
0.66948
0.188318
0.733597
0.91919
1.52934
1.78564
-2.18542
0.869185
1.12441
-0.68604
0.280845
-0.481604
1.9352
1.54124
-1.427
-0.295804
0.327032
-2.88535
1.25417
-0.269154
1.20847
0.820898
0.0453869
0.314561
0.190994
0.254847
-3.33016
-1.44514
0.171154
-0.333935
1.03764
0.55949
0.691671
-0.381027
-0.460004
0.0753538
-0.0419234
0.438051
1.73584
-0.510508
0.598904
-2.27661
0.777571
-1.23384
0.327437
0.646751
-0.210799
-0.389292
-0.71949
-0.202438
0.321877
-2.11739
-1.9009
-0.802617
-0.0464523
-0.312867
-1.47714
0.43421
-0.441059
0.638817
-2.59797
-1.55927
-1.53844
0.120382
-0.630625
0.808853
1.47263
0.709473
-0.0424424
-0.93663
-0.613623
-0.574356
0.0829177
0.378536
-1.13931
-0.364885
-0.717271
-0.376175
-0.235509
-0.149788
0.661722
0.565002
-0.0773424
-0.202288
1.67551
0.518353
0.588891
1.27058
0.144866
-0.611349
-0.707532
-0.207543
-0.946719
2.15928
-0.363477
-0.238275
-0.768903
0.0139035
0.359662
-0.37481
1.6373
0.476941
-0.405543
-0.633594
-1.15317
-1.34153
-0.912312
-0.362466
-0.0123105
-0.667054
-1.03612
-1.69909
0.446599
-0.629202
1.3945
-0.969859
0.141409
-0.838663
1.19917
-0.608844
-1.17358
1.08366
-0.326932
0.126715
1.00088
0.423977
-0.117211
1.00262
-0.0711285
0.426299
-0.48691
0.26048
-0.39708
1.08132
-0.40034
-2.19586
0.559772
1.26818
-1.06292
-0.116243
-0.479774
-0.128478
0.893425
1.10394
1.65355
1.45757
-0.295527
0.414016
-0.0237578
-1.47808
-0.557618
-0.958465
-0.334886
0.514034
2.0123
-0.146866
-0.143836
0.295395
-0.197186
-0.00221934
1.86404
-0.231559
-0.252613
0.822832
1.08365
0.762553
-0.537101
-0.333944
-0.512698
1.38456
2.42741
-2.02038
1.0252
-0.799289
0.99575
-0.825482
0.68566
0.193755
-0.369202
-0.588855
0.907717
-0.254461
-0.440639
-0.279419
0.265887
0.0387497
-1.97291
0.487009
0.242216
-0.369151
0.870217
-1.52285
1.07982
0.585232
-0.63016
0.36905
0.0316759
0.0240467
-1.0969
1.15809
0.595295
-1.18157
1.34225
0.490492
-1.00204
1.13914
0.147401
-0.365695
-1.75391
0.359893
0.78715
-0.512374
-2.27333
-1.59121
-0.22304
-1.43458
-1.12014
-0.424513
0.55651
0.0572583
-0.214605
-0.750211
1.21641
0.0238529
0.516034
-0.539033
1.28509
1.77445
1.33151
1.20731
-0.507182
-1.24558
-1.27885
0.955862
-0.0618224
-2.11654
0.734247
-0.307932
0.287721
0.833168
-1.40183
1.04532
1.54967
-0.954643
1.101
0.519436
0.407593
0.765559
0.845069
-1.29934
0.0589429
-0.566197
1.47755
-0.87733
-1.39781
-1.30786
-0.733896
0.0778948
1.5007
-0.944951
-1.1905
-0.568679
0.905245
-1.40497
-1.94774
-0.62391
0.200049
0.485951
0.715799
-0.00567512
-0.296224
0.265013
-2.32945
-0.566768
-0.549682
0.351312
0.726745
1.60582
0.128974
0.863628
0.0464486
-0.979465
0.779797
-0.257844
-0.500611
0.725576
-1.03763
1.00078
-0.0175023
-0.00383742
0.206604
-1.2256
-2.02301
-0.411092
-0.871657
-1.53121
2.46234
-0.235966
-0.244456
-0.421019
1.28573
0.118514
0.552011
-0.497198
0.59081
-1.90117
1.4662
-0.114112
2.28957
-1.64202
0.107318
-1.12506
0.00209123
-3.47043
-1.52218
0.628151
-0.680007
-1.0096
-0.346394
0.666966
0.722769
1.66868
-0.296004
0.176666
-0.981693
-0.1408
0.676701
1.01585
-0.812007
-0.146282
-0.194426
2.10445
0.326812
-0.177867
0.324793
0.416844
-1.27597
-0.421442
0.819133
-1.78161
0.357012
-0.0266505
-0.640778
0.681821
0.796732
1.56927
0.837941
0.789704
1.119
-1.61671
-1.21251
0.765965
1.78043
-1.55211
1.42599
0.705135
0.192833
0.998195
1.04229
1.42796
-0.563597
0.744657
-0.178816
0.440462
-0.219261
1.22974
-0.15523
-1.0885
0.514937
0.01746
-1.00919
-0.00419784
0.619672
-1.14509
-0.128417
0.229626
-1.32117
0.955874
0.823387
-0.00941396
-0.322279
1.02989
0.703585
-0.184604
-0.675416
0.459846
-1.70806
0.320782
0.47965
0.172881
-1.11035
-0.640038
-1.28072
1.47921
-0.0255889
0.886029
-1.22029
-1.10579
-0.245002
1.46264
0.193261
-1.5877
-0.23797
1.31987
-0.512113
-0.383631
-0.00963854
0.488448
-0.801782
0.557054
0.621257
-0.49858
0.734603
1.14305
-0.258528
-0.561648
-0.79795
-0.255818
0.523267
0.200473
-0.660495
0.988208
1.6802
-0.635137
-0.932561
-0.318221
1.83247
0.266416
-2.30035
0.781156
1.16295
0.198118
0.263876
-0.523858
-0.422462
0.797006
-0.0104473
-0.604251
0.427979
1.53495
0.091147
-0.0804238
1.50874
1.81966
-0.776818
-0.182085
-0.655677
-1.3128
2.07983
0.617682
-0.921633
0.243754
-1.49036
0.680252
-0.360282
0.99333
-0.644407
1.7895
0.0777059
-0.707342
1.65647
-1.16841
1.44501
-0.764179
1.43614
0.921231
0.850959
-1.82071
-0.476224
0.469026
-1.55382
0.261479
0.44765
0.198054
0.351348
0.156164
-0.462729
0.00438549
-1.30336
0.680349
-1.08843
-0.184659
-0.342537
0.905323
0.910652
-0.665802
-1.27477
-0.036597
0.863458
0.247592
0.651428
-1.33471
0.0431978
-0.972144
0.604585
-1.0721
1.20794
-0.291509
-0.652384
0.087818
-1.66371
0.555342
-0.790543
-1.20011
-0.963692
0.381415
-0.568155
0.176018
-0.608805
-1.01292
-0.4444
0.66542
0.937025
0.686031
0.375812
-0.0694147
-0.532964
1.27459
0.936554
1.71305
0.512997
-0.694389
0.302489
-0.418808
-0.964851
0.608602
-0.610275
1.19282
1.29096
1.31674
-1.07581
-1.36351
-0.00563615
0.746892
-1.49916
0.456258
-0.890422
-0.500983
-0.396714
-1.53597
-1.75945
1.50188
-0.936171
0.600046
-1.54245
-0.0350645
-0.104547
-0.796385
-2.61284
0.120316
-1.3983
-1.01682
-2.0125
0.373658
0.833971
1.44677
1.68237
-0.724483
-0.209418
-2.40971
0.159338
1.38581
-0.69594
1.01928
-1.15778
-0.871484
0.117755
0.0192335
0.625241
0.158127
1.65883
0.0969843
-2.09717
-0.459256
-0.198762
-0.659616
0.0498736
0.403367
-0.169439
1.44583
1.34917
0.683375
0.0192418
0.556975
0.456841
0.275531
0.525642
0.2257
-0.108539
-0.559888
-0.847033
1.39009
1.11715
1.71896
-1.01332
-0.805555
-1.11695
-0.573889
-2.31197
-1.44362
1.35863
-2.03618
-0.165814
0.352607
-0.766312
-0.370834
0.215973
0.00666339
1.50461
-1.90803
-0.813893
-0.767477
0.345895
0.299813
-0.25559
-1.69139
-0.858796
-0.0110164
0.879912
1.4247
0.918562
0.205126
-0.326893
1.6363
-1.61401
2.28537
1.37626
-0.0147558
-0.997189
1.60775
1.7249
-1.22086
-0.171176
-0.221542
-0.495541
-0.81373
0.0565739
0.527698
-0.046537
-0.301813
-0.228325
-0.0754266
1.1379
-1.3024
0.323604
-0.58278
-0.378443
0.0652929
-2.05201
-0.488091
0.566829
0.492167
-2.00653
-0.503844
-0.819886
0.443099
-0.792015
-1.0304
0.235136
1.30765
0.123318
-0.171043
-0.666045
0.204296
-0.0991108
0.529521
-2.21542
0.422681
1.43164
-0.841284
-0.107651
0.420921
-1.25835
0.751232
1.10376
0.84319
-1.53518
-0.545452
-1.85775
1.83335
0.824645
0.0661244
-1.4856
-0.619036
-0.0964437
0.448616
-0.085557
-0.59719
3.31722
-0.429508
-0.0872292
2.26776
-0.445112
0.16302
-1.49763
-1.27597
1.16285
-0.745468
0.0433183
1.89494
0.883526
0.496221
0.132661
0.0889762
-0.24525
-0.650776
0.682329
0.889565
-0.123547
1.52631
0.659167
0.437735
0.85727
1.67342
0.96427
0.700264
1.16146
0.730166
0.626485
-0.843298
0.0758368
-2.08235
-0.670807
0.0359241
-0.898414
0.0967308
-0.640346
0.374743
-0.00185002
-0.392278
0.934608
1.01062
1.22804
1.37409
0.407893
-2.30097
0.618068
0.159411
-0.0857308
0.619998
0.240089
-1.9816
1.32281
-1.52139
0.440885
1.28232
-1.30636
-0.639821
-0.797369
0.273376
0.491975
0.315652
0.893458
1.36705
1.46573
1.68285
-1.22755
1.01787
0.0144128
-0.869002
-0.588103
0.241862
0.429803
0.403962
-0.138685
0.704227
-1.82358
0.617447
-1.33511
1.4468
0.913546
0.586611
0.0331049
-0.873892
0.26766
-1.51314
-0.73227
0.592588
-1.10985
-0.432424
-0.859604
-0.33629
-0.0651558
1.31423
-1.23817
1.27169
0.849133
0.447967
0.149777
0.15953
-1.75774
0.799719
-0.754321
1.91792
-0.125544
0.0895616
0.0932382
0.755
-1.43307
0.984781
1.42406
-0.48487
-1.46494
0.0975422
2.72534
0.162866
-0.441768
-1.1607
-0.16731
-0.145409
-0.116711
-0.213036
0.391162
-1.64775
-0.540633
-0.0194808
1.69985
-0.066217
0.120315
-0.491727
0.0291495
-0.705458
-0.181914
-0.530954
0.771734
-1.02149
-0.0160942
-0.463617
0.384165
0.227646
0.965743
-1.13323
-0.970826
-0.545428
-0.2172
-0.794832
0.777971
-0.182775
-0.196291
0.429541
-0.315177
1.07104
-0.0693508
-0.355925
-0.617947
-0.4279
0.692942
0.342905
0.360096
-1.45793
-0.409216
-0.396478
-0.282583
-0.545033
-0.488414
0.738229
0.114883
0.849068
-0.17606
0.097501
0.255247
-0.271145
-0.724844
0.444309
0.0588743
-0.35812
-0.820488
0.675015
1.23002
0.446722
-1.02134
-0.69242
-0.352675
-1.30868
-0.192477
-2.1221
0.212072
0.299148
-0.723242
1.12338
-0.625587
0.782208
2.06415
1.40453
0.275902
0.143956
0.0462427
-1.60557
-0.842104
0.918413
0.609776
0.009181
0.617652
-0.416929
-0.781886
-0.372971
-1.04076
0.899705
1.6086
-0.744654
0.463066
-0.900573
-0.444612
0.699815
-0.0831054
1.50049
1.02145
0.970734
0.868848
-0.976358
-1.98695
-0.785822
0.890965
-1.03918
0.178866
-0.0059044
-1.56632
2.13566
0.600637
-0.93907
-0.492006
-1.21778
0.431212
0.497324
-0.604074
-1.13828
-1.88189
0.240817
0.768715
-1.01442
-0.147954
-0.984262
1.84858
-0.486672
-0.152319
-1.22322
1.86557
-0.561487
-0.0506265
-1.0594
-0.0524545
-0.317353
-0.894335
1.05869
0.710537
0.0939553
-1.51401
1.1639
-0.294578
-0.584637
-1.19371
0.258451
0.778888
0.355352
0.357356
-0.664171
0.432859
3.94001
-1.65942
0.534734
-2.58317
0.57033
-0.161216
1.98689
-2.11227
1.45247
-1.44061
-1.0844
0.350165
-1.89264
0.309248
0.947507
0.0214552
1.03578
-1.41016
0.854738
1.0836
-1.07884
1.43143
-0.488589
-0.418156
0.411919
0.473988
-0.0303419
0.698951
-2.41289
-1.00761
0.465153
-1.08356
-0.616053
-0.428644
-1.00366
-1.41649
-2.12727
0.707749
1.8091
-0.0674126
-0.973516
-0.526757
-0.551224
-1.0936
-0.279122
1.09878
-0.51727
-0.238781
0.350689
-1.39009
-1.033
0.524073
1.28072
-0.242661
-0.177573
1.44752
0.095507
0.529336
0.328054
-0.0292759
0.300092
-0.548283
-0.081017
-0.0893388
1.97717
0.0409463
1.474
0.0115175
-0.468087
-0.115493
-0.410932
-0.989159
1.7082
-2.47523
-1.44557
1.84148
-0.814336
0.0523471
-0.839447
0.124702
-0.845983
-0.677039
1.3325
-0.208076
-0.757759
0.768216
0.321699
0.107757
-0.399288
-0.791874
1.44622
-1.88851
-0.209694
0.328777
-1.67134
-0.0771187
-0.270766
-0.422476
0.658155
-0.956
0.19995
-0.871105
0.622218
0.00830433
1.08792
0.360985
-0.764828
-0.719201
-0.712619
-1.01408
0.00118432
-0.205773
-0.0602273
-0.687523
-0.404849
-0.0574719
-0.456934
0.802067
-2.11546
-0.742427
1.15016
-0.625051
1.03096
-2.42255
0.538382
-0.168891
0.11968
1.49364
0.79421
1.01283
0.562673
0.803106
0.965991
-0.0681852
-1.8259
1.47694
0.0251424
0.915515
-0.892828
0.610087
0.519624
-0.522322
0.108463
0.389768
0.236064
0.217074
-1.44873
0.0585018
0.0354942
-1.60764
-0.0561764
-1.19926
1.18194
0.419583
0.690012
1.08872
0.386123
-0.012966
-0.853121
0.105642
-0.0605273
-1.11503
-0.189048
1.61363
0.0748716
0.0687373
-0.998668
-1.42913
-1.06938
0.114848
1.7096
0.761674
0.230017
-0.248219
-0.365785
-1.12623
-0.547146
-1.38714
0.724192
-0.833934
-1.12854
-0.425279
-1.02171
1.79767
1.26532
-0.0334153
0.134849
0.819496
-0.855434
0.182583
1.01874
-0.261158
-2.01568
-0.0327808
-0.0906466
-1.23568
-1.18518
-1.6695
2.68941
0.933929
-1.02777
-0.116972
0.688948
-0.16973
0.0632279
-0.206735
0.453297
0.33452
-0.884151
1.28001
0.670392
-0.0397779
-0.761233
0.900204
0.552637
1.17144
0.00812831
1.44863
-0.133032
0.815104
1.55528
-1.25305
0.541123
0.00580718
-0.262112
0.105434
-0.387526
-0.347037
0.471862
0.69938
0.206885
-0.130941
0.088375
-0.683491
0.764476
-0.799105
-0.436805
-0.470245
-0.0433987
1.12989
0.0173144
1.58098
-0.727044
-0.948258
-1.94346
0.518636
1.49894
1.27705
-0.719036
-2.01765
-0.0288298
-0.3684
-0.172393
-0.328976
0.290788
1.24568
0.627295
-0.117685
0.0838439
0.174792
-0.029364
-0.593299
-0.342064
0.532425
-0.244374
-0.608451
-1.1066
-1.39416
1.05737
0.159127
0.198358
0.0331562
-0.432977
0.0438186
-1.0627
-0.89766
-1.57682
0.847833
0.662875
-0.399646
-0.112445
1.60022
-1.04735
0.699179
1.78233
0.0897119
-0.806776
0.440746
0.780243
-0.43177
1.42864
0.81218
0.486611
-1.4533
-0.599425
-0.476279
1.16952
1.64026
-0.402518
0.366738
0.790035
-0.379476
-1.51048
0.100959
-0.448926
-0.263347
-0.0788215
-0.884281
0.22742
0.340878
0.525723
1.9092
0.96994
-0.0595582
-1.21935
-1.4006
-1.87458
-0.275878
-2.03163
0.00806022
-0.197123
-0.748714
0.797383
0.675308
-2.28826
-1.32562
0.0493433
-0.0806179
0.541107
-0.682998
-1.08859
0.0401798
-0.395102
-0.343934
0.0601495
0.709958
2.14281
-0.7535
0.664974
-2.32729
-0.130767
0.957458
-0.583109
-0.0342233
0.39611
-1.33123
-0.834484
-0.353274
-0.733139
2.04216
1.01954
-1.74491
1.81919
-1.19745
-0.445308
-0.510944
1.94296
-0.268528
-0.495408
-0.35908
-0.01105
-0.500745
-0.123585
-0.0133657
-1.49682
1.9328
0.39827
0.466401
-0.513831
0.203126
-1.0895
-1.53348
-0.0567706
-0.143748
-1.10899
0.729467
0.846955
1.66455
0.616125
0.483347
0.326116
-0.979269
-0.478918
0.774083
0.322774
1.7652
-2.42673
0.0167546
0.40398
-0.45505
-0.70064
-0.953634
-0.72948
-1.2906
-0.606148
-0.420066
-1.10082
0.0148792
0.281437
1.06042
1.43875
0.214948
-1.20787
0.175007
0.618452
-1.2985
0.0105717
-0.311079
-0.181863
-0.0118508
0.413695
0.0906552
-0.0883477
0.309458
-0.860008
-1.38973
1.1862
-1.27219
1.26832
0.309949
-0.0450316
0.443466
-0.159115
-0.186723
-1.60765
1.04138
-0.48456
-0.225767
0.423821
-1.40894
0.227486
2.17694
-0.0359652
-0.333936
0.763857
-0.883212
1.68291
-0.157847
0.438488
1.83679
0.671001
-0.219893
-0.227917
-0.880332
1.07
0.431884
-1.05598
0.217342
-0.67116
-0.151474
1.09707
-0.881093
-1.14724
-0.802431
0.489446
-0.164709
-0.794152
0.269046
0.380558
-1.58269
-0.573576
1.19795
0.318459
-1.09247
-0.410019
0.118019
-0.502553
-0.299418
1.34947
1.00832
-0.948157
-0.235495
-0.719392
0.71452
0.686127
-1.82649
-0.369619
0.68506
-0.408284
1.0568
0.0682734
-0.585106
-0.494689
-1.26738
0.451688
0.827343
-1.21827
0.0610924
1.04978
0.0677752
-1.41491
-0.896878
-1.9015
-1.48021
-1.05437
-0.055764
0.0219293
1.92819
-0.0202362
-1.05809
-0.0283233
0.601061
-1.6209
-1.46789
0.168328
-1.19994
0.17773
-0.00962092
-1.19381
0.140453
-1.38783
0.491572
-0.284704
-1.00814
-0.823638
-1.5922
0.598664
-0.241757
0.727135
-1.55354
-0.0406452
-0.180068
0.411955
-0.435845
-0.11655
2.11023
-1.12871
0.0834333
0.894756
-0.461954
-0.52953
0.553106
-0.473645
0.260037
-1.56122
1.40903
-0.573423
-0.248458
-0.71816
-0.0431738
0.111768
-0.459443
-0.418333
-1.51864
0.755381
0.130627
-0.434223
-0.818255
-0.969732
1.35502
0.911636
-1.31203
-1.26975
-0.636235
0.0457473
0.633271
-1.08372
-0.510077
-0.405361
-0.334369
-0.436353
0.0711608
1.10358
0.280238
0.439035
-2.17926
-0.599495
1.67946
1.43925
1.45913
-0.152279
0.561081
0.920063
-1.24757
-0.718529
-0.649832
-0.669614
-1.22115
1.0798
1.4717
1.98306
0.673302
-0.0403815
-1.45192
-1.46942
1.75693
-0.0245236
-2.04993
-0.643892
0.630662
0.799598
-1.01949
0.546549
-0.00990114
0.791573
-0.263343
0.90964
-0.956302
-0.613323
0.525963
0.240496
-1.49986
-0.430743
-0.538645
-1.78309
-0.800082
-0.825714
1.04544
-1.37002
-1.45718
-1.97965
-2.11246
-0.299967
0.861018
0.170428
-1.04502
-1.16826
0.733853
0.142715
-0.483348
1.86829
-0.774231
-0.0637656
-2.6251
1.93048
-0.794863
2.4539
-1.90574
0.832644
0.369402
0.441845
0.00601356
0.0913938
0.170819
0.829275
-1.1853
-1.91255
-2.82246
2.66652
-0.400143
-1.17787
0.072084
0.416672
0.439625
-0.792418
1.33757
-0.50804
1.59226
-0.979641
0.924501
1.68431
0.469474
-2.04329
-0.396729
-1.43178
-0.321413
-0.754029
2.07259
-0.611074
-1.04991
-0.0396522
-0.528275
-0.00267723
-1.63667
-0.206532
0.649641
-1.86601
-0.37699
-1.72019
-1.21971
-1.96487
0.663378
-0.287851
0.580186
-0.320566
0.631455
1.40664
-1.77197
-1.1023
-1.79433
0.86909
-0.192371
2.15
1.7473
-0.537554
0.265788
0.372127
1.00221
0.701045
1.01251
-0.18681
-0.481696
-0.572941
-1.58546
0.859401
-1.34243
-1.03899
-0.414045
-0.115856
0.11187
0.608446
-1.15962
0.345679
-1.48264
-3.38387
2.31847
0.25046
-0.378236
-0.836038
-0.434384
0.0262568
-0.338606
-1.76955
-0.108707
1.09593
-0.798392
-0.447526
-1.56674
1.72085
0.476921
0.502132
0.668225
-0.163663
-0.0355317
-1.3231
1.32511
-0.0751049
-0.0788232
-1.28422
-1.70679
2.66148
0.0573307
-0.527912
-0.305098
-0.36392
-0.00432496
-1.34877
0.156853
0.680328
-0.676644
0.764178
-0.0865455
0.00332598
0.491718
0.564298
0.328931
0.0198056
1.75742
0.73239
-0.480342
-2.00318
0.310374
0.231393
-0.565601
-1.20612
0.943722
1.21284
0.1766
-1.21611
-0.386832
-1.36633
-0.652722
-0.734652
0.809621
-0.756738
-0.318589
0.0140439
-1.68571
0.555485
-0.499844
0.271719
-0.971495
-0.0194332
0.647398
-2.12251
-1.28953
-0.166839
-0.847353
0.204072
0.261575
-0.309653
0.531656
-0.0344829
-1.6175
2.0662
0.614025
-1.56621
1.21532
-0.745928
-0.457121
0.358405
-0.695779
-0.134273
0.821956
0.417551
-0.944507
1.92792
1.94842
0.400029
0.660631
-0.101682
0.743263
-1.21907
-0.62969
1.63424
0.513121
1.04798
0.0798295
1.32666
0.290137
0.73453
0.0321527
-0.889147
0.316366
-0.845731
0.575388
-1.12814
0.652542
-0.387267
-0.15625
0.310122
-0.719811
-0.546413
0.27557
1.17358
-1.59321
1.17749
-0.0707113
0.336985
0.26664
-0.995515
0.593714
0.655616
-1.58383
-0.467551
0.310703
-0.390855
-0.343785
-1.1872
1.22059
0.404475
1.76901
0.752761
-0.715289
-1.11525
-0.989915
0.644146
0.266999
-0.471925
-0.669953
-0.288387
1.6854
-0.658573
1.05274
-1.14007
0.677207
-0.618589
0.520909
-0.341755
0.932087
-0.651047
-0.676999
-0.0921816
-0.0885049
0.0170677
-0.479167
1.42093
1.20624
-1.38965
-0.389251
-0.676909
0.823868
2.10693
0.984983
-1.36727
1.53251
-0.206652
-1.58359
0.931069
-0.742356
0.556711
-0.295956
-0.16733
-0.645233
0.524034
-0.950177
1.21941
-0.329187
-0.944498
-0.293281
0.651166
1.98617
0.634606
-2.72715
0.173489
0.941713
-0.116409
-1.95224
0.592642
1.49128
0.560768
-0.886028
0.361287
-0.887415
0.991705
0.689293
-0.340518
0.445651
1.08519
-0.198587
-0.0908272
0.318386
0.206123
-0.512771
0.107355
1.06595
1.18334
-1.3161
0.812007
0.187629
1.48731
0.337238
-0.133203
1.84768
-0.126752
-0.396637
-1.09127
0.163253
0.362173
-2.26666
0.114433
-0.107531
0.764015
-0.848046
0.303008
1.96502
-0.317818
0.600863
-0.505433
0.967089
-2.24448
-0.0171746
-0.342092
-0.0796256
-0.304448
1.72476
-0.44319
1.63492
-1.01447
-0.72204
0.953878
-0.270793
0.108727
1.24275
0.490788
-0.330545
1.75676
0.408267
-0.470891
0.386204
-0.503472
-0.145782
0.387293
-0.750645
1.3108
1.09238
-0.812401
-1.93391
0.641956
0.903567
0.456279
0.273725
-0.22189
0.642123
0.805001
-1.14408
1.56999
-1.8073
-0.617338
-1.84165
-2.08868
1.5331
1.1741
-1.10455
-0.895499
-0.00565978
1.84011
1.74582
0.505191
1.04829
0.156938
-1.07324
-0.766885
0.798337
1.05791
0.973203
-0.294179
1.08901
-1.16343
-1.05395
-1.35196
-0.825507
0.918289
-0.0693845
0.557348
-0.563466
0.417438
-0.402382
0.903677
1.40051
-0.0522012
-0.287831
-0.74586
-0.28831
-1.43974
0.882649
-0.766881
-1.52171
-0.916874
-0.750735
-0.174694
-0.244242
-1.4688
-0.552157
1.11202
-2.48942
-0.188651
1.34506
1.26296
0.215641
-0.824832
-0.352485
0.751997
-1.02979
-1.01217
-1.38549
-0.527137
1.43716
-1.45766
-0.773465
1.95985
1.45281
0.826051
0.428109
0.539302
-0.5877
1.33877
0.695768
-0.198196
-0.812338
-0.148202
-0.985172
0.311632
0.0111469
1.77074
-0.00776086
0.92771
-1.51097
-1.25073
-1.9974
-0.652984
0.936879
-0.145874
0.747687
-1.45785
0.246174
-0.501016
-1.10152
0.684457
-0.59725
-2.2729
1.66295
0.327603
0.868092
1.02704
-0.914543
-1.49628
0.761586
0.119159
-0.374675
-0.770366
1.58234
-0.507143
-0.303845
0.0915668
0.522014
-0.98096
0.138523
-0.364484
0.0194514
1.06619
0.0192995
-0.206206
-0.243737
1.29128
-1.50852
-1.02118
0.306567
-0.349905
-1.44427
-0.802129
-0.670377
-2.09967
1.43255
1.04101
-0.352938
-0.44724
0.434355
1.13005
0.941956
0.482312
0.735774
0.0968567
1.00263
-0.958109
-0.615424
1.37728
-1.04205
1.89288
-0.336027
0.593022
-0.250486
0.801697
-0.673882
-0.959661
-2.08416
-0.970134
1.06436
0.354769
-0.705629
0.301104
-1.07676
-0.298197
0.625459
-2.13244
-1.01472
-0.915507
-1.98779
0.13308
-0.0220744
0.16596
-1.5806
-0.264658
-0.0214567
-0.882053
-0.124842
-0.865476
0.432194
-1.28248
-0.792412
3.06549
2.14289
-1.12274
-0.261719
0.984369
-0.382743
-1.29878
-0.21278
-1.71343
0.486261
-0.609032
0.570277
0.53437
0.164923
-0.501445
0.0184353
-1.03083
0.423716
-1.08178
0.777446
0.851383
-1.08298
-0.399996
1.83863
-0.918029
-0.651705
-0.854048
-1.84314
-1.97036
1.08632
0.0401016
0.0417259
1.32637
-0.438477
-0.141077
-0.738536
-1.05669
1.28412
0.820064
0.104879
0.389079
1.09102
1.03131
1.09906
0.686858
1.56283
-0.678416
0.396375
-0.348517
-0.59497
1.04766
0.396194
0.299245
0.0772334
0.891636
-0.600429
0.256262
-0.0291538
-3.3331
-1.152
-0.019055
0.791274
1.80265
0.538691
-0.891545
-0.514138
0.0145653
-3.13504
0.919737
1.11904
1.18708
1.15802
0.410988
-1.57537
1.2866
1.68776
-0.66115
-0.803081
2.19218
-1.47624
-1.33758
1.39145
0.0677611
-0.138307
-0.825764
-1.85612
-0.275872
0.637319
0.72657
1.25092
-0.355933
-1.21109
-2.22034
-1.43326
1.90265
0.524837
0.286054
-0.204095
-0.126753
-0.992977
0.917017
0.153943
-0.879498
-2.743
-0.123412
-1.72326
0.980306
-1.96215
-0.0322785
-0.870978
-0.59089
0.719931
0.037402
0.968581
-0.777331
0.583825
-0.517585
-0.681761
1.09977
-1.03919
0.748609
0.522092
-0.654072
0.942466
1.2828
-0.98911
-0.110881
0.844973
0.655417
-0.688615
-0.933709
1.07274
0.498584
-0.524434
0.566485
-0.324725
0.16159
-1.58088
-0.891666
0.679478
0.319538
-1.45187
-1.04269
-1.58239
-1.20066
-0.143748
0.0349301
0.329732
-0.577909
-1.98317
-0.324784
0.306035
-0.558375
-0.0279549
3.01649
0.334323
-0.340778
1.25142
-0.277127
0.451913
0.459365
0.165124
-1.25103
-0.486792
-1.3515
-1.03326
-0.611066
1.92953
-0.830527
0.127243
0.0230357
-0.690879
-0.321096
-0.0392513
0.455201
0.1742
0.821004
-1.72214
0.652614
-1.68494
-0.326818
-1.23545
-0.726513
-1.20374
1.51147
-1.50244
-0.124617
0.385284
0.549451
-0.961984
0.38241
-2.02675
-0.0997311
-1.48461
0.199211
0.912134
-1.02039
0.204115
0.866835
0.499998
0.416648
1.126
-0.308701
0.609328
0.984861
0.3449
-1.68473
-1.66029
-0.8242
-1.35653
0.874648
0.951977
-0.422302
1.61125
-0.970235
1.18359
0.275204
-1.20184
0.665893
-0.96728
-1.59528
2.87859
0.555117
-0.940589
0.0366636
-1.03827
-0.258344
0.262488
-0.597385
0.0930249
0.635938
1.02024
0.828419
1.61224
1.06654
0.609164
2.25305
-0.213272
-2.03516
0.906804
-1.82811
-0.934947
1.957
-0.360525
-1.15694
-1.06298
0.474279
-1.79285
0.15683
0.316079
-0.752596
1.15661
-0.405282
-0.668229
0.385247
-0.817416
1.64384
0.146024
-0.273862
1.5963
-0.715588
-0.62135
0.175568
-0.325806
-0.324887
0.257098
-1.21057
-1.06182
-1.00735
1.76288
0.368611
0.322735
-0.744124
-0.0407574
2.13757
-0.573872
-2.07254
1.33095
0.279048
0.754547
-0.934584
-0.638158
0.307222
-0.806031
-1.09059
0.386633
1.66189
-1.58314
0.179594
0.107248
-1.20177
-0.489569
-1.24279
0.616369
-0.299063
-0.894358
-0.857373
0.244517
0.217332
-0.179089
-0.837625
-0.772514
-1.23587
1.65818
1.74696
-1.08333
1.66371
0.37308
-2.07716
-1.46681
0.689935
-0.170191
-1.10127
0.607978
0.554503
1.55043
0.236346
0.54987
-0.469804
0.000814309
0.126347
-1.35611
-1.64099
0.128223
-1.28658
-0.655864
0.269646
-0.40741
1.61212
-0.547151
-0.65614
1.05147
0.92158
0.975552
-0.78983
-0.547165
1.45984
-1.00212
-0.583845
1.2294
0.0798126
0.0484028
-0.868361
1.2215
0.717598
1.82099
0.214556
0.529409
-1.50487
0.853723
-0.0722535
1.13923
0.179807
0.179663
0.518837
-1.94319
-0.965533
-0.0974175
0.514247
-0.0655614
2.35594
-0.769718
0.316924
-1.42316
2.15173
0.925299
-0.34542
-0.231424
0.716081
-0.154323
2.16049
-0.429485
0.983221
0.598591
-0.12975
-0.124171
0.00794058
1.40386
-1.25189
0.197988
-0.338542
-0.0440094
1.22241
-1.78309
0.825427
1.10071
-1.16093
1.87507
-0.917357
0.905516
-0.813868
0.284018
-1.04136
0.760559
1.19061
-0.789748
-0.944907
-0.278596
1.02301
0.249671
1.15478
-0.0265962
-0.530906
0.34385
0.231449
0.339391
0.944862
0.0575191
0.638515
0.0853079
-0.297833
0.786992
-1.11937
-0.585905
-0.766577
2.85782
-0.0931028
0.996755
0.109614
-0.973631
0.764511
-1.23385
-0.0625452
-0.507205
-1.37023
-1.05106
1.50742
0.209934
-0.428169
1.42929
-0.102724
-1.05711
1.22832
-0.0315118
-0.140232
-1.03142
-1.23294
0.21625
-1.78656
0.184397
0.921171
-0.328473
-2.14685
0.487978
-0.722687
-1.14461
2.24755
0.198835
-0.763685
-0.781361
-1.17933
-1.52607
-0.898351
-0.242528
-0.761222
-0.461868
-0.561128
1.95971
1.78813
1.32073
0.0852592
-0.411693
0.112445
1.61619
0.295693
-0.109984
0.29157
2.32413
0.153804
-0.832808
0.626324
1.91269
-0.454166
1.777
-0.950567
0.881415
-2.44875
-0.0787325
0.497446
-1.74111
-0.562138
0.407877
0.859286
-0.437588
-0.551737
-1.40945
0.0556729
-0.197715
0.191502
-0.314922
-1.40289
-0.668083
-0.019927
-1.52829
-0.765691
1.96042
-0.152074
0.840247
-0.448631
-0.396124
0.1407
0.244936
-1.15068
-0.940077
0.660365
1.0741
-0.0402069
0.073137
-1.93352
1.77813
1.29792
-1.84444
-0.574959
-0.116782
0.0689924
0.621626
0.350986
-1.56965
-2.16457
-0.477993
-1.17535
0.394105
0.286902
-0.501357
-0.832673
0.166311
-1.02572
-0.813395
-2.79932
1.54406
-0.141434
-0.827994
0.391718
0.281314
-1.26597
0.664454
0.16299
-1.44244
1.78884
-0.349658
1.81598
1.40254
1.25593
2.83853
0.991559
-2.34285
0.70949
0.967194
-1.15685
1.04972
0.775158
0.438871
-0.499338
1.45229
0.295144
0.262553
0.257889
0.353149
0.693396
-0.946329
-0.310966
0.180199
-1.49295
-0.595366
1.81822
0.519109
-0.475068
-0.472306
2.10097
-0.929333
0.185112
1.08034
0.243373
-0.442475
0.34656
-1.54117
-0.774975
-1.78078
1.29593
-0.283445
1.55388
2.29737
1.08177
-0.097853
-1.89494
-0.878746
1.77375
0.13161
-0.708063
-1.01779
0.363885
-0.733076
0.500942
1.03688
-0.561932
-0.869945
0.757606
-0.0746638
1.07817
0.0130831
-1.06537
-1.222
1.38169
0.532084
0.482194
0.353844
1.07948
-0.190064
0.0998424
1.10721
0.540955
-0.0590205
-0.299123
0.463314
1.60471
-1.60114
0.926528
-1.22701
-0.547845
-0.696483
-1.71197
-1.4429
-0.498504
1.30732
1.0664
-0.827983
0.437281
-0.202156
-0.241827
-1.04862
-0.869302
0.522948
1.01472
-0.800774
0.929727
1.22655
1.90614
0.770502
0.379593
-0.883633
-1.71994
0.25391
1.26017
0.413697
0.0801821
0.0913175
-0.0662238
0.430296
0.0703802
-0.594933
0.0528825
2.08635
1.46026
-1.17996
0.897002
-0.566841
-0.217293
-0.129637
1.1226
-0.627177
0.542947
-0.518369
-0.179895
1.27508
-0.768477
0.966977
-1.06745
0.118933
-0.758217
0.232258
2.01187
-0.792607
-0.365433
-0.144499
0.300438
0.359381
-0.617497
-0.665577
0.919802
-0.671721
-1.82171
-0.217316
-1.53285
-0.694926
-0.812412
-0.300304
-0.383663
0.769256
1.31317
-1.14797
2.20038
-0.542346
1.32224
-0.85354
-1.46102
2.36198
-1.15479
-0.27859
-0.870718
-0.870951
-1.00919
0.793835
1.09052
0.838267
-1.301
-0.952104
-0.509833
0.665659
1.0225
1.76418
-0.742399
0.146524
-0.403511
-0.13345
1.88944
0.428801
-1.55817
0.589275
-1.72073
0.248094
1.51833
-0.311665
0.831227
-1.68206
0.244359
-2.13668
-0.997267
-0.698065
0.25191
-0.167953
0.214746
-0.614398
-2.11293
1.63415
0.530548
-0.195166
0.751862
0.908751
0.966549
1.30628
-0.344492
-0.487783
1.89957
0.353271
0.0855185
-0.825995
0.178579
-1.29761
0.6997
0.20114
-0.755265
-0.506183
1.29303
-1.01357
-0.811626
0.893691
0.289011
0.827797
1.29411
-0.534266
-0.526669
-0.927777
-1.03394
1.34672
-0.289339
-1.19124
-0.598592
-1.88509
-0.335328
0.42808
-0.349979
-1.17032
-2.11755
-0.634991
0.387683
2.10338
0.443408
-0.771362
-1.06534
1.16608
0.687619
0.00204047
-0.835681
1.10273
1.97826
0.394491
-1.10383
0.486676
-0.466297
-0.931933
0.926483
-0.72042
-0.615964
-0.474161
0.946973
-0.323242
0.992131
-1.12228
-0.968551
0.346971
-0.0125315
-0.210297
0.233768
-0.949066
1.187
-0.756996
0.130432
0.240605
-0.433704
0.397534
-0.649251
1.27053
1.10005
0.226553
-1.25076
0.664094
-0.871996
-0.058426
-0.550372
2.15233
0.926475
0.51482
0.271761
0.0449763
-0.641992
-0.965905
0.262932
1.09167
0.749065
0.245177
-2.33038
0.783415
0.461162
0.0281003
-0.097917
-1.44264
-0.130151
2.61949
1.55925
-0.630891
-1.46554
-0.175989
-0.589776
-1.60999
-0.153815
-1.0479
-1.62507
1.34136
0.881944
0.0144294
-0.737579
-0.567554
-1.1366
0.205981
0.523324
1.07763
0.301698
-0.686739
-1.21973
-0.299709
0.679558
-1.26174
-1.37617
2.39223
0.856636
0.701453
-0.678168
-0.240803
-0.836466
1.46478
0.144527
1.34448
-0.459969
-2.26504
0.12462
-0.438034
0.0548682
-1.81123
-2.36176
-1.10332
0.148296
2.3054
0.543749
1.82733
0.53104
-2.29127
-0.180869
0.534718
-1.1865
0.398078
0.464043
0.523453
0.516918
-0.156015
0.780581
2.25434
-0.973876
0.584295
-0.842506
0.0120657
-1.28563
1.28438
1.6639
-0.937963
1.41305
-0.292356
-0.548338
-0.455001
-1.85434
1.92652
-0.885889
0.925251
-1.73612
-0.411365
1.60523
1.22094
-0.815744
-0.854691
0.103415
-0.0871421
-0.179293
-0.110961
-0.328452
-0.954604
-0.828846
-0.924977
1.02334
0.706397
1.27671
0.0402604
0.814765
-0.901294
2.42897
-0.944045
0.77476
-0.622401
-0.0248625
1.77602
0.205448
-0.372529
-0.0678476
-1.75416
0.147088
-0.110827
-0.845843
0.912635
0.392364
-1.20421
-1.66969
0.29201
-1.28167
0.759334
0.615791
0.178493
0.715832
1.05561
0.0676
0.507027
-0.376392
-0.129807
-1.24066
0.12466
-0.573956
-0.398352
0.0576329
-1.34279
-1.56047
-1.53751
0.173725
-0.546618
-0.874388
-0.459312
1.05156
1.22511
-0.693499
0.572982
0.156405
-0.602143
0.880645
0.498218
0.751224
-0.531796
0.173542
-0.0319001
1.75819
-0.823366
-0.542845
0.853024
-0.0802486
-1.43652
-1.11387
0.896501
-0.43891
-0.915895
-1.1009
-1.50774
-0.124412
0.544785
-0.279787
0.313084
0.968444
1.21555
0.473144
-1.18352
1.04549
0.305845
2.09882
0.326552
-0.096057
0.0988347
-1.54495
0.219448
0.367783
0.00240821
0.442594
-1.18449
-0.381218
0.57355
1.40309
1.03604
0.695017
-0.597808
0.428443
0.0518162
-0.397907
-1.06805
-0.349387
0.55352
0.143515
0.762697
1.4211
-0.633516
1.07976
0.854649
-1.44655
-0.486329
0.525561
-1.53134
1.58057
-0.503105
0.241162
0.365488
0.6624
-1.43517
1.7664
-1.10339
2.27341
0.15052
-0.269492
-1.94769
-0.919144
-0.580328
1.09427
-0.280013
1.59148
0.339598
-1.41724
0.687801
-1.28726
0.720011
-0.000675433
0.73473
-2.02527
1.82583
1.61029
0.220601
1.74318
1.29821
-0.84414
0.188353
0.437866
0.0450262
0.878571
1.00069
0.795331
0.626705
0.672781
-1.81567
-0.135408
-0.66215
-0.759391
-0.671852
-1.80473
-0.936431
0.230359
0.511029
0.500658
1.04904
-0.193905
-1.67632
0.615566
0.494257
0.70207
0.607243
0.213031
1.90622
0.609299
1.15906
0.914654
-2.08242
0.628174
-0.272821
0.485726
0.596101
-1.22695
-0.24505
-1.3936
-0.909279
-0.330476
-0.618033
0.235156
0.311049
0.420068
-0.668069
0.723747
-0.637483
-0.569569
-0.427667
0.395978
0.547669
0.533077
0.491661
0.521222
-1.29116
-1.52434
0.865909
1.08235
0.806232
-0.612349
-0.0657751
-0.372578
1.16073
-3.0465
0.657419
0.535557
-0.0749135
-0.621918
0.905953
-0.692518
-0.214902
-0.133601
0.126194
-0.0924565
-0.644351
0.399104
0.801293
-0.791065
0.368237
-0.211423
-0.598488
-1.22802
1.92853
0.745892
-0.310887
0.648087
0.817787
-0.201377
-0.538407
-1.30521
-0.291438
0.236541
-0.222623
0.242737
0.201126
-0.203417
-1.11195
1.27949
-0.410886
-2.27285
-0.500151
0.473831
0.373531
0.723862
-0.269462
-0.729227
0.156889
1.46795
-1.17681
-0.577891
1.01917
0.499213
-1.09566
-1.70259
-0.140406
-1.07225
0.933411
1.16315
-1.64541
0.0413889
-0.441507
0.104955
1.14719
1.26517
-0.536253
-0.35543
0.646662
-1.55065
0.914278
-0.41037
-0.859736
0.271873
0.699247
-0.060249
-0.588084
1.98844
-0.420637
1.35605
-0.911879
1.38903
-0.562991
0.729005
-1.64487
0.994998
0.0249745
2.43894
1.40442
0.489771
-0.258589
1.82598
1.57736
-0.442994
0.697296
-2.25816
2.18164
-1.14894
-0.435702
0.940646
-1.31946
0.831362
-0.00584477
1.93328
0.0710709
-0.202874
-1.92312
0.187401
-0.154383
-0.718522
-1.17767
-0.693124
0.917634
2.66875
0.328826
0.765335
-0.0824774
0.47644
-1.8236
1.74153
-0.78494
1.52551
1.29344
-0.410338
-0.432294
0.671251
1.26246
-0.280329
-1.2655
0.396641
0.112729
1.57328
-0.24302
0.60337
-0.0638526
0.165445
0.0628665
-0.0997868
1.23815
-2.27799
-0.625698
-0.646516
-1.08325
0.0201657
1.18467
0.309648
0.53011
0.481657
0.358212
2.0298
0.000232885
0.0173753
1.68289
0.188885
0.887393
-0.298707
-0.372751
1.67953
-1.54792
-1.10925
-1.46622
1.21579
0.906875
1.07327
-0.225623
2.58756
-1.40923
-1.43382
-0.505078
1.46379
-1.69132
0.254231
-1.26545
-0.543823
0.7114
-0.7321
-0.583777
-0.114643
0.133174
-1.56456
-0.322793
-0.258398
-1.04391
-0.674566
0.343336
0.59185
0.738986
0.245995
-0.747505
-0.313164
0.460437
1.26652
0.0499428
-0.150457
-0.475813
0.323007
1.2399
-0.892131
-0.647085
0.519647
0.250751
-0.299104
0.635018
2.11067
0.484949
-0.223145
-0.278107
1.33667
0.839035
0.922589
1.00923
0.95732
1.35147
-1.06594
-1.13315
0.1313
-0.141516
-0.677136
0.0379931
-0.931746
-0.640987
-0.804464
0.4628
-0.873347
0.594046
-0.289855
0.966011
1.05303
-0.466181
1.18085
1.57876
-0.829744
1.34404
0.23395
1.99447
-0.811398
0.710175
1.02916
0.537568
0.699594
-0.699764
-0.548599
-0.674274
1.94195
-1.3442
-0.933167
-2.04018
-1.58264
1.9495
-0.482297
-1.31214
-1.90189
0.0299439
-2.23928
-1.19511
0.5344
-2.19242
-0.35148
-0.755129
-0.254428
0.469572
1.49758
-0.623057
-0.32503
0.761522
-1.08187
-0.85078
0.0775394
-0.961015
0.621456
0.870579
0.130601
-0.00877357
-0.961384
0.520892
-1.06435
0.483806
1.37718
-0.383069
-1.52029
-0.283786
1.05768
0.838003
0.569452
1.61465
0.185661
-0.516292
0.999981
-1.58093
0.737259
0.2848
1.04901
0.264671
-0.764816
-0.473004
-1.80128
0.0552815
-1.18863
1.14333
0.0565158
-1.02412
0.276106
-0.282945
1.8361
0.0352251
1.13798
0.709195
0.309088
-0.528019
-0.0432637
-0.752333
1.26019
0.904109
0.259215
-0.106317
0.472569
0.127315
-0.482822
0.0168791
1.04086
0.921436
-0.417052
-0.0576552
0.300826
-0.237554
-1.55171
-2.04323
1.88476
-0.83834
0.99212
1.19328
-0.323224
-1.56622
-1.32641
-0.60967
-0.245302
0.290897
-0.9165
0.229622
-2.07719
-0.71071
-0.244646
0.417196
-0.915495
2.28332
0.583951
-0.00447902
-0.912836
0.0404966
0.291582
1.1346
0.0865506
-0.246115
0.11684
-1.58237
-2.19236
-0.83095
2.26308
-0.427356
-1.7375
1.30743
0.483334
0.311038
-0.428834
-0.856013
1.01172
-0.135507
-0.132908
-1.32471
-0.104401
0.193353
1.45994
-1.27174
-0.912362
2.10451
-0.498666
-1.92357
-0.876666
0.741194
0.0376942
-1.5705
0.446237
0.948594
1.74672
0.24201
0.024624
0.0257254
1.41555
-1.5241
-0.986591
-0.344386
-0.637367
0.158244
0.663337
0.168374
2.50033
-0.543672
1.43741
0.587507
0.315115
0.159687
0.338254
0.41716
0.117183
1.63884
-0.952382
1.18625
-1.37487
-0.274705
-1.52402
-0.529708
1.04807
-0.0955521
-0.453567
0.473923
0.457875
0.349575
0.221175
0.271995
0.0844808
-1.59961
-1.66008
1.07594
-0.911356
0.604809
0.534343
-0.403795
-0.51342
-1.34615
0.436246
1.81365
0.134964
-0.155713
-0.210546
-0.954258
-0.220945
-0.695377
0.0250534
-0.344029
-1.0548
-0.561433
1.08045
1.29123
0.0675214
-0.669184
1.27776
-1.61341
0.0684205
-0.49598
-0.979072
-0.836629
0.880333
-0.233532
0.84995
0.676748
0.131829
-0.857234
-0.500025
0.0774466
1.5588
-0.95881
0.430786
-1.08973
1.83358
0.16788
0.297077
-1.54877
-0.107102
1.80653
0.389503
-1.79171
-0.166249
-0.0543294
0.502589
0.401775
0.757221
0.632788
1.00799
0.002473
0.111282
-1.11713
-0.239542
0.997218
-0.195941
-0.0424763
-1.21445
0.972345
0.621449
0.569508
-0.512432
-0.245237
1.08137
0.835839
-2.18259
-1.7411
0.35873
1.8691
-0.342806
-1.20646
-0.079119
0.50665
0.28943
0.733974
-0.78387
0.963909
-1.85844
0.0594924
0.880773
2.10912
-1.71929
-0.673582
-2.16096
-0.113864
0.341893
-0.843736
0.411288
-2.2181
2.11637
0.381558
1.25382
-0.583521
-0.547095
1.62918
-0.313883
1.44692
0.113796
-0.628518
1.02312
-0.702726
0.172632
0.0358426
1.34362
-0.88505
0.984752
0.415377
-1.25695
-2.51543
0.509213
-0.976111
0.738058
0.583987
1.51466
-0.878285
0.845888
-0.552808
1.4266
-0.226783
0.839001
-0.255841
0.0938202
-0.511991
-0.204998
-0.0441819
-1.78277
-0.653155
1.04221
-0.464533
-0.411716
0.132771
1.02857
1.35122
0.576544
-1.50043
-1.236
0.631056
0.0570098
0.515602
-0.381174
-0.105583
0.980488
-0.972625
-0.160189
-3.75538
-0.703784
-0.78103
0.318483
-0.826557
-0.859934
-1.20463
-1.60675
-2.76991
0.117915
0.564468
0.213793
0.141088
-0.961064
-0.47902
-1.05752
0.0340355
-0.259862
0.656646
-1.50527
-0.773125
0.639062
0.667455
1.48832
0.607333
0.441563
0.570643
0.693513
1.0709
-1.94873
-1.51597
0.243767
-0.458058
1.14062
0.944811
-0.12909
0.212165
-1.63917
0.389239
-0.491499
-0.609707
1.99398
-1.24683
-1.72945
-0.112296
-1.82523
-0.387507
-0.48808
0.237756
-0.81304
-1.25836
0.427786
-1.11198
-0.371644
0.208754
-0.441991
0.209258
2.14873
0.0151469
0.515672
0.802346
-0.301874
-1.36217
-0.659801
-0.716745
0.47795
1.43466
0.593734
0.731904
0.0455131
-0.471168
-1.54732
0.217284
-0.430638
1.14745
-3.65835e-05
0.196211
0.0736838
-0.657102
0.341558
-0.433639
0.336297
-1.99012
0.657985
0.567567
1.02221
0.529877
-0.612579
-0.723497
-0.385598
-0.373695
0.389144
-1.41098
-1.99449
0.329843
-0.476379
-0.0181742
0.340214
1.1234
-1.22609
0.637231
0.962252
0.986332
-0.25549
0.511543
-0.358947
0.0184715
0.963661
1.18982
1.25758
0.837659
-1.26347
-0.230278
-0.393398
-0.625862
-2.47136
-0.466727
-1.05595
-1.28749
0.941046
-0.266007
1.30315
0.128886
-0.516245
0.912546
-1.201
0.00700755
-0.151992
0.645657
-0.383307
0.523306
0.167256
-0.83711
-0.500263
0.387012
-2.37804
0.161936
-0.112915
0.915465
0.863311
0.17967
-0.675586
0.919801
0.492605
-1.84609
-0.903543
0.650611
1.83394
0.253763
-0.588826
1.1882
0.260894
1.27017
-0.510084
-0.0272645
1.51351
-1.28298
-0.742262
-0.0354636
0.549661
-0.244454
0.868402
0.0569629
-1.85005
0.336065
-1.28314
1.46746
-0.0417574
1.20591
-1.11367
0.577083
0.841742
-0.880243
0.433705
0.139306
0.166386
-0.562591
0.285236
0.951174
-0.051059
-0.253383
-0.838199
-0.284629
-1.0535
0.377236
0.679359
0.946623
-0.917752
0.232123
0.0922066
0.00615424
0.0196542
0.736953
0.823641
-0.608836
-0.901136
0.168877
1.16209
-0.802756
-0.577684
1.01752
-0.108458
-0.359962
0.373222
1.35972
0.298937
0.136223
-0.0503594
-1.48565
0.0339956
-1.59956
1.10723
0.109685
-1.21232
0.637933
-0.918308
1.28437
2.59368
-1.50188
-0.637512
-0.245889
0.602425
-1.26399
1.05923
1.09618
-0.421391
-0.375785
0.10752
0.731901
-0.517956
0.0996032
-1.05764
-0.344972
-2.51641
0.828618
-0.204257
0.940661
-0.0267518
-2.01201
0.140125
0.720366
-0.432285
0.566938
-0.198505
2.56298
-0.189494
-0.957741
-0.320056
-0.312556
-0.970671
-0.327774
2.83915
0.0618775
-0.560892
0.713628
1.04471
-0.205153
1.29091
0.833413
0.215036
0.303459
0.889409
0.191005
-0.978944
-0.672189
-0.104408
1.7962
0.984702
-0.0594664
0.875862
0.118389
1.94693
0.937114
-0.658851
-0.722955
-1.41887
-0.876063
0.420884
-0.287818
-0.0786461
-2.05602
0.521298
-0.947175
0.0443353
-0.0197163
1.2168
1.58222
0.338596
-1.10665
-0.225863
1.86771
-1.49399
0.041176
-0.925399
-0.0103085
-0.395175
-0.266911
2.64507
-0.548976
1.82563
1.64783
-0.606502
-0.885358
-0.639267
0.773895
0.719955
0.884817
-0.94912
-0.65465
-0.224823
-0.933952
-0.0950273
-0.201878
-0.749862
1.56509
0.276022
-2.95755
1.00725
0.0294137
0.640499
1.9439
0.85067
2.01335
-0.68006
-0.725884
-2.19174
1.31453
-0.482403
0.0457693
0.874542
-1.69051
-1.2746
-0.576473
-1.02186
0.801986
-0.238396
-0.650427
1.90419
1.69463
-0.229336
-1.16516
1.10759
-0.197483
-0.761171
-0.718805
0.944472
1.18414
0.770657
-1.84869
-0.79934
-0.2273
1.91555
0.232594
-0.473902
0.269749
-0.418106
0.376295
-0.311803
-2.50361
-1.90574
-0.0812074
-0.686055
0.166382
-0.818215
-1.25262
0.350413
0.391865
-0.346363
-0.127429
0.0387339
-0.498584
-0.41739
-0.947313
0.215063
-1.38332
0.0538152
0.903663
-0.0451256
0.695198
-0.464362
1.01237
-0.233292
0.869959
-0.320056
-0.441763
-1.9133
0.688084
0.946546
-0.11517
0.586102
-0.600807
0.908702
-1.85603
0.467894
0.334181
-1.17004
-1.38904
-1.3918
-0.669679
-2.04462
-0.425313
-1.5639
0.509582
1.86299
1.78083
-0.563079
-0.371782
-1.74708
-0.537406
-1.1158
0.733801
-0.394275
0.0198602
-1.10925
0.16511
0.494432
-2.21509
-0.366415
0.657302
-0.509375
-1.21251
2.28265
-0.141436
-0.673072
-1.08973
-1.29138
-0.158507
1.08864
-0.620194
0.532673
0.651712
0.483241
0.895261
0.869955
-0.293409
-0.0275869
-1.00221
-0.506773
-0.791014
0.622828
-0.912737
1.4063
-0.501787
-1.43032
-0.239293
-0.00783999
-0.759367
0.305698
0.446876
1.11416
-0.623881
0.597148
-0.489268
1.18949
-0.664179
0.221639
-0.6307
0.0433157
-0.570735
0.214853
-1.59661
-0.594873
-0.964743
-0.0448306
0.716677
0.706537
0.0831852
-3.07859
-1.13698
1.26275
-1.2281
-0.144975
0.120866
-1.1639
-1.36923
0.816455
0.771884
-0.996111
-1.64708
-1.62202
0.120999
-0.543598
-0.105822
-0.48718
-1.54359
-0.353124
2.17827
-0.33165
-1.0676
-0.909763
-0.0167887
-1.44128
2.01565
-1.01275
0.0782799
-0.0710547
-0.845399
-0.0894077
-0.420109
-1.24451
1.0616
0.295266
0.420911
-1.73858
-0.159564
0.0257742
0.29909
-0.886511
0.556365
0.801551
-0.399506
0.626314
-0.0640966
0.214884
0.979783
3.22268
0.371769
0.926937
0.320717
-0.351641
1.66982
2.32459
-2.13849
-1.28971
-0.62151
1.54247
0.435897
-1.3503
-0.322009
0.358208
0.243565
1.70513
1.32074
0.143282
-0.763823
1.38486
0.237109
-0.910733
-0.870992
-0.523407
1.94269
0.546544
-0.921498
0.873989
-0.17193
-0.260426
0.445729
-0.433798
0.1433
0.000912842
-0.172307
-0.926965
0.507334
-0.367528
-0.117337
-1.04812
0.273781
0.318936
-0.764083
0.0064267
0.121755
-1.83615
0.21005
-0.850106
1.28888
-0.0502512
-0.843163
-0.725282
-0.935985
-0.369621
-1.69858
0.497421
-0.126287
-1.83246
1.64557
0.735087
-1.92945
-0.00505332
-0.28978
1.71008
-0.363293
-0.139026
-0.658655
-0.693306
0.855753
-0.437993
-0.803691
0.671534
0.793769
1.42475
-0.13562
-0.61424
0.32457
2.29555
0.70891
0.200256
-0.975944
-1.33705
0.754316
0.350978
0.554279
0.302718
0.458634
1.01872
-1.97208
0.744643
-1.11835
-1.4099
-1.2688
0.390031
1.08269
-1.64573
0.906532
0.860537
0.432159
0.049296
-0.214359
-0.0224233
-1.23375
0.478834
-1.63767
-1.8957
-0.050811
-2.34961
0.282218
-1.26253
-0.293579
-0.0998335
1.25892
0.325157
-0.764719
0.955089
-0.216885
-0.328659
0.0842845
-0.463738
-0.961312
-1.12239
-0.425896
-0.635105
0.40397
-0.63128
1.01558
-0.382175
0.483696
0.414
-0.607873
0.727268
-0.119692
-0.668144
-1.4265
-0.0268298
0.78766
3.01221
0.223076
-1.7016
-1.32523
-0.628442
0.0180481
-0.40487
0.9329
0.486434
-1.81297
0.0919881
1.28135
0.635748
0.708974
1.22264
0.551414
1.38962
0.185096
0.406639
0.203264
0.550535
0.314971
1.34421
-0.759669
2.47387
-2.07806
0.881323
-1.33962
-0.740412
0.00828379
0.330609
-0.156844
-0.0264911
0.385639
-0.42271
0.946374
-1.27381
-0.422095
-1.379
-0.142466
0.714575
-0.905963
-0.526253
-0.915311
0.325322
-0.198295
0.341736
-0.133211
-0.170188
-2.09107
-0.17749
-1.12449
0.159058
0.341501
-0.186096
0.652557
0.459373
-0.329326
0.106962
1.06709
-0.108852
2.06498
-0.80641
0.487909
0.754405
-1.4352
1.11685
0.808017
0.425051
-1.13178
-1.97338
-0.0844317
-0.280966
0.638909
-0.16099
-0.613666
-2.40371
0.551981
-0.60381
-0.855265
1.63371
-0.971778
0.422355
1.09178
0.426787
0.986036
-0.436655
-0.00158695
0.475282
0.489324
0.568929
0.892507
-0.0292027
1.51938
-1.03491
-1.19288
0.48931
-0.241933
