1 20353
2 10017
3 7223
4 5031
5 4388
6 3721
7 3427
8 2545
9 2814
10 2017
11 2417
12 2076
13 2130
14 2020
15 1938
16 1309
17 1768
18 1527
19 1637
20 1031
21 1544
22 1325
23 1467
24 1263
25 1223
26 1381
27 1346
28 1327
29 1273
30 1090
31 1257
32 705
33 1233
34 1201
35 1183
36 992
37 1167
38 1132
39 1125
40 545
41 1085
42 1089
43 1042
44 892
45 1078
46 1054
47 1023
48 868
49 1014
50 417
51 998
52 1018
53 1003
54 997
55 989
56 990
57 984
58 950
59 965
60 777
61 967
62 956
63 936
64 414
65 947
66 950
67 911
68 928
69 929
70 918
71 907
72 735
73 885
74 918
75 921
76 889
77 864
78 890
79 886
80 309
81 873
82 862
83 888
84 872
85 868
86 831
87 827
88 685
89 858
90 667
91 845
92 857
93 855
94 832
95 844
96 681
97 826
98 831
99 850
100 231
101 832
102 823
103 835
104 847
105 831
106 836
107 834
108 832
109 781
110 611
111 835
112 833
113 831
114 829
115 820
116 799
117 804
118 816
119 830
120 632
121 805
122 824
123 789
124 815
125 611
126 799
127 797
128 279
129 788
130 814
131 758
132 819
133 784
134 782
135 796
136 801
137 806
138 806
139 783
140 797
141 781
142 788
143 772
144 618
145 791
146 770
147 763
148 803
149 782
150 591
151 780
152 778
153 771
154 755
155 790
156 783
157 781
158 781
159 772
160 205
161 758
162 770
163 763
164 761
165 782
166 789
167 773
168 773
169 759
170 771
171 764
172 736
173 776
174 734
175 783
176 592
177 781
178 767
179 737
180 576
181 737
182 756
183 784
184 770
185 784
186 768
187 768
188 747
189 773
190 759
191 759
192 598
193 736
194 743
195 757
196 750
197 762
198 769
199 776
200 145
201 739
202 753
203 725
204 746
205 758
206 758
207 758
208 772
209 728
210 756
211 770
212 763
213 733
214 761
215 733
216 761
217 754
218 710
219 759
220 542
221 752
222 766
223 743
224 764
225 771
226 764
227 757
228 762
229 741
230 755
231 762
232 734
233 753
234 739
235 732
236 753
237 746
238 767
239 758
240 569
241 765
242 744
243 723
244 763
245 749
246 728
247 735
248 756
249 742
250 97
251 719
252 740
253 740
254 740
255 726
256 222
257 724
258 731
259 745
260 759
261 731
262 703
263 759
264 764
265 729
266 729
267 757
268 729
269 722
270 743
271 748
272 748
273 755
274 755
275 748
276 755
277 748
278 732
279 746
280 746
281 739
282 732
283 760
284 739
285 718
286 723
287 751
288 569
289 751
290 744
291 723
292 723
293 688
294 716
295 714
296 756
297 728
298 735
299 721
300 546
301 714
302 735
303 735
304 733
305 740
306 726
307 740
308 712
309 719
310 747
311 705
312 740
313 738
314 738
315 731
316 738
317 759
318 731
319 752
320 164
321 752
322 717
323 722
324 729
325 743
326 722
327 750
328 722
329 722
330 743
331 729
332 750
333 743
334 734
335 706
336 734
337 734
338 720
339 741
340 734
341 734
342 727
343 720
344 699
345 718
346 739
347 711
348 697
349 739
350 746
351 746
352 557
353 739
354 746
355 732
356 732
357 732
358 702
359 744
360 541
361 737
362 702
363 716
364 723
365 744
366 751
367 695
368 737
369 695
370 751
371 749
372 735
373 721
374 735
375 756
376 714
377 735
378 742
379 735
380 728
381 700
382 728
383 742
384 567
385 740
386 705
387 712
388 712
389 740
390 726
391 740
392 719
393 733
394 733
395 719
396 740
397 740
398 747
399 733
400 109
401 731
402 710
403 738
404 724
405 703
406 696
407 724
408 717
409 710
410 731
411 731
412 731
413 752
414 731
415 731
416 745
417 687
418 701
419 715
420 729
421 743
422 743
423 715
424 736
425 722
426 708
427 729
428 736
429 729
430 708
431 722
432 736
433 708
434 729
435 727
436 685
437 727
438 734
439 720
440 517
441 734
442 727
443 727
444 741
445 692
446 720
447 706
448 741
449 734
450 517
451 713
452 741
453 727
454 734
455 718
456 739
457 732
458 718
459 704
460 732
461 718
462 739
463 697
464 711
465 718
466 732
467 732
468 718
469 732
470 711
471 711
472 732
473 732
474 725
475 732
476 746
477 723
478 737
479 744
480 548
481 730
482 744
483 716
484 723
485 730
486 702
487 702
488 744
489 702
490 730
491 730
492 709
493 730
494 716
495 744
496 737
497 716
498 723
499 723
500 71
501 707
502 700
503 721
504 721
505 728
506 721
507 721
508 721
509 714
510 707
511 686
512 203
513 728
514 707
515 721
516 714
517 707
518 728
519 735
520 742
521 728
522 714
523 714
524 686
525 735
526 742
527 740
528 747
529 705
530 712
531 719
532 712
533 712
534 740
535 733
536 712
537 733
538 705
539 705
540 726
541 733
542 733
543 719
544 733
545 726
546 740
547 740
548 740
549 726
550 502
551 719
552 740
553 747
554 733
555 726
556 717
557 717
558 731
559 703
560 731
561 724
562 724
563 745
564 717
565 738
566 745
567 710
568 724
569 724
570 703
571 724
572 710
573 689
574 738
575 738
576 556
577 731
578 738
579 724
580 731
581 724
582 710
583 731
584 710
585 738
586 675
587 717
588 703
589 687
590 701
591 736
592 743
593 722
594 715
595 694
596 722
597 750
598 708
599 736
600 533
601 673
602 701
603 729
604 722
605 722
606 722
607 708
608 722
609 694
610 729
611 729
612 715
613 722
614 729
615 736
616 701
617 729
618 708
619 722
620 736
621 736
622 694
623 729
624 729
625 757
626 727
627 734
628 727
629 692
630 720
631 720
632 727
633 720
634 748
635 734
636 720
637 741
638 741
639 706
640 153
641 713
642 741
643 657
644 706
645 741
646 713
647 734
648 720
649 699
650 734
651 741
652 713
653 706
654 741
655 713
656 713
657 706
658 713
659 720
660 734
661 678
662 720
663 713
664 741
665 734
666 734
667 725
668 725
669 690
670 697
671 732
672 725
673 725
674 725
675 718
676 711
677 676
678 732
679 725
680 725
681 711
682 725
683 725
684 718
685 732
686 711
687 704
688 690
689 676
690 711
691 739
692 732
693 725
694 704
695 704
696 690
697 690
698 732
699 725
700 739
701 676
702 739
703 725
704 550
705 732
706 732
707 718
708 739
709 718
710 725
711 718
712 725
713 732
714 725
715 730
716 695
717 716
718 737
719 709
720 534
721 737
722 730
723 744
724 695
725 723
726 709
727 709
728 716
729 730
730 737
731 716
732 744
733 723
734 688
735 716
736 730
737 730
738 688
739 730
740 744
741 709
742 744
743 723
744 730
745 723
746 716
747 716
748 730
749 702
750 513
751 709
752 709
753 681
754 730
755 723
756 737
757 709
758 730
759 737
760 723
761 716
762 695
763 730
764 723
765 730
766 737
767 723
768 562
769 695
770 735
771 686
772 700
773 721
774 707
775 728
776 707
777 735
778 735
779 651
780 721
781 735
782 735
783 728
784 714
785 714
786 728
787 728
788 728
789 742
790 714
791 728
792 735
793 742
794 735
795 707
796 742
797 679
798 728
799 672
800 105
801 721
802 728
803 721
804 707
805 728
806 735
807 707
808 721
809 735
810 700
811 735
812 693
813 714
814 721
815 721
816 714
817 707
818 707
819 735
820 728
821 693
822 728
823 721
824 728
825 735
826 749
827 665
828 728
829 728
830 728
831 735
832 742
833 721
834 684
835 712
836 698
837 733
838 712
839 712
840 726
841 698
842 740
843 719
844 740
845 712
846 712
847 726
848 733
849 733
850 719
851 733
852 705
853 719
854 726
855 740
856 733
857 740
858 726
859 719
860 705
861 712
862 719
863 712
864 733
865 705
866 705
867 726
868 726
869 733
870 726
871 726
872 684
873 733
874 726
875 740
876 733
877 698
878 719
879 698
880 516
881 698
882 733
883 733
884 726
885 712
886 726
887 726
888 740
889 719
890 691
891 719
892 719
893 698
894 705
895 712
896 740
897 712
898 733
899 726
900 516
901 719
902 712
903 740
904 740
905 733
906 726
907 733
908 733
909 712
910 717
911 731
912 738
913 731
914 731
915 731
916 717
917 703
918 703
919 696
920 731
921 724
922 717
923 682
924 738
925 724
926 696
927 731
928 710
929 731
930 717
931 689
932 731
933 682
934 731
935 738
936 717
937 731
938 731
939 738
940 710
941 710
942 710
943 731
944 731
945 717
946 731
947 710
948 724
949 724
950 731
951 745
952 745
953 717
954 724
955 731
956 738
957 717
958 745
959 738
960 549
961 738
962 731
963 731
964 745
965 731
966 717
967 724
968 724
969 717
970 731
971 682
972 703
973 710
974 703
975 717
976 745
977 738
978 703
979 724
980 731
981 724
982 731
983 745
984 710
985 745
986 731
987 724
988 717
989 703
990 745
991 703
992 738
993 745
994 717
995 710
996 724
997 724
998 724
999 731
1000 65
1001 694
1002 708
1003 743
1004 701
1005 680
1006 722
1007 715
1008 722
1009 694
1010 729
1011 729
1012 722
1013 729
1014 722
1015 722
1016 722
1017 736
1018 715
1019 708
1020 708
1021 736
1022 687
1023 715
1024 204
1025 729
1026 729
1027 729
1028 708
1029 743
1030 722
1031 708
1032 715
1033 729
1034 708
1035 750
1036 729
1037 743
1038 736
1039 715
1040 743
1041 708
1042 729
1043 701
1044 715
1045 729
1046 715
1047 736
1048 687
1049 736
1050 736
1051 722
1052 743
1053 743
1054 743
1055 736
1056 750
1057 729
1058 708
1059 701
1060 715
1061 729
1062 722
1063 743
1064 715
1065 743
1066 715
1067 715
1068 743
1069 722
1070 736
1071 743
1072 715
1073 743
1074 736
1075 736
1076 708
1077 736
1078 708
1079 743
1080 729
1081 715
1082 736
1083 729
1084 736
1085 743
1086 722
1087 701
1088 736
1089 750
1090 729
1091 722
1092 743
1093 736
1094 743
1095 729
1096 743
1097 736
1098 729
1099 743
1100 505
1101 736
1102 722
1103 729
1104 743
1105 729
1106 750
1107 687
1108 736
1109 708
1110 729
1111 729
1112 720
1113 720
1114 720
1115 748
1116 734
1117 706
1118 706
1119 706
1120 734
1121 748
1122 727
1123 727
1124 727
1125 741
1126 748
1127 734
1128 720
1129 734
1130 741
1131 699
1132 748
1133 734
1134 713
1135 720
1136 727
1137 741
1138 727
1139 741
1140 706
1141 713
1142 727
1143 741
1144 713
1145 713
1146 692
1147 720
1148 741
1149 727
1150 741
1151 734
1152 559
1153 734
1154 734
1155 741
1156 741
1157 727
1158 727
1159 741
1160 734
1161 734
1162 727
1163 748
1164 713
1165 727
1166 734
1167 727
1168 713
1169 727
1170 741
1171 748
1172 678
1173 713
1174 720
1175 713
1176 706
1177 713
1178 692
1179 734
1180 706
1181 741
1182 741
1183 713
1184 748
1185 748
1186 727
1187 734
1188 720
1189 741
1190 699
1191 734
1192 727
1193 741
1194 755
1195 741
1196 713
1197 713
1198 741
1199 734
1200 538
1201 748
1202 678
1203 741
1204 706
1205 720
1206 734
1207 727
1208 727
1209 734
1210 727
1211 734
1212 727
1213 685
1214 713
1215 678
1216 727
1217 706
1218 699
1219 734
1220 734
1221 706
1222 734
1223 720
1224 720
1225 727
1226 727
1227 741
1228 734
1229 699
1230 741
1231 727
1232 706
1233 734
1234 734
1235 706
1236 713
1237 720
1238 727
1239 720
1240 741
1241 720
1242 741
1243 706
1244 699
1245 699
1246 734
1247 741
1248 734
1249 741
1250 279
1251 683
1252 732
1253 739
1254 739
1255 704
1256 732
1257 746
1258 697
1259 725
1260 725
1261 711
1262 725
1263 725
1264 732
1265 746
1266 725
1267 676
1268 753
1269 697
1270 739
1271 739
1272 725
1273 690
1274 746
1275 732
1276 746
1277 732
1278 711
1279 718
1280 158
1281 718
1282 718
1283 739
1284 746
1285 739
1286 662
1287 732
1288 711
1289 711
1290 746
1291 725
1292 718
1293 704
1294 739
1295 725
1296 725
1297 718
1298 704
1299 697
1300 739
1301 732
1302 746
1303 711
1304 718
1305 732
1306 711
1307 739
1308 746
1309 704
1310 718
1311 704
1312 718
1313 711
1314 711
1315 739
1316 718
1317 732
1318 725
1319 739
1320 739
1321 732
1322 683
1323 739
1324 725
1325 711
1326 718
1327 662
1328 746
1329 746
1330 739
1331 732
1332 739
1333 711
1334 732
1335 732
1336 732
1337 739
1338 697
1339 732
1340 704
1341 711
1342 739
1343 704
1344 732
1345 732
1346 732
1347 711
1348 732
1349 711
1350 725
1351 753
1352 718
1353 732
1354 683
1355 704
1356 739
1357 753
1358 732
1359 732
1360 732
1361 732
1362 718
1363 746
1364 732
1365 732
1366 732
1367 732
1368 725
1369 718
1370 739
1371 746
1372 718
1373 746
1374 711
1407 739
1408 557
1409 739
1410 739
1411 725
1412 739
1413 746
1414 725
1415 739
1416 746
1417 753
1418 725
1419 725
1420 732
1421 718
1422 725
1423 746
1424 732
1425 753
1426 739
1427 725
1428 732
1429 730
1430 737
1431 751
1432 702
1433 688
1434 723
1435 716
1436 744
1437 723
1438 716
1439 702
1440 541
1441 744
1442 744
1443 730
1444 737
1445 730
1446 751
1447 751
1448 702
1449 737
1450 730
1451 695
1452 716
1453 702
1454 716
1455 716
1456 723
1457 744
1458 737
1459 723
1460 744
1461 709
1462 723
1463 681
1464 751
1465 751
1466 730
1467 709
1468 695
1469 723
1470 723
1471 751
1472 737
1473 723
1474 737
1475 730
1476 695
1477 723
1478 737
1479 744
1480 751
1481 716
1482 716
1483 723
1484 751
1485 737
1486 730
1487 744
1488 737
1489 723
1490 730
1491 744
1492 723
1493 688
1494 723
1495 723
1496 737
1497 737
1498 709
1499 744
1500 520
1501 737
1502 716
1503 702
1504 716
1505 702
1506 688
1507 751
1508 737
1509 751
1510 730
1511 723
1512 744
1513 709
1514 716
1515 709
1516 737
1517 737
1518 744
1519 723
1520 730
1521 730
1522 723
1523 737
1524 702
1525 709
1526 737
1527 744
1528 730
1529 751
1530 737
1531 695
1532 744
1533 744
1534 730
1535 730
1536 569
1537 737
1538 702
1539 716
1540 744
1541 716
1542 695
1543 737
1544 709
1545 737
1546 730
1547 744
1548 716
1549 730
1550 737
1551 737
1552 716
1553 751
1554 744
1555 730
1556 744
1557 730
1558 660
1559 737
1560 730
1561 688
1562 744
1563 709
1564 744
1565 744
1566 737
1567 723
1568 723
1569 716
1570 723
1571 730
1572 737
1573 744
1574 737
1575 737
1576 737
1577 716
1578 751
1579 730
1580 723
1581 744
1582 737
1583 744
1584 744
1585 730
1586 751
1587 695
1588 744
1589 730
1590 716
1591 709
1592 751
1593 737
1594 688
1595 723
1596 737
1597 744
1598 681
1599 716
1600 114
1601 723
1602 730
1603 744
1604 737
1605 744
1606 730
1607 751
1608 716
1609 723
1610 737
1611 730
1612 744
1613 737
1614 716
1615 723
1616 730
1617 744
1618 744
1619 737
1620 709
1621 723
1622 744
1623 716
1624 702
1625 730
1626 723
1627 737
1628 730
1629 702
1630 730
1631 723
1632 723
1633 744
1634 716
1635 730
1636 716
1637 730
1638 744
1639 744
1640 737
1641 730
1642 702
1643 723
1644 737
1645 730
1646 730
1647 723
1648 737
1649 723
1650 744
1651 737
1652 758
1653 751
1654 674
1655 744
1656 737
1657 751
1658 737
1659 758
1660 737
1661 730
1662 744
1663 751
1664 751
1665 737
1666 730
1876 742
1877 742
1878 749
1879 700
1880 721
1881 714
1882 721
1883 749
1884 721
1885 728
1886 742
1887 742
1888 742
1889 749
1890 728
1891 728
1892 742
1893 742
1894 721
1895 714
1896 735
1897 735
1898 735
1899 714
1900 742
1901 714
1902 756
1903 700
1904 756
1905 742
1906 728
1907 749
1908 735
1909 735
1910 742
1911 749
1912 749
1913 749
1914 728
1915 735
1916 756
1917 707
1918 749
1919 749
1920 560
1921 742
1922 749
1923 700
1924 742
1925 749
1926 742
1927 686
1928 756
1929 637
1930 742
1931 714
1932 728
1933 735
1934 735
1935 728
1936 735
1937 707
1938 728
1939 707
1940 742
1941 742
1942 693
1943 742
1944 714
1945 728
1946 721
1947 749
1948 714
1949 756
1950 728
1951 721
1952 756
1953 749
1954 749
1955 749
1956 714
1957 721
1958 735
1959 714
1960 742
1961 763
1962 735
1963 735
1964 742
1965 693
1966 756
1967 756
1968 721
1969 714
1970 756
1971 728
1972 742
1973 721
1974 735
1975 714
1976 728
1977 749
1978 714
1979 756
1980 756
1981 735
1982 714
1983 749
1984 749
1985 735
1986 756
1987 714
1988 728
1989 721
1990 721
1991 749
1992 735
1993 756
1994 735
1995 742
1996 735
1997 742
1998 742
1999 749
2000 69
