0 1
0.005 0.999999
0.01 0.999998
0.015 0.999996
0.02 0.999992
0.025 0.999988
0.03 0.999982
0.035 0.999976
0.04 0.999968
0.045 0.99996
0.05 0.99995
0.055 0.99994
0.06 0.999929
0.065 0.999917
0.07 0.999904
0.075 0.99989
0.08 0.999875
0.085 0.999859
0.09 0.999842
0.095 0.999825
0.1 0.999806
0.105 0.999787
0.11 0.999767
0.115 0.999747
0.12 0.999725
0.125 0.999703
0.13 0.99968
0.135 0.999657
0.14 0.999632
0.145 0.999608
0.15 0.999582
0.155 0.999556
0.16 0.999529
0.165 0.999502
0.17 0.999475
0.175 0.999446
0.18 0.999418
0.185 0.999389
0.19 0.999359
0.195 0.99933
0.2 0.999299
0.205 0.999269
0.21 0.999238
0.215 0.999207
0.22 0.999176
0.225 0.999145
0.23 0.999113
0.235 0.999081
0.24 0.99905
0.245 0.999018
0.25 0.998986
0.255 0.998954
0.26 0.998922
0.265 0.998891
0.27 0.998859
0.275 0.998827
0.28 0.998796
0.285 0.998765
0.29 0.998734
0.295 0.998703
0.3 0.998673
0.305 0.998642
0.31 0.998613
0.315 0.998583
0.32 0.998554
0.325 0.998526
0.33 0.998497
0.335 0.99847
0.34 0.998443
0.345 0.998416
0.35 0.99839
0.355 0.998365
0.36 0.99834
0.365 0.998316
0.37 0.998292
0.375 0.998269
0.38 0.998247
0.385 0.998226
0.39 0.998205
0.395 0.998185
0.4 0.998166
0.405 0.998148
0.41 0.998131
0.415 0.998114
0.42 0.998098
0.425 0.998083
0.43 0.99807
0.435 0.998056
0.44 0.998044
0.445 0.998033
0.45 0.998023
0.455 0.998014
0.46 0.998005
0.465 0.997998
0.47 0.997992
0.475 0.997986
0.48 0.997982
0.485 0.997979
0.49 0.997976
0.495 0.997975
0.5 0.997975
0.505 0.997975
0.51 0.997977
0.515 0.99798
0.52 0.997983
0.525 0.997988
0.53 0.997994
0.535 0.998
0.54 0.998008
0.545 0.998016
0.55 0.998026
0.555 0.998037
0.56 0.998048
0.565 0.99806
0.57 0.998074
0.575 0.998088
0.58 0.998103
0.585 0.998119
0.59 0.998136
0.595 0.998153
0.6 0.998172
0.605 0.998191
0.61 0.998211
0.615 0.998232
0.62 0.998254
0.625 0.998276
0.63 0.998299
0.635 0.998323
0.64 0.998347
0.645 0.998372
0.65 0.998398
0.655 0.998424
0.66 0.998451
0.665 0.998478
0.67 0.998506
0.675 0.998534
0.68 0.998563
0.685 0.998592
0.69 0.998622
0.695 0.998652
0.7 0.998682
0.705 0.998712
0.71 0.998743
0.715 0.998774
0.72 0.998805
0.725 0.998837
0.73 0.998868
0.735 0.9989
0.74 0.998932
0.745 0.998964
0.75 0.998996
0.755 0.999027
0.76 0.999059
0.765 0.999091
0.77 0.999123
0.775 0.999154
0.78 0.999185
0.785 0.999217
0.79 0.999248
0.795 0.999278
0.8 0.999309
0.805 0.999339
0.81 0.999368
0.815 0.999398
0.82 0.999427
0.825 0.999455
0.83 0.999483
0.835 0.999511
0.84 0.999538
0.845 0.999564
0.85 0.99959
0.855 0.999615
0.86 0.99964
0.865 0.999664
0.87 0.999687
0.875 0.99971
0.88 0.999732
0.885 0.999753
0.89 0.999773
0.895 0.999793
0.9 0.999812
0.905 0.99983
0.91 0.999847
0.915 0.999864
0.92 0.999879
0.925 0.999894
0.93 0.999908
0.935 0.99992
0.94 0.999932
0.945 0.999943
0.95 0.999953
0.955 0.999962
0.96 0.999971
0.965 0.999978
0.97 0.999984
0.975 0.999989
0.98 0.999993
0.985 0.999996
0.99 0.999999
0.995 1
1 1
1.005 0.999999
1.01 0.999997
1.015 0.999995
1.02 0.999991
1.025 0.999986
1.03 0.99998
1.035 0.999973
1.04 0.999966
1.045 0.999957
1.05 0.999947
1.055 0.999937
1.06 0.999925
1.065 0.999913
1.07 0.999899
1.075 0.999885
1.08 0.99987
1.085 0.999854
1.09 0.999837
1.095 0.999819
1.1 0.999801
1.105 0.999781
1.11 0.999761
1.115 0.99974
1.12 0.999719
1.125 0.999696
1.13 0.999673
1.135 0.999649
1.14 0.999625
1.145 0.9996
1.15 0.999574
1.155 0.999548
1.16 0.999521
1.165 0.999494
1.17 0.999466
1.175 0.999438
1.18 0.999409
1.185 0.99938
1.19 0.99935
1.195 0.99932
1.2 0.99929
1.205 0.99926
1.21 0.999229
1.215 0.999198
1.22 0.999166
1.225 0.999135
1.23 0.999103
1.235 0.999072
1.24 0.99904
1.245 0.999008
1.25 0.998976
1.255 0.998944
1.26 0.998913
1.265 0.998881
1.27 0.998849
1.275 0.998818
1.28 0.998786
1.285 0.998755
1.29 0.998724
1.295 0.998694
1.3 0.998663
1.305 0.998633
1.31 0.998604
1.315 0.998574
1.32 0.998545
1.325 0.998517
1.33 0.998489
1.335 0.998462
1.34 0.998435
1.345 0.998408
1.35 0.998382
1.355 0.998357
1.36 0.998332
1.365 0.998308
1.37 0.998285
1.375 0.998262
1.38 0.998241
1.385 0.998219
1.39 0.998199
1.395 0.998179
1.4 0.998161
1.405 0.998143
1.41 0.998125
1.415 0.998109
1.42 0.998094
1.425 0.998079
1.43 0.998065
1.435 0.998053
1.44 0.998041
1.445 0.99803
1.45 0.99802
1.455 0.998011
1.46 0.998003
1.465 0.997996
1.47 0.99799
1.475 0.997985
1.48 0.997981
1.485 0.997978
1.49 0.997976
1.495 0.997975
1.5 0.997975
1.505 0.997976
1.51 0.997978
1.515 0.997981
1.52 0.997985
1.525 0.99799
1.53 0.997996
1.535 0.998002
1.54 0.99801
1.545 0.998019
1.55 0.998029
1.555 0.99804
1.56 0.998052
1.565 0.998064
1.57 0.998078
1.575 0.998092
1.58 0.998108
1.585 0.998124
1.59 0.998141
1.595 0.998159
1.6 0.998178
1.605 0.998197
1.61 0.998218
1.615 0.998239
1.62 0.99826
1.625 0.998283
1.63 0.998306
1.635 0.99833
1.64 0.998355
1.645 0.99838
1.65 0.998406
1.655 0.998432
1.66 0.998459
1.665 0.998487
1.67 0.998515
1.675 0.998543
1.68 0.998572
1.685 0.998601
1.69 0.998631
1.695 0.998661
1.7 0.998691
1.705 0.998722
1.71 0.998753
1.715 0.998784
1.72 0.998815
1.725 0.998846
1.73 0.998878
1.735 0.99891
1.74 0.998942
1.745 0.998973
1.75 0.999005
1.755 0.999037
1.76 0.999069
1.765 0.999101
1.77 0.999132
1.775 0.999164
1.78 0.999195
1.785 0.999226
1.79 0.999257
1.795 0.999287
1.8 0.999318
1.805 0.999348
1.81 0.999377
1.815 0.999406
1.82 0.999435
1.825 0.999464
1.83 0.999491
1.835 0.999519
1.84 0.999546
1.845 0.999572
1.85 0.999598
1.855 0.999623
1.86 0.999647
1.865 0.999671
1.87 0.999694
1.875 0.999717
1.88 0.999738
1.885 0.999759
1.89 0.99978
1.895 0.999799
1.9 0.999818
1.905 0.999835
1.91 0.999852
1.915 0.999869
1.92 0.999884
1.925 0.999898
1.93 0.999912
1.935 0.999924
1.94 0.999936
1.945 0.999946
1.95 0.999956
1.955 0.999965
1.96 0.999973
1.965 0.99998
1.97 0.999985
1.975 0.99999
1.98 0.999994
1.985 0.999997
1.99 0.999999
1.995 1
2 1
2.005 0.999999
2.01 0.999997
2.015 0.999993
2.02 0.999989
2.025 0.999984
2.03 0.999978
2.035 0.999971
2.04 0.999963
2.045 0.999954
2.05 0.999944
2.055 0.999933
2.06 0.999922
2.065 0.999909
2.07 0.999895
2.075 0.999881
2.08 0.999865
2.085 0.999849
2.09 0.999832
2.095 0.999814
2.1 0.999795
2.105 0.999775
2.11 0.999755
2.115 0.999734
2.12 0.999712
2.125 0.999689
2.13 0.999666
2.135 0.999642
2.14 0.999617
2.145 0.999592
2.15 0.999566
2.155 0.99954
2.16 0.999513
2.165 0.999485
2.17 0.999457
2.175 0.999429
2.18 0.9994
2.185 0.999371
2.19 0.999341
2.195 0.999311
2.2 0.999281
2.205 0.99925
2.21 0.999219
2.215 0.999188
2.22 0.999157
2.225 0.999125
2.23 0.999094
2.235 0.999062
2.24 0.99903
2.245 0.998998
2.25 0.998967
2.255 0.998935
2.26 0.998903
2.265 0.998871
2.27 0.99884
2.275 0.998808
2.28 0.998777
2.285 0.998746
2.29 0.998715
2.295 0.998685
2.3 0.998654
2.305 0.998624
2.31 0.998595
2.315 0.998566
2.32 0.998537
2.325 0.998508
2.33 0.998481
2.335 0.998453
2.34 0.998426
2.345 0.9984
2.35 0.998375
2.355 0.998349
2.36 0.998325
2.365 0.998301
2.37 0.998278
2.375 0.998256
2.38 0.998234
2.385 0.998213
2.39 0.998193
2.395 0.998174
2.4 0.998155
2.405 0.998137
2.41 0.99812
2.415 0.998104
2.42 0.998089
2.425 0.998075
2.43 0.998061
2.435 0.998049
2.44 0.998037
2.445 0.998027
2.45 0.998017
2.455 0.998009
2.46 0.998001
2.465 0.997994
2.47 0.997988
2.475 0.997984
2.48 0.99798
2.485 0.997977
2.49 0.997975
2.495 0.997975
2.5 0.997975
2.505 0.997976
2.51 0.997979
2.515 0.997982
2.52 0.997986
2.525 0.997991
2.53 0.997998
2.535 0.998005
2.54 0.998013
2.545 0.998022
2.55 0.998032
2.555 0.998043
2.56 0.998055
2.565 0.998068
2.57 0.998082
2.575 0.998097
2.58 0.998113
2.585 0.998129
2.59 0.998146
2.595 0.998165
2.6 0.998184
2.605 0.998203
2.61 0.998224
2.615 0.998245
2.62 0.998267
2.625 0.99829
2.63 0.998313
2.635 0.998338
2.64 0.998362
2.645 0.998388
2.65 0.998414
2.655 0.99844
2.66 0.998467
2.665 0.998495
2.67 0.998523
2.675 0.998552
2.68 0.998581
2.685 0.99861
2.69 0.99864
2.695 0.99867
2.7 0.9987
2.705 0.998731
2.71 0.998762
2.715 0.998793
2.72 0.998825
2.725 0.998856
2.73 0.998888
2.735 0.998919
2.74 0.998951
2.745 0.998983
2.75 0.999015
2.755 0.999047
2.76 0.999079
2.765 0.99911
2.77 0.999142
2.775 0.999173
2.78 0.999204
2.785 0.999235
2.79 0.999266
2.795 0.999297
2.8 0.999327
2.805 0.999357
2.81 0.999386
2.815 0.999415
2.82 0.999444
2.825 0.999472
2.83 0.9995
2.835 0.999527
2.84 0.999554
2.845 0.99958
2.85 0.999605
2.855 0.99963
2.86 0.999654
2.865 0.999678
2.87 0.999701
2.875 0.999723
2.88 0.999745
2.885 0.999766
2.89 0.999786
2.895 0.999805
2.9 0.999823
2.905 0.999841
2.91 0.999857
2.915 0.999873
2.92 0.999888
2.925 0.999902
2.93 0.999915
2.935 0.999928
2.94 0.999939
2.945 0.999949
2.95 0.999959
2.955 0.999967
2.96 0.999975
2.965 0.999981
2.97 0.999987
2.975 0.999992
2.98 0.999995
2.985 0.999998
2.99 0.999999
2.995 1
3 1
3.005 0.999998
3.01 0.999996
3.015 0.999992
3.02 0.999988
3.025 0.999983
3.03 0.999976
3.035 0.999969
3.04 0.999961
3.045 0.999951
3.05 0.999941
3.055 0.99993
3.06 0.999918
3.065 0.999905
3.07 0.999891
3.075 0.999876
3.08 0.99986
3.085 0.999844
3.09 0.999826
3.095 0.999808
3.1 0.999789
3.105 0.999769
3.11 0.999749
3.115 0.999727
3.12 0.999705
3.125 0.999682
3.13 0.999659
3.135 0.999635
3.14 0.99961
3.145 0.999584
3.15 0.999558
3.155 0.999532
3.16 0.999505
3.165 0.999477
3.17 0.999449
3.175 0.99942
3.18 0.999391
3.185 0.999362
3.19 0.999332
3.195 0.999302
3.2 0.999272
3.205 0.999241
3.21 0.99921
3.215 0.999179
3.22 0.999147
3.225 0.999116
3.23 0.999084
3.235 0.999052
3.24 0.999021
3.245 0.998989
3.25 0.998957
3.255 0.998925
3.26 0.998893
3.265 0.998862
3.27 0.99883
3.275 0.998799
3.28 0.998767
3.285 0.998736
3.29 0.998706
3.295 0.998675
3.3 0.998645
3.305 0.998615
3.31 0.998586
3.315 0.998557
3.32 0.998528
3.325 0.9985
3.33 0.998472
3.335 0.998445
3.34 0.998418
3.345 0.998392
3.35 0.998367
3.355 0.998342
3.36 0.998318
3.365 0.998294
3.37 0.998271
3.375 0.998249
3.38 0.998228
3.385 0.998207
3.39 0.998187
3.395 0.998168
3.4 0.99815
3.405 0.998132
3.41 0.998115
3.415 0.9981
3.42 0.998085
3.425 0.998071
3.43 0.998058
3.435 0.998045
3.44 0.998034
3.445 0.998024
3.45 0.998015
3.455 0.998006
3.46 0.997999
3.465 0.997992
3.47 0.997987
3.475 0.997982
3.48 0.997979
3.485 0.997977
3.49 0.997975
3.495 0.997975
3.5 0.997975
3.505 0.997977
3.51 0.997979
3.515 0.997983
3.52 0.997988
3.525 0.997993
3.53 0.998
3.535 0.998007
3.54 0.998016
3.545 0.998025
3.55 0.998036
3.555 0.998047
3.56 0.998059
3.565 0.998072
3.57 0.998087
3.575 0.998102
3.58 0.998117
3.585 0.998134
3.59 0.998152
3.595 0.99817
3.6 0.998189
3.605 0.998209
3.61 0.99823
3.615 0.998252
3.62 0.998274
3.625 0.998297
3.63 0.998321
3.635 0.998345
3.64 0.99837
3.645 0.998396
3.65 0.998422
3.655 0.998448
3.66 0.998476
3.665 0.998503
3.67 0.998532
3.675 0.99856
3.68 0.99859
3.685 0.998619
3.69 0.998649
3.695 0.998679
3.7 0.99871
3.705 0.99874
3.71 0.998771
3.715 0.998803
3.72 0.998834
3.725 0.998866
3.73 0.998897
3.735 0.998929
3.74 0.998961
3.745 0.998993
3.75 0.999025
3.755 0.999056
3.76 0.999088
3.765 0.99912
3.77 0.999151
3.775 0.999183
3.78 0.999214
3.785 0.999245
3.79 0.999275
3.795 0.999306
3.8 0.999336
3.805 0.999366
3.81 0.999395
3.815 0.999424
3.82 0.999452
3.825 0.999481
3.83 0.999508
3.835 0.999535
3.84 0.999562
3.845 0.999588
3.85 0.999613
3.855 0.999638
3.86 0.999662
3.865 0.999685
3.87 0.999708
3.875 0.99973
3.88 0.999751
3.885 0.999772
3.89 0.999791
3.895 0.99981
3.9 0.999829
3.905 0.999846
3.91 0.999862
3.915 0.999878
3.92 0.999893
3.925 0.999906
3.93 0.999919
3.935 0.999931
3.94 0.999942
3.945 0.999952
3.95 0.999962
3.955 0.99997
3.96 0.999977
3.965 0.999983
3.97 0.999989
3.975 0.999993
3.98 0.999996
3.985 0.999998
3.99 1
3.995 1
4 0.999999
4.005 0.999998
4.01 0.999995
4.015 0.999991
4.02 0.999986
4.025 0.999981
4.03 0.999974
4.035 0.999966
4.04 0.999958
4.045 0.999948
4.05 0.999938
4.055 0.999926
4.06 0.999914
4.065 0.999901
4.07 0.999886
4.075 0.999871
4.08 0.999855
4.085 0.999838
4.09 0.999821
4.095 0.999802
4.1 0.999783
4.105 0.999763
4.11 0.999742
4.115 0.999721
4.12 0.999698
4.125 0.999675
4.13 0.999651
4.135 0.999627
4.14 0.999602
4.145 0.999576
4.15 0.99955
4.155 0.999524
4.16 0.999496
4.165 0.999469
4.17 0.99944
4.175 0.999412
4.18 0.999382
4.185 0.999353
4.19 0.999323
4.195 0.999293
4.2 0.999262
4.205 0.999232
4.21 0.9992
4.215 0.999169
4.22 0.999138
4.225 0.999106
4.23 0.999075
4.235 0.999043
4.24 0.999011
4.245 0.998979
4.25 0.998947
4.255 0.998915
4.26 0.998884
4.265 0.998852
4.27 0.998821
4.275 0.998789
4.28 0.998758
4.285 0.998727
4.29 0.998696
4.295 0.998666
4.3 0.998636
4.305 0.998606
4.31 0.998577
4.315 0.998548
4.32 0.99852
4.325 0.998491
4.33 0.998464
4.335 0.998437
4.34 0.99841
4.345 0.998385
4.35 0.998359
4.355 0.998335
4.36 0.99831
4.365 0.998287
4.37 0.998264
4.375 0.998242
4.38 0.998221
4.385 0.998201
4.39 0.998181
4.395 0.998162
4.4 0.998144
4.405 0.998127
4.41 0.99811
4.415 0.998095
4.42 0.99808
4.425 0.998067
4.43 0.998054
4.435 0.998042
4.44 0.998031
4.445 0.998021
4.45 0.998012
4.455 0.998004
4.46 0.997997
4.465 0.997991
4.47 0.997985
4.475 0.997981
4.48 0.997978
4.485 0.997976
4.49 0.997975
4.495 0.997975
4.5 0.997976
4.505 0.997977
4.51 0.99798
4.515 0.997984
4.52 0.997989
4.525 0.997995
4.53 0.998002
4.535 0.99801
4.54 0.998018
4.545 0.998028
4.55 0.998039
4.555 0.998051
4.56 0.998063
4.565 0.998077
4.57 0.998091
4.575 0.998106
4.58 0.998122
4.585 0.998139
4.59 0.998157
4.595 0.998176
4.6 0.998195
4.605 0.998216
4.61 0.998237
4.615 0.998258
4.62 0.998281
4.625 0.998304
4.63 0.998328
4.635 0.998353
4.64 0.998378
4.645 0.998403
4.65 0.99843
4.655 0.998457
4.66 0.998484
4.665 0.998512
4.67 0.99854
4.675 0.998569
4.68 0.998598
4.685 0.998628
4.69 0.998658
4.695 0.998688
4.7 0.998719
4.705 0.99875
4.71 0.998781
4.715 0.998812
4.72 0.998844
4.725 0.998875
4.73 0.998907
4.735 0.998939
4.74 0.998971
4.745 0.999002
4.75 0.999034
4.755 0.999066
4.76 0.999098
4.765 0.999129
4.77 0.999161
4.775 0.999192
4.78 0.999223
4.785 0.999254
4.79 0.999285
4.795 0.999315
4.8 0.999345
4.805 0.999375
4.81 0.999404
4.815 0.999433
4.82 0.999461
4.825 0.999489
4.83 0.999516
4.835 0.999543
4.84 0.99957
4.845 0.999595
4.85 0.99962
4.855 0.999645
4.86 0.999669
4.865 0.999692
4.87 0.999715
4.875 0.999736
4.88 0.999757
4.885 0.999778
4.89 0.999797
4.895 0.999816
4.9 0.999834
4.905 0.999851
4.91 0.999867
4.915 0.999882
4.92 0.999897
4.925 0.99991
4.93 0.999923
4.935 0.999935
4.94 0.999946
4.945 0.999955
4.95 0.999964
4.955 0.999972
4.96 0.999979
4.965 0.999985
4.97 0.99999
4.975 0.999994
4.98 0.999997
4.985 0.999999
4.99 1
4.995 1
