0 1
0.005 1.00049
0.01 1.00098
0.015 1.00148
0.02 1.00197
0.025 1.00247
0.03 1.00297
0.035 1.00348
0.04 1.004
0.045 1.00453
0.05 1.00507
0.055 1.00562
0.06 1.00618
0.065 1.00676
0.07 1.00735
0.075 1.00796
0.08 1.00859
0.085 1.00924
0.09 1.00991
0.095 1.01061
0.1 1.01132
0.105 1.01206
0.11 1.01283
0.115 1.01362
0.12 1.01444
0.125 1.01529
0.13 1.01617
0.135 1.01708
0.14 1.01801
0.145 1.01899
0.15 1.01999
0.155 1.02103
0.16 1.0221
0.165 1.02321
0.17 1.02435
0.175 1.02553
0.18 1.02675
0.185 1.028
0.19 1.02929
0.195 1.03062
0.2 1.03198
0.205 1.03339
0.21 1.03483
0.215 1.03632
0.22 1.03784
0.225 1.0394
0.23 1.041
0.235 1.04264
0.24 1.04432
0.245 1.04604
0.25 1.0478
0.255 1.04959
0.26 1.05143
0.265 1.0533
0.27 1.05522
0.275 1.05717
0.28 1.05916
0.285 1.06118
0.29 1.06325
0.295 1.06535
0.3 1.06748
0.305 1.06965
0.31 1.07186
0.315 1.0741
0.32 1.07637
0.325 1.07868
0.33 1.08101
0.335 1.08338
0.34 1.08579
0.345 1.08822
0.35 1.09068
0.355 1.09317
0.36 1.09568
0.365 1.09823
0.37 1.1008
0.375 1.10339
0.38 1.10601
0.385 1.10865
0.39 1.11132
0.395 1.114
0.4 1.11671
0.405 1.11944
0.41 1.12218
0.415 1.12495
0.42 1.12773
0.425 1.13052
0.43 1.13333
0.435 1.13616
0.44 1.139
0.445 1.14185
0.45 1.14471
0.455 1.14758
0.46 1.15046
0.465 1.15335
0.47 1.15624
0.475 1.15915
0.48 1.16205
0.485 1.16497
0.49 1.16788
0.495 1.1708
0.5 1.17372
0.505 1.17664
0.51 1.17956
0.515 1.18248
0.52 1.1854
0.525 1.18831
0.53 1.19122
0.535 1.19413
0.54 1.19703
0.545 1.19993
0.55 1.20282
0.555 1.2057
0.56 1.20857
0.565 1.21143
0.57 1.21428
0.575 1.21712
0.58 1.21995
0.585 1.22277
0.59 1.22557
0.595 1.22836
0.6 1.23114
0.605 1.2339
0.61 1.23664
0.615 1.23937
0.62 1.24208
0.625 1.24478
0.63 1.24745
0.635 1.25011
0.64 1.25274
0.645 1.25536
0.65 1.25796
0.655 1.26053
0.66 1.26308
0.665 1.26562
0.67 1.26812
0.675 1.27061
0.68 1.27307
0.685 1.27551
0.69 1.27792
0.695 1.28031
0.7 1.28267
0.705 1.28501
0.71 1.28732
0.715 1.28961
0.72 1.29186
0.725 1.29409
0.73 1.2963
0.735 1.29847
0.74 1.30062
0.745 1.30274
0.75 1.30483
0.755 1.30689
0.76 1.30892
0.765 1.31092
0.77 1.31289
0.775 1.31483
0.78 1.31675
0.785 1.31863
0.79 1.32048
0.795 1.3223
0.8 1.32409
0.805 1.32584
0.81 1.32757
0.815 1.32927
0.82 1.33093
0.825 1.33256
0.83 1.33416
0.835 1.33573
0.84 1.33727
0.845 1.33878
0.85 1.34025
0.855 1.34169
0.86 1.3431
0.865 1.34448
0.87 1.34582
0.875 1.34713
0.88 1.34842
0.885 1.34966
0.89 1.35088
0.895 1.35207
0.9 1.35322
0.905 1.35434
0.91 1.35543
0.915 1.35649
0.92 1.35751
0.925 1.3585
0.93 1.35947
0.935 1.3604
0.94 1.3613
0.945 1.36217
0.95 1.363
0.955 1.36381
0.96 1.36459
0.965 1.36533
0.97 1.36605
0.975 1.36673
0.98 1.36739
0.985 1.36801
0.99 1.36861
0.995 1.36917
1 1.36971
1.005 1.37022
1.01 1.3707
1.015 1.37115
1.02 1.37157
1.025 1.37196
1.03 1.37233
1.035 1.37267
1.04 1.37298
1.045 1.37327
1.05 1.37353
1.055 1.37376
1.06 1.37397
1.065 1.37415
1.07 1.37431
1.075 1.37444
1.08 1.37455
1.085 1.37463
1.09 1.37469
1.095 1.37473
1.1 1.37474
1.105 1.37473
1.11 1.3747
1.115 1.37465
1.12 1.37457
1.125 1.37448
1.13 1.37436
1.135 1.37422
1.14 1.37407
1.145 1.37389
1.15 1.3737
1.155 1.37349
1.16 1.37326
1.165 1.37301
1.17 1.37275
1.175 1.37247
1.18 1.37217
1.185 1.37186
1.19 1.37154
1.195 1.3712
1.2 1.37084
1.205 1.37048
1.21 1.3701
1.215 1.3697
1.22 1.3693
1.225 1.36889
1.23 1.36846
1.235 1.36803
1.24 1.36758
1.245 1.36713
1.25 1.36667
1.255 1.3662
1.26 1.36572
1.265 1.36524
1.27 1.36475
1.275 1.36425
1.28 1.36375
1.285 1.36325
1.29 1.36275
1.295 1.36224
1.3 1.36172
1.305 1.36121
1.31 1.3607
1.315 1.36018
1.32 1.35967
1.325 1.35915
1.33 1.35864
1.335 1.35813
1.34 1.35762
1.345 1.35712
1.35 1.35661
1.355 1.35612
1.36 1.35563
1.365 1.35514
1.37 1.35466
1.375 1.35419
1.38 1.35373
1.385 1.35327
1.39 1.35282
1.395 1.35238
1.4 1.35196
1.405 1.35154
1.41 1.35113
1.415 1.35074
1.42 1.35036
1.425 1.34999
1.43 1.34964
1.435 1.3493
1.44 1.34897
1.445 1.34866
1.45 1.34837
1.455 1.34809
1.46 1.34783
1.465 1.34759
1.47 1.34737
1.475 1.34716
1.48 1.34698
1.485 1.34681
1.49 1.34667
1.495 1.34654
1.5 1.34644
1.505 1.34636
1.51 1.3463
1.515 1.34626
1.52 1.34625
1.525 1.34626
1.53 1.34629
1.535 1.34635
1.54 1.34644
1.545 1.34655
1.55 1.34668
1.555 1.34685
1.56 1.34703
1.565 1.34725
1.57 1.34749
1.575 1.34776
1.58 1.34806
1.585 1.34839
1.59 1.34874
1.595 1.34912
1.6 1.34953
1.605 1.34998
1.61 1.35045
1.615 1.35095
1.62 1.35148
1.625 1.35204
1.63 1.35263
1.635 1.35325
1.64 1.3539
1.645 1.35458
1.65 1.35529
1.655 1.35604
1.66 1.35681
1.665 1.35762
1.67 1.35845
1.675 1.35932
1.68 1.36022
1.685 1.36115
1.69 1.36211
1.695 1.3631
1.7 1.36413
1.705 1.36518
1.71 1.36626
1.715 1.36738
1.72 1.36853
1.725 1.3697
1.73 1.37091
1.735 1.37215
1.74 1.37342
1.745 1.37471
1.75 1.37604
1.755 1.3774
1.76 1.37879
1.765 1.3802
1.77 1.38165
1.775 1.38312
1.78 1.38462
1.785 1.38615
1.79 1.38771
1.795 1.3893
1.8 1.39091
1.805 1.39255
1.81 1.39422
1.815 1.39592
1.82 1.39763
1.825 1.39938
1.83 1.40115
1.835 1.40295
1.84 1.40477
1.845 1.40661
1.85 1.40848
1.855 1.41037
1.86 1.41229
1.865 1.41423
1.87 1.41619
1.875 1.41817
1.88 1.42017
1.885 1.42219
1.89 1.42424
1.895 1.4263
1.9 1.42839
1.905 1.43049
1.91 1.43261
1.915 1.43475
1.92 1.43691
1.925 1.43908
1.93 1.44127
1.935 1.44348
1.94 1.4457
1.945 1.44794
1.95 1.4502
1.955 1.45246
1.96 1.45474
1.965 1.45704
1.97 1.45935
1.975 1.46166
1.98 1.464
1.985 1.46634
1.99 1.46869
1.995 1.47105
2 1.47343
2.005 1.47581
2.01 1.4782
2.015 1.4806
2.02 1.48301
2.025 1.48542
2.03 1.48785
2.035 1.49027
2.04 1.49271
2.045 1.49515
2.05 1.49759
2.055 1.50004
2.06 1.50249
2.065 1.50495
2.07 1.50741
2.075 1.50987
2.08 1.51233
2.085 1.5148
2.09 1.51726
2.095 1.51973
2.1 1.52219
2.105 1.52466
2.11 1.52713
2.115 1.52959
2.12 1.53205
2.125 1.53452
2.13 1.53697
2.135 1.53943
2.14 1.54188
2.145 1.54433
2.15 1.54678
2.155 1.54922
2.16 1.55165
2.165 1.55408
2.17 1.5565
2.175 1.55892
2.18 1.56133
2.185 1.56374
2.19 1.56613
2.195 1.56852
2.2 1.5709
2.205 1.57328
2.21 1.57564
2.215 1.578
2.22 1.58034
2.225 1.58268
2.23 1.585
2.235 1.58732
2.24 1.58962
2.245 1.59191
2.25 1.5942
2.255 1.59646
2.26 1.59872
2.265 1.60097
2.27 1.6032
2.275 1.60542
2.28 1.60763
2.285 1.60982
2.29 1.612
2.295 1.61416
2.3 1.61631
2.305 1.61845
2.31 1.62057
2.315 1.62267
2.32 1.62476
2.325 1.62684
2.33 1.62889
2.335 1.63094
2.34 1.63296
2.345 1.63497
2.35 1.63696
2.355 1.63894
2.36 1.64089
2.365 1.64283
2.37 1.64476
2.375 1.64666
2.38 1.64855
2.385 1.65042
2.39 1.65226
2.395 1.6541
2.4 1.65591
2.405 1.6577
2.41 1.65947
2.415 1.66123
2.42 1.66296
2.425 1.66468
2.43 1.66637
2.435 1.66805
2.44 1.6697
2.445 1.67134
2.45 1.67295
2.455 1.67454
2.46 1.67612
2.465 1.67767
2.47 1.6792
2.475 1.68071
2.48 1.6822
2.485 1.68367
2.49 1.68511
2.495 1.68654
2.5 1.68794
2.505 1.68932
2.51 1.69068
2.515 1.69202
2.52 1.69334
2.525 1.69463
2.53 1.69591
2.535 1.69716
2.54 1.69838
2.545 1.69959
2.55 1.70077
2.555 1.70193
2.56 1.70307
2.565 1.70419
2.57 1.70528
2.575 1.70635
2.58 1.7074
2.585 1.70843
2.59 1.70943
2.595 1.71041
2.6 1.71137
2.605 1.7123
2.61 1.71322
2.615 1.71411
2.62 1.71497
2.625 1.71582
2.63 1.71664
2.635 1.71744
2.64 1.71822
2.645 1.71897
2.65 1.7197
2.655 1.72041
2.66 1.72109
2.665 1.72176
2.67 1.7224
2.675 1.72302
2.68 1.72361
2.685 1.72418
2.69 1.72473
2.695 1.72526
2.7 1.72577
2.705 1.72625
2.71 1.72671
2.715 1.72715
2.72 1.72757
2.725 1.72796
2.73 1.72833
2.735 1.72868
2.74 1.72901
2.745 1.72932
2.75 1.7296
2.755 1.72987
2.76 1.73011
2.765 1.73033
2.77 1.73053
2.775 1.73071
2.78 1.73086
2.785 1.731
2.79 1.73111
2.795 1.7312
2.8 1.73128
2.805 1.73133
2.81 1.73136
2.815 1.73137
2.82 1.73136
2.825 1.73133
2.83 1.73128
2.835 1.73122
2.84 1.73113
2.845 1.73102
2.85 1.73089
2.855 1.73074
2.86 1.73058
2.865 1.73039
2.87 1.73019
2.875 1.72996
2.88 1.72972
2.885 1.72946
2.89 1.72918
2.895 1.72889
2.9 1.72857
2.905 1.72824
2.91 1.72789
2.915 1.72752
2.92 1.72714
2.925 1.72674
2.93 1.72632
2.935 1.72589
2.94 1.72543
2.945 1.72497
2.95 1.72448
2.955 1.72399
2.96 1.72347
2.965 1.72294
2.97 1.7224
2.975 1.72184
2.98 1.72126
2.985 1.72067
2.99 1.72007
2.995 1.71945
3 1.71882
3.005 1.71818
3.01 1.71752
3.015 1.71685
3.02 1.71617
3.025 1.71547
3.03 1.71476
3.035 1.71404
3.04 1.71331
3.045 1.71256
3.05 1.71181
3.055 1.71104
3.06 1.71027
3.065 1.70948
3.07 1.70868
3.075 1.70787
3.08 1.70706
3.085 1.70623
3.09 1.70539
3.095 1.70455
3.1 1.7037
3.105 1.70284
3.11 1.70197
3.115 1.70109
3.12 1.70021
3.125 1.69932
3.13 1.69842
3.135 1.69752
3.14 1.69661
3.145 1.69569
3.15 1.69477
3.155 1.69384
3.16 1.69291
3.165 1.69198
3.17 1.69104
3.175 1.69009
3.18 1.68914
3.185 1.68819
3.19 1.68724
3.195 1.68629
3.2 1.68533
3.205 1.68437
3.21 1.68341
3.215 1.68244
3.22 1.68148
3.225 1.68052
3.23 1.67955
3.235 1.67859
3.24 1.67763
3.245 1.67666
3.25 1.6757
3.255 1.67474
3.26 1.67379
3.265 1.67283
3.27 1.67188
3.275 1.67093
3.28 1.66998
3.285 1.66904
3.29 1.6681
3.295 1.66717
3.3 1.66624
3.305 1.66531
3.31 1.6644
3.315 1.66348
3.32 1.66258
3.325 1.66168
3.33 1.66078
3.335 1.6599
3.34 1.65902
3.345 1.65815
3.35 1.65729
3.355 1.65644
3.36 1.65559
3.365 1.65476
3.37 1.65393
3.375 1.65312
3.38 1.65231
3.385 1.65152
3.39 1.65074
3.395 1.64997
3.4 1.64921
3.405 1.64846
3.41 1.64773
3.415 1.64701
3.42 1.6463
3.425 1.64561
3.43 1.64493
3.435 1.64426
3.44 1.64361
3.445 1.64297
3.45 1.64235
3.455 1.64175
3.46 1.64116
3.465 1.64058
3.47 1.64003
3.475 1.63949
3.48 1.63896
3.485 1.63846
3.49 1.63797
3.495 1.6375
3.5 1.63704
3.505 1.63661
3.51 1.6362
3.515 1.6358
3.52 1.63542
3.525 1.63507
3.53 1.63473
3.535 1.63441
3.54 1.63411
3.545 1.63384
3.55 1.63358
3.555 1.63335
3.56 1.63314
3.565 1.63294
3.57 1.63277
3.575 1.63263
3.58 1.6325
3.585 1.6324
3.59 1.63232
3.595 1.63226
3.6 1.63223
3.605 1.63221
3.61 1.63223
3.615 1.63226
3.62 1.63232
3.625 1.6324
3.63 1.63251
3.635 1.63264
3.64 1.63279
3.645 1.63297
3.65 1.63318
3.655 1.6334
3.66 1.63366
3.665 1.63393
3.67 1.63424
3.675 1.63456
3.68 1.63492
3.685 1.63529
3.69 1.6357
3.695 1.63612
3.7 1.63658
3.705 1.63705
3.71 1.63756
3.715 1.63809
3.72 1.63864
3.725 1.63922
3.73 1.63982
3.735 1.64046
3.74 1.64111
3.745 1.64179
3.75 1.6425
3.755 1.64323
3.76 1.64399
3.765 1.64477
3.77 1.64558
3.775 1.64641
3.78 1.64727
3.785 1.64815
3.79 1.64906
3.795 1.64999
3.8 1.65095
3.805 1.65193
3.81 1.65294
3.815 1.65397
3.82 1.65503
3.825 1.65611
3.83 1.65721
3.835 1.65834
3.84 1.65949
3.845 1.66067
3.85 1.66187
3.855 1.66309
3.86 1.66434
3.865 1.6656
3.87 1.6669
3.875 1.66821
3.88 1.66955
3.885 1.67091
3.89 1.67229
3.895 1.67369
3.9 1.67512
3.905 1.67657
3.91 1.67804
3.915 1.67953
3.92 1.68104
3.925 1.68257
3.93 1.68412
3.935 1.68569
3.94 1.68728
3.945 1.6889
3.95 1.69053
3.955 1.69218
3.96 1.69385
3.965 1.69554
3.97 1.69724
3.975 1.69897
3.98 1.70071
3.985 1.70247
3.99 1.70425
3.995 1.70605
4 1.70786
4.005 1.70969
4.01 1.71153
4.015 1.7134
4.02 1.71527
4.025 1.71717
4.03 1.71907
4.035 1.721
4.04 1.72293
4.045 1.72489
4.05 1.72685
4.055 1.72883
4.06 1.73082
4.065 1.73283
4.07 1.73485
4.075 1.73688
4.08 1.73892
4.085 1.74098
4.09 1.74305
4.095 1.74513
4.1 1.74722
4.105 1.74932
4.11 1.75143
4.115 1.75355
4.12 1.75568
4.125 1.75782
4.13 1.75997
4.135 1.76212
4.14 1.76429
4.145 1.76647
4.15 1.76865
4.155 1.77084
4.16 1.77304
4.165 1.77524
4.17 1.77745
4.175 1.77967
4.18 1.78189
4.185 1.78412
4.19 1.78636
4.195 1.7886
4.2 1.79085
4.205 1.7931
4.21 1.79535
4.215 1.79761
4.22 1.79987
4.225 1.80214
4.23 1.80441
4.235 1.80668
4.24 1.80895
4.245 1.81123
4.25 1.81351
4.255 1.81579
4.26 1.81807
4.265 1.82035
4.27 1.82263
4.275 1.82492
4.28 1.8272
4.285 1.82949
4.29 1.83177
4.295 1.83405
4.3 1.83634
4.305 1.83862
4.31 1.8409
4.315 1.84318
4.32 1.84546
4.325 1.84773
4.33 1.85
4.335 1.85227
4.34 1.85454
4.345 1.8568
4.35 1.85907
4.355 1.86132
4.36 1.86358
4.365 1.86583
4.37 1.86807
4.375 1.87031
4.38 1.87255
4.385 1.87478
4.39 1.877
4.395 1.87922
4.4 1.88143
4.405 1.88364
4.41 1.88584
4.415 1.88804
4.42 1.89023
4.425 1.89241
4.43 1.89459
4.435 1.89675
4.44 1.89891
4.445 1.90107
4.45 1.90321
4.455 1.90535
4.46 1.90748
4.465 1.9096
4.47 1.91171
4.475 1.91381
4.48 1.9159
4.485 1.91799
4.49 1.92006
4.495 1.92213
4.5 1.92418
4.505 1.92623
4.51 1.92826
4.515 1.93028
4.52 1.9323
4.525 1.9343
4.53 1.9363
4.535 1.93828
4.54 1.94025
4.545 1.94221
4.55 1.94415
4.555 1.94609
4.56 1.94801
4.565 1.94993
4.57 1.95183
4.575 1.95372
4.58 1.95559
4.585 1.95745
4.59 1.9593
4.595 1.96114
4.6 1.96297
4.605 1.96478
4.61 1.96658
4.615 1.96836
4.62 1.97013
4.625 1.97189
4.63 1.97363
4.635 1.97536
4.64 1.97708
4.645 1.97878
4.65 1.98047
4.655 1.98214
4.66 1.9838
4.665 1.98545
4.67 1.98708
4.675 1.98869
4.68 1.99029
4.685 1.99188
4.69 1.99345
4.695 1.99501
4.7 1.99655
4.705 1.99807
4.71 1.99958
4.715 2.00107
4.72 2.00255
4.725 2.00401
4.73 2.00546
4.735 2.00689
4.74 2.00831
4.745 2.0097
4.75 2.01109
4.755 2.01245
4.76 2.0138
4.765 2.01514
4.77 2.01646
4.775 2.01776
4.78 2.01904
4.785 2.02031
4.79 2.02156
4.795 2.02279
4.8 2.02401
4.805 2.02521
4.81 2.0264
4.815 2.02756
4.82 2.02871
4.825 2.02985
4.83 2.03096
4.835 2.03206
4.84 2.03314
4.845 2.03421
4.85 2.03525
4.855 2.03628
4.86 2.0373
4.865 2.03829
4.87 2.03927
4.875 2.04023
4.88 2.04117
4.885 2.0421
4.89 2.043
4.895 2.04389
4.9 2.04477
4.905 2.04562
4.91 2.04646
4.915 2.04728
4.92 2.04808
4.925 2.04886
4.93 2.04963
4.935 2.05038
4.94 2.05111
4.945 2.05182
4.95 2.05252
4.955 2.05319
4.96 2.05385
4.965 2.0545
4.97 2.05512
4.975 2.05573
4.98 2.05632
4.985 2.05689
4.99 2.05744
4.995 2.05798
