0 1
0.005 0.999506
0.01 0.999012
0.015 0.998519
0.02 0.998026
0.025 0.997534
0.03 0.997044
0.035 0.996556
0.04 0.996071
0.045 0.995589
0.05 0.99511
0.055 0.994636
0.06 0.994167
0.065 0.993702
0.07 0.993243
0.075 0.99279
0.08 0.992344
0.085 0.991904
0.09 0.991472
0.095 0.991048
0.1 0.990632
0.105 0.990225
0.11 0.989827
0.115 0.989438
0.12 0.98906
0.125 0.988692
0.13 0.988334
0.135 0.987988
0.14 0.987654
0.145 0.987331
0.15 0.98702
0.155 0.986722
0.16 0.986437
0.165 0.986165
0.17 0.985907
0.175 0.985662
0.18 0.985431
0.185 0.985214
0.19 0.985012
0.195 0.984825
0.2 0.984652
0.205 0.984495
0.21 0.984353
0.215 0.984226
0.22 0.984115
0.225 0.984019
0.23 0.98394
0.235 0.983876
0.24 0.983828
0.245 0.983796
0.25 0.98378
0.255 0.98378
0.26 0.983796
0.265 0.983828
0.27 0.983876
0.275 0.98394
0.28 0.984019
0.285 0.984115
0.29 0.984226
0.295 0.984353
0.3 0.984495
0.305 0.984653
0.31 0.984825
0.315 0.985012
0.32 0.985215
0.325 0.985431
0.33 0.985662
0.335 0.985907
0.34 0.986165
0.345 0.986437
0.35 0.986722
0.355 0.98702
0.36 0.987331
0.365 0.987654
0.37 0.987988
0.375 0.988335
0.38 0.988692
0.385 0.98906
0.39 0.989438
0.395 0.989827
0.4 0.990225
0.405 0.990632
0.41 0.991048
0.415 0.991472
0.42 0.991904
0.425 0.992344
0.43 0.99279
0.435 0.993243
0.44 0.993702
0.445 0.994167
0.45 0.994636
0.455 0.995111
0.46 0.995589
0.465 0.996071
0.47 0.996556
0.475 0.997044
0.48 0.997534
0.485 0.998026
0.49 0.998519
0.495 0.999013
0.5 0.999507
0.505 1
0.51 1.00049
0.515 1.00098
0.52 1.00147
0.525 1.00196
0.53 1.00245
0.535 1.00293
0.54 1.00341
0.545 1.00388
0.55 1.00435
0.555 1.00482
0.56 1.00528
0.565 1.00573
0.57 1.00618
0.575 1.00662
0.58 1.00705
0.585 1.00747
0.59 1.00789
0.595 1.0083
0.6 1.0087
0.605 1.00909
0.61 1.00948
0.615 1.00985
0.62 1.01021
0.625 1.01056
0.63 1.0109
0.635 1.01123
0.64 1.01155
0.645 1.01186
0.65 1.01215
0.655 1.01243
0.66 1.0127
0.665 1.01296
0.67 1.0132
0.675 1.01343
0.68 1.01365
0.685 1.01385
0.69 1.01404
0.695 1.01422
0.7 1.01438
0.705 1.01452
0.71 1.01466
0.715 1.01477
0.72 1.01488
0.725 1.01496
0.73 1.01504
0.735 1.0151
0.74 1.01514
0.745 1.01517
0.75 1.01518
0.755 1.01518
0.76 1.01516
0.765 1.01513
0.77 1.01509
0.775 1.01502
0.78 1.01495
0.785 1.01486
0.79 1.01475
0.795 1.01463
0.8 1.01449
0.805 1.01434
0.81 1.01418
0.815 1.014
0.82 1.01381
0.825 1.0136
0.83 1.01338
0.835 1.01315
0.84 1.0129
0.845 1.01264
0.85 1.01237
0.855 1.01209
0.86 1.01179
0.865 1.01148
0.87 1.01116
0.875 1.01083
0.88 1.01049
0.885 1.01013
0.89 1.00977
0.895 1.00939
0.9 1.00901
0.905 1.00862
0.91 1.00821
0.915 1.0078
0.92 1.00738
0.925 1.00696
0.93 1.00652
0.935 1.00608
0.94 1.00563
0.945 1.00518
0.95 1.00472
0.955 1.00425
0.96 1.00378
0.965 1.00331
0.97 1.00283
0.975 1.00234
0.98 1.00186
0.985 1.00137
0.99 1.00088
0.995 1.00039
1 0.999895
1.005 0.999401
1.01 0.998907
1.015 0.998414
1.02 0.997921
1.025 0.997429
1.03 0.99694
1.035 0.996452
1.04 0.995968
1.045 0.995486
1.05 0.995009
1.055 0.994536
1.06 0.994067
1.065 0.993604
1.07 0.993146
1.075 0.992694
1.08 0.992249
1.085 0.991811
1.09 0.991381
1.095 0.990958
1.1 0.990544
1.105 0.990139
1.11 0.989743
1.115 0.989357
1.12 0.98898
1.125 0.988614
1.13 0.98826
1.135 0.987916
1.14 0.987584
1.145 0.987263
1.15 0.986956
1.155 0.98666
1.16 0.986378
1.165 0.986109
1.17 0.985853
1.175 0.985611
1.18 0.985384
1.185 0.98517
1.19 0.984971
1.195 0.984787
1.2 0.984618
1.205 0.984463
1.21 0.984324
1.215 0.984201
1.22 0.984093
1.225 0.984001
1.23 0.983925
1.235 0.983864
1.24 0.983819
1.245 0.983791
1.25 0.983778
1.255 0.983782
1.26 0.983801
1.265 0.983837
1.27 0.983888
1.275 0.983955
1.28 0.984038
1.285 0.984137
1.29 0.984252
1.295 0.984382
1.3 0.984527
1.305 0.984688
1.31 0.984864
1.315 0.985054
1.32 0.98526
1.325 0.985479
1.33 0.985713
1.335 0.985961
1.34 0.986222
1.345 0.986497
1.35 0.986785
1.355 0.987086
1.36 0.987399
1.365 0.987724
1.37 0.988061
1.375 0.98841
1.38 0.98877
1.385 0.98914
1.39 0.989521
1.395 0.989911
1.4 0.990311
1.405 0.99072
1.41 0.991138
1.415 0.991564
1.42 0.991998
1.425 0.992439
1.43 0.992886
1.435 0.993341
1.44 0.993801
1.445 0.994267
1.45 0.994737
1.455 0.995213
1.46 0.995692
1.465 0.996175
1.47 0.99666
1.475 0.997149
1.48 0.997639
1.485 0.998131
1.49 0.998624
1.495 0.999118
1.5 0.999612
1.505 1.00011
1.51 1.0006
1.515 1.00109
1.52 1.00158
1.525 1.00207
1.53 1.00255
1.535 1.00303
1.54 1.00351
1.545 1.00398
1.55 1.00445
1.555 1.00491
1.56 1.00537
1.565 1.00582
1.57 1.00627
1.575 1.00671
1.58 1.00714
1.585 1.00756
1.59 1.00798
1.595 1.00839
1.6 1.00879
1.605 1.00918
1.61 1.00956
1.615 1.00993
1.62 1.01029
1.625 1.01063
1.63 1.01097
1.635 1.0113
1.64 1.01162
1.645 1.01192
1.65 1.01221
1.655 1.01249
1.66 1.01276
1.665 1.01301
1.67 1.01325
1.675 1.01348
1.68 1.01369
1.685 1.01389
1.69 1.01408
1.695 1.01425
1.7 1.01441
1.705 1.01455
1.71 1.01468
1.715 1.0148
1.72 1.0149
1.725 1.01498
1.73 1.01505
1.735 1.01511
1.74 1.01515
1.745 1.01517
1.75 1.01518
1.755 1.01518
1.76 1.01516
1.765 1.01512
1.77 1.01507
1.775 1.01501
1.78 1.01493
1.785 1.01483
1.79 1.01472
1.795 1.0146
1.8 1.01446
1.805 1.01431
1.81 1.01414
1.815 1.01396
1.82 1.01377
1.825 1.01356
1.83 1.01333
1.835 1.0131
1.84 1.01285
1.845 1.01259
1.85 1.01231
1.855 1.01203
1.86 1.01173
1.865 1.01141
1.87 1.01109
1.875 1.01076
1.88 1.01041
1.885 1.01006
1.89 1.00969
1.895 1.00931
1.9 1.00893
1.905 1.00853
1.91 1.00813
1.915 1.00771
1.92 1.00729
1.925 1.00686
1.93 1.00643
1.935 1.00599
1.94 1.00554
1.945 1.00508
1.95 1.00462
1.955 1.00415
1.96 1.00368
1.965 1.0032
1.97 1.00272
1.975 1.00224
1.98 1.00175
1.985 1.00127
1.99 1.00077
1.995 1.00028
2 0.999789
2.005 0.999295
2.01 0.998802
2.015 0.998308
2.02 0.997816
2.025 0.997325
2.03 0.996835
2.035 0.996349
2.04 0.995865
2.045 0.995384
2.05 0.994907
2.055 0.994435
2.06 0.993968
2.065 0.993505
2.07 0.993049
2.075 0.992599
2.08 0.992155
2.085 0.991719
2.09 0.99129
2.095 0.990869
2.1 0.990457
2.105 0.990054
2.11 0.98966
2.115 0.989275
2.12 0.988901
2.125 0.988538
2.13 0.988185
2.135 0.987844
2.14 0.987514
2.145 0.987197
2.15 0.986891
2.155 0.986599
2.16 0.986319
2.165 0.986053
2.17 0.9858
2.175 0.985561
2.18 0.985337
2.185 0.985126
2.19 0.98493
2.195 0.984749
2.2 0.984583
2.205 0.984432
2.21 0.984297
2.215 0.984177
2.22 0.984072
2.225 0.983983
2.23 0.98391
2.235 0.983853
2.24 0.983812
2.245 0.983787
2.25 0.983778
2.255 0.983784
2.26 0.983807
2.265 0.983846
2.27 0.983901
2.275 0.983972
2.28 0.984058
2.285 0.984161
2.29 0.984278
2.295 0.984412
2.3 0.98456
2.305 0.984724
2.31 0.984903
2.315 0.985097
2.32 0.985305
2.325 0.985528
2.33 0.985765
2.335 0.986015
2.34 0.98628
2.345 0.986557
2.35 0.986848
2.355 0.987152
2.36 0.987467
2.365 0.987795
2.37 0.988135
2.375 0.988486
2.38 0.988848
2.385 0.98922
2.39 0.989603
2.395 0.989996
2.4 0.990398
2.405 0.990809
2.41 0.991228
2.415 0.991656
2.42 0.992091
2.425 0.992534
2.43 0.992983
2.435 0.993439
2.44 0.9939
2.445 0.994367
2.45 0.994838
2.455 0.995315
2.46 0.995795
2.465 0.996278
2.47 0.996764
2.475 0.997253
2.48 0.997744
2.485 0.998237
2.49 0.99873
2.495 0.999224
2.5 0.999717
2.505 1.00021
2.51 1.0007
2.515 1.00119
2.52 1.00168
2.525 1.00217
2.53 1.00265
2.535 1.00313
2.54 1.00361
2.545 1.00408
2.55 1.00455
2.555 1.00501
2.56 1.00547
2.565 1.00592
2.57 1.00636
2.575 1.0068
2.58 1.00723
2.585 1.00765
2.59 1.00807
2.595 1.00847
2.6 1.00887
2.605 1.00926
2.61 1.00964
2.615 1.01
2.62 1.01036
2.625 1.01071
2.63 1.01104
2.635 1.01137
2.64 1.01168
2.645 1.01198
2.65 1.01227
2.655 1.01255
2.66 1.01281
2.665 1.01306
2.67 1.0133
2.675 1.01353
2.68 1.01374
2.685 1.01393
2.69 1.01412
2.695 1.01429
2.7 1.01444
2.705 1.01458
2.71 1.01471
2.715 1.01482
2.72 1.01492
2.725 1.015
2.73 1.01506
2.735 1.01512
2.74 1.01515
2.745 1.01518
2.75 1.01518
2.755 1.01518
2.76 1.01515
2.765 1.01511
2.77 1.01506
2.775 1.01499
2.78 1.01491
2.785 1.01481
2.79 1.0147
2.795 1.01457
2.8 1.01443
2.805 1.01428
2.81 1.0141
2.815 1.01392
2.82 1.01372
2.825 1.01351
2.83 1.01329
2.835 1.01305
2.84 1.01279
2.845 1.01253
2.85 1.01225
2.855 1.01196
2.86 1.01166
2.865 1.01135
2.87 1.01102
2.875 1.01068
2.88 1.01034
2.885 1.00998
2.89 1.00961
2.895 1.00923
2.9 1.00884
2.905 1.00845
2.91 1.00804
2.915 1.00763
2.92 1.0072
2.925 1.00677
2.93 1.00633
2.935 1.00589
2.94 1.00544
2.945 1.00498
2.95 1.00452
2.955 1.00405
2.96 1.00358
2.965 1.0031
2.97 1.00262
2.975 1.00214
2.98 1.00165
2.985 1.00116
2.99 1.00067
2.995 1.00018
3 0.999684
3.005 0.99919
3.01 0.998696
3.015 0.998203
3.02 0.997711
3.025 0.99722
3.03 0.996731
3.035 0.996245
3.04 0.995762
3.045 0.995282
3.05 0.994806
3.055 0.994335
3.06 0.993868
3.065 0.993407
3.07 0.992952
3.075 0.992503
3.08 0.992061
3.085 0.991626
3.09 0.991199
3.095 0.99078
3.1 0.99037
3.105 0.989969
3.11 0.989577
3.115 0.989195
3.12 0.988823
3.125 0.988462
3.13 0.988111
3.135 0.987773
3.14 0.987445
3.145 0.98713
3.15 0.986828
3.155 0.986538
3.16 0.986261
3.165 0.985998
3.17 0.985748
3.175 0.985512
3.18 0.985291
3.185 0.985083
3.19 0.984891
3.195 0.984713
3.2 0.98455
3.205 0.984402
3.21 0.98427
3.215 0.984153
3.22 0.984052
3.225 0.983966
3.23 0.983897
3.235 0.983843
3.24 0.983805
3.245 0.983783
3.25 0.983778
3.255 0.983788
3.26 0.983814
3.265 0.983857
3.27 0.983915
3.275 0.983989
3.28 0.984079
3.285 0.984184
3.29 0.984306
3.295 0.984442
3.3 0.984594
3.305 0.984761
3.31 0.984943
3.315 0.98514
3.32 0.985352
3.325 0.985577
3.33 0.985817
3.335 0.986071
3.34 0.986338
3.345 0.986618
3.35 0.986912
3.355 0.987218
3.36 0.987536
3.365 0.987867
3.37 0.988209
3.375 0.988562
3.38 0.988926
3.385 0.989301
3.39 0.989686
3.395 0.990081
3.4 0.990485
3.405 0.990897
3.41 0.991319
3.415 0.991748
3.42 0.992185
3.425 0.992629
3.43 0.99308
3.435 0.993537
3.44 0.993999
3.445 0.994467
3.45 0.99494
3.455 0.995417
3.46 0.995898
3.465 0.996382
3.47 0.996869
3.475 0.997358
3.48 0.997849
3.485 0.998342
3.49 0.998835
3.495 0.999329
3.5 0.999823
3.505 1.00032
3.51 1.00081
3.515 1.0013
3.52 1.00179
3.525 1.00227
3.53 1.00276
3.535 1.00324
3.54 1.00371
3.545 1.00418
3.55 1.00465
3.555 1.00511
3.56 1.00557
3.565 1.00602
3.57 1.00646
3.575 1.00689
3.58 1.00732
3.585 1.00774
3.59 1.00816
3.595 1.00856
3.6 1.00895
3.605 1.00934
3.61 1.00971
3.615 1.01008
3.62 1.01044
3.625 1.01078
3.63 1.01111
3.635 1.01144
3.64 1.01175
3.645 1.01205
3.65 1.01233
3.655 1.01261
3.66 1.01287
3.665 1.01311
3.67 1.01335
3.675 1.01357
3.68 1.01378
3.685 1.01397
3.69 1.01415
3.695 1.01432
3.7 1.01447
3.705 1.01461
3.71 1.01473
3.715 1.01484
3.72 1.01493
3.725 1.01501
3.73 1.01508
3.735 1.01513
3.74 1.01516
3.745 1.01518
3.75 1.01518
3.755 1.01517
3.76 1.01515
3.765 1.0151
3.77 1.01505
3.775 1.01498
3.78 1.01489
3.785 1.01479
3.79 1.01467
3.795 1.01454
3.8 1.0144
3.805 1.01424
3.81 1.01407
3.815 1.01388
3.82 1.01368
3.825 1.01346
3.83 1.01324
3.835 1.01299
3.84 1.01274
3.845 1.01247
3.85 1.01219
3.855 1.0119
3.86 1.01159
3.865 1.01128
3.87 1.01095
3.875 1.01061
3.88 1.01026
3.885 1.0099
3.89 1.00953
3.895 1.00915
3.9 1.00876
3.905 1.00836
3.91 1.00795
3.915 1.00754
3.92 1.00711
3.925 1.00668
3.93 1.00624
3.935 1.00579
3.94 1.00534
3.945 1.00488
3.95 1.00442
3.955 1.00395
3.96 1.00348
3.965 1.003
3.97 1.00252
3.975 1.00203
3.98 1.00155
3.985 1.00106
3.99 1.00056
3.995 1.00007
4 0.999578
4.005 0.999085
4.01 0.998591
4.015 0.998098
4.02 0.997606
4.025 0.997115
4.03 0.996627
4.035 0.996142
4.04 0.995659
4.045 0.99518
4.05 0.994705
4.055 0.994235
4.06 0.993769
4.065 0.99331
4.07 0.992856
4.075 0.992408
4.08 0.991968
4.085 0.991535
4.09 0.991109
4.095 0.990692
4.1 0.990284
4.105 0.989884
4.11 0.989494
4.115 0.989114
4.12 0.988745
4.125 0.988386
4.13 0.988038
4.135 0.987702
4.14 0.987377
4.145 0.987065
4.15 0.986765
4.155 0.986478
4.16 0.986204
4.165 0.985943
4.17 0.985697
4.175 0.985464
4.18 0.985245
4.185 0.985041
4.19 0.984851
4.195 0.984677
4.2 0.984517
4.205 0.984373
4.21 0.984244
4.215 0.98413
4.22 0.984032
4.225 0.98395
4.23 0.983884
4.235 0.983834
4.24 0.983799
4.245 0.983781
4.25 0.983779
4.255 0.983792
4.26 0.983822
4.265 0.983868
4.27 0.983929
4.275 0.984007
4.28 0.9841
4.285 0.984209
4.29 0.984333
4.295 0.984473
4.3 0.984629
4.305 0.984799
4.31 0.984984
4.315 0.985184
4.32 0.985399
4.325 0.985627
4.33 0.98587
4.335 0.986127
4.34 0.986397
4.345 0.98668
4.35 0.986976
4.355 0.987285
4.36 0.987606
4.365 0.987939
4.37 0.988283
4.375 0.988639
4.38 0.989006
4.385 0.989383
4.39 0.98977
4.395 0.990166
4.4 0.990572
4.405 0.990987
4.41 0.99141
4.415 0.991841
4.42 0.992279
4.425 0.992725
4.43 0.993177
4.435 0.993635
4.44 0.994099
4.445 0.994568
4.45 0.995041
4.455 0.995519
4.46 0.996001
4.465 0.996485
4.47 0.996973
4.475 0.997463
4.48 0.997954
4.485 0.998447
4.49 0.998941
4.495 0.999435
4.5 0.999928
4.505 1.00042
4.51 1.00091
4.515 1.0014
4.52 1.00189
4.525 1.00238
4.53 1.00286
4.535 1.00334
4.54 1.00381
4.545 1.00428
4.55 1.00475
4.555 1.00521
4.56 1.00566
4.565 1.00611
4.57 1.00655
4.575 1.00699
4.58 1.00741
4.585 1.00783
4.59 1.00824
4.595 1.00864
4.6 1.00904
4.605 1.00942
4.61 1.00979
4.615 1.01016
4.62 1.01051
4.625 1.01085
4.63 1.01118
4.635 1.0115
4.64 1.01181
4.645 1.01211
4.65 1.01239
4.655 1.01266
4.66 1.01292
4.665 1.01317
4.67 1.0134
4.675 1.01362
4.68 1.01382
4.685 1.01401
4.69 1.01419
4.695 1.01435
4.7 1.0145
4.705 1.01464
4.71 1.01476
4.715 1.01486
4.72 1.01495
4.725 1.01503
4.73 1.01509
4.735 1.01513
4.74 1.01517
4.745 1.01518
4.75 1.01518
4.755 1.01517
4.76 1.01514
4.765 1.01509
4.77 1.01503
4.775 1.01496
4.78 1.01487
4.785 1.01477
4.79 1.01465
4.795 1.01451
4.8 1.01437
4.805 1.0142
4.81 1.01403
4.815 1.01384
4.82 1.01363
4.825 1.01342
4.83 1.01318
4.835 1.01294
4.84 1.01268
4.845 1.01241
4.85 1.01213
4.855 1.01183
4.86 1.01153
4.865 1.01121
4.87 1.01088
4.875 1.01054
4.88 1.01019
4.885 1.00982
4.89 1.00945
4.895 1.00907
4.9 1.00867
4.905 1.00827
4.91 1.00786
4.915 1.00745
4.92 1.00702
4.925 1.00659
4.93 1.00615
4.935 1.0057
4.94 1.00524
4.945 1.00478
4.95 1.00432
4.955 1.00385
4.96 1.00337
4.965 1.0029
4.97 1.00241
4.975 1.00193
4.98 1.00144
4.985 1.00095
4.99 1.00046
4.995 0.999967
