0 60
0.05 59.938
0.1 59.752
0.15 59.4422
0.2 59.0092
0.25 58.4533
0.3 57.7754
0.35 56.9762
0.4 56.057
0.45 55.019
0.5 53.8636
0.55 52.5925
0.6 51.2076
0.65 49.7111
0.7 48.1053
0.75 46.3929
0.8 44.5768
0.85 42.6601
0.9 40.6464
0.95 38.5394
1 36.3431
1.05 34.062
1.1 31.7006
1.15 29.2639
1.2 26.7573
1.25 24.1861
1.3 21.5563
1.35 18.8738
1.4 16.145
1.45 13.3763
1.5 10.5746
1.55 7.74649
1.6 4.89912
1.65 2.03951
1.7 -0.825193
1.75 -3.68783
1.8 -6.54126
1.85 -9.37837
1.9 -12.1921
1.95 -14.9757
2 -17.7222
2.05 -20.4251
2.1 -23.078
2.15 -25.6747
2.2 -28.2094
2.25 -30.6764
2.3 -33.0703
2.35 -35.3861
2.4 -37.6189
2.45 -39.7643
2.5 -41.818
2.55 -43.7763
2.6 -45.6354
2.65 -47.3922
2.7 -49.0435
2.75 -50.5866
2.8 -52.0191
2.85 -53.3387
2.9 -54.5434
2.95 -55.6314
3 -56.6011
3.05 -57.4513
3.1 -58.1807
3.15 -58.7885
3.2 -59.2737
3.25 -59.6358
3.3 -59.8742
3.35 -59.9889
3.4 -59.9794
3.45 -59.846
3.5 -59.5886
3.55 -59.2078
3.6 -58.7039
3.65 -58.0776
3.7 -57.3298
3.75 -56.4613
3.8 -55.4735
3.85 -54.3676
3.9 -53.1454
3.95 -51.8085
4 -50.359
4.05 -48.7993
4.1 -47.1317
4.15 -45.3592
4.2 -43.4848
4.25 -41.5118
4.3 -39.4438
4.35 -37.2849
4.4 -35.0392
4.45 -32.7112
4.5 -30.3058
4.55 -27.8282
4.6 -25.2837
4.65 -22.678
4.7 -20.0171
4.75 -17.3071
4.8 -14.5546
4.85 -11.766
4.9 -8.94824
4.95 -6.1082
5 -3.25291
5.05 -0.389496
5.1 2.47489
5.15 5.3331
5.2 8.17799
5.25 11.0025
5.3 13.7997
5.35 16.5627
5.4 19.2849
5.45 21.9597
5.5 24.581
5.55 27.1428
5.6 29.6391
5.65 32.0647
5.7 34.4142
5.75 36.6827
5.8 38.8657
5.85 40.9588
5.9 42.958
5.95 44.8595
6 46.6601
6.05 48.3565
6.1 49.9458
6.15 51.4255
6.2 52.7932
6.25 54.0468
6.3 55.1844
6.35 56.2045
6.4 57.1055
6.45 57.8863
6.5 58.5457
6.55 59.083
6.6 59.4973
6.65 59.7883
6.7 59.9554
6.75 59.9986
6.8 59.9177
6.85 59.7128
6.9 59.3843
6.95 58.9325
7 58.358
7.05 57.6616
7.1 56.8442
7.15 55.9068
7.2 54.8508
7.25 53.6777
7.3 52.3892
7.35 50.9872
7.4 49.4739
7.45 47.8517
7.5 46.1233
7.55 44.2917
7.6 42.3601
7.65 40.3319
7.7 38.211
7.75 36.0016
7.8 33.7079
7.85 31.3348
7.9 28.8871
7.95 26.3703
8 23.7898
8.05 21.1516
8.1 18.4616
8.15 15.7263
8.2 12.9522
8.25 10.146
8.3 7.31454
8.35 4.46485
8.4 1.60401
8.45 -1.26084
8.5 -4.12254
8.55 -6.97394
8.6 -9.80795
8.65 -12.6176
8.7 -15.3959
8.75 -18.1362
8.8 -20.8319
8.85 -23.4766
8.9 -26.0643
8.95 -28.5891
9 -31.0453
9.05 -33.4277
9.1 -35.7311
9.15 -37.9509
9.2 -40.0826
9.25 -42.1221
9.3 -44.0655
9.35 -45.9093
9.4 -47.6502
9.45 -49.2852
9.5 -50.8117
9.55 -52.2271
9.6 -53.5293
9.65 -54.7164
9.7 -55.7865
9.75 -56.7382
9.8 -57.57
9.85 -58.281
9.9 -58.8702
9.95 -59.3367
10 -59.68
10.05 -59.8997
10.1 -59.9954
10.15 -59.9671
10.2 -59.8148
10.25 -59.5387
10.3 -59.1391
10.35 -58.6165
10.4 -57.9717
10.45 -57.2054
10.5 -56.3188
10.55 -55.3129
10.6 -54.1892
10.65 -52.9494
10.7 -51.5953
10.75 -50.1289
10.8 -48.5526
10.85 -46.8689
10.9 -45.0807
10.95 -43.191
11 -41.2033
11.05 -39.1213
11.1 -36.9489
11.15 -34.6903
11.2 -32.3503
11.25 -29.9336
11.3 -27.4454
11.35 -24.8912
11.4 -22.2767
11.45 -19.608
11.5 -16.8911
11.55 -14.1326
11.6 -11.3392
11.65 -8.5176
11.7 -5.67478
11.75 -2.8178
11.8 0.046224
11.85 2.91013
11.9 5.76677
11.95 8.60902
12 11.4298
12.05 14.2222
12.1 16.9795
12.15 19.6949
12.2 22.362
12.25 24.9746
12.3 27.5268
12.35 30.0127
12.4 32.427
12.45 34.7645
12.5 37.0203
12.55 39.1899
12.6 41.2689
12.65 43.2535
12.7 45.14
12.75 46.9249
12.8 48.6051
12.85 50.1779
12.9 51.6407
12.95 52.9912
13 54.2273
13.05 55.3472
13.1 56.3492
13.15 57.2321
13.2 57.9944
13.25 58.6353
13.3 59.1539
13.35 59.5495
13.4 59.8217
13.45 59.97
13.5 59.9943
13.55 59.8945
13.6 59.6709
13.65 59.3236
13.7 58.8531
13.75 58.26
13.8 57.5451
13.85 56.7093
13.9 55.7538
13.95 54.6799
14 53.4891
14.05 52.1832
14.1 50.7641
14.15 49.2341
14.2 47.5956
14.25 45.8514
14.3 44.0043
14.35 42.0578
14.4 40.0153
14.45 37.8806
14.5 35.6581
14.55 33.352
14.6 30.9672
14.65 28.5087
14.7 25.9818
14.75 23.3922
14.8 20.7457
14.85 18.0484
14.9 15.3068
14.95 12.5274
15 9.71685
15.05 6.88217
15.1 4.03033
15.15 1.16841
15.2 -1.69642
15.25 -4.55701
15.3 -7.40622
15.35 -10.237
15.4 -13.0423
15.45 -15.8152
15.5 -18.5492
15.55 -21.2375
15.6 -23.874
15.65 -26.4525
15.7 -28.9672
15.75 -31.4125
15.8 -33.7832
15.85 -36.0742
15.9 -38.2809
15.95 -40.3988
16 -42.4239
16.05 -44.3524
16.1 -46.1807
16.15 -47.9057
16.2 -49.5244
16.25 -51.0341
16.3 -52.4325
16.35 -53.7173
16.4 -54.8867
16.45 -55.9389
16.5 -56.8724
16.55 -57.686
16.6 -58.3785
16.65 -58.949
16.7 -59.3969
16.75 -59.7214
16.8 -59.9222
16.85 -59.9991
16.9 -59.9519
16.95 -59.7808
17 -59.4859
17.05 -59.0675
17.1 -58.5263
17.15 -57.863
17.2 -57.0783
17.25 -56.1734
17.3 -55.1496
17.35 -54.0081
17.4 -52.7508
17.45 -51.3795
17.5 -49.8962
17.55 -48.3034
17.6 -46.6036
17.65 -44.7997
17.7 -42.895
17.75 -40.8927
17.8 -38.7966
17.85 -36.6108
17.9 -34.3396
17.95 -31.9876
18 -29.5597
18.05 -27.0611
18.1 -24.4974
18.15 -21.8742
18.2 -19.1977
18.25 -16.4741
18.3 -13.7099
18.35 -10.9118
18.4 -8.08647
18.45 -5.24104
18.5 -2.38253
18.55 0.481941
18.6 3.34521
18.65 6.20011
18.7 9.03955
18.75 11.8565
18.8 14.644
18.85 17.3953
18.9 20.1037
18.95 22.763
19 25.3668
19.05 27.9092
19.1 30.3846
19.15 32.7876
19.2 35.1129
19.25 37.3559
19.3 39.512
19.35 41.5769
19.4 43.5468
19.45 45.418
19.5 47.1872
19.55 48.8513
19.6 50.4075
19.65 51.8534
19.7 53.1866
19.75 54.4051
19.8 55.5072
19.85 56.4912
19.9 57.3558
19.95 58.0997
20 58.7221
20.05 59.222
20.1 59.5989
20.15 59.8522
20.2 59.9817
20.25 59.9871
20.3 59.8685
20.35 59.626
20.4 59.2599
20.45 58.7708
20.5 58.1591
20.55 57.4257
20.6 56.5717
20.65 55.5981
20.7 54.5063
20.75 53.2979
20.8 51.9746
20.85 50.5386
20.9 48.9919
20.95 47.3371
21 45.577
21.05 43.7146
21.1 41.7532
21.15 39.6965
21.2 37.5482
21.25 35.3127
21.3 32.9943
21.35 30.5979
21.4 28.1287
21.45 25.5919
21.5 22.9932
21.55 20.3386
21.6 17.6342
21.65 14.8864
21.7 12.1018
21.75 9.28715
21.8 6.44941
21.85 3.59557
21.9 0.732753
21.95 -2.1319
22 -4.99122
22.05 -7.83808
22.1 -10.6654
22.15 -13.4662
22.2 -16.2337
22.25 -18.9611
22.3 -21.642
22.35 -24.27
22.4 -26.8392
22.45 -29.3437
22.5 -31.778
22.55 -34.1369
22.6 -36.4153
22.65 -38.6088
22.7 -40.7129
22.75 -42.7235
22.8 -44.637
22.85 -46.4498
22.9 -48.1588
22.95 -49.7611
23 -51.254
23.05 -52.6353
23.1 -53.9027
23.15 -55.0543
23.2 -56.0885
23.25 -57.0039
23.3 -57.7991
23.35 -58.4731
23.4 -59.0251
23.45 -59.4542
23.5 -59.7599
23.55 -59.9419
23.6 -59.9999
23.65 -59.9339
23.7 -59.7439
23.75 -59.4302
23.8 -58.9931
23.85 -58.4333
23.9 -57.7515
23.95 -56.9484
24 -56.0254
24.05 -54.9835
24.1 -53.8243
24.15 -52.5496
24.2 -51.161
24.25 -49.661
24.3 -48.0517
24.35 -46.3359
24.4 -44.5165
24.45 -42.5967
24.5 -40.5799
24.55 -38.4699
24.6 -36.2708
24.65 -33.987
24.7 -31.6231
24.75 -29.1841
24.8 -26.6753
24.85 -24.1021
24.9 -21.4705
24.95 -18.7864
25 -16.0562
25.05 -13.2864
25.1 -10.4837
25.15 -7.65488
25.2 -4.807
25.25 -1.94712
25.3 0.91763
25.35 3.78008
25.4 6.63309
25.45 9.46956
25.5 12.2825
25.55 15.0649
25.6 17.8101
25.65 20.5115
25.7 23.1627
25.75 25.7575
25.8 28.2901
25.85 30.7548
25.9 33.1463
25.95 35.4595
26 37.6895
26.05 39.832
26.1 41.8827
26.15 43.8378
26.2 45.6937
26.25 47.4471
26.3 49.095
26.35 50.6346
26.4 52.0635
26.45 53.3794
26.5 54.5803
26.55 55.6645
26.6 56.6304
26.65 57.4767
26.7 58.2022
26.75 58.806
26.8 59.2873
26.85 59.6454
26.9 59.8799
26.95 59.9905
27 59.977
27.05 59.8396
27.1 59.5783
27.15 59.1935
27.2 58.6856
27.25 58.0554
27.3 57.3036
27.35 56.4313
27.4 55.4396
27.45 54.33
27.5 53.104
27.55 51.7635
27.6 50.3104
27.65 48.7471
27.7 47.0762
27.75 45.3003
27.8 43.4226
27.85 41.4465
27.9 39.3756
27.95 37.2138
28 34.9653
28.05 32.6348
28.1 30.227
28.15 27.7471
28.2 25.2005
28.25 22.593
28.3 19.9304
28.35 17.2189
28.4 14.4651
28.45 11.6755
28.5 8.85692
28.55 6.01627
28.6 3.16061
28.65 0.297049
28.7 -2.56725
28.75 -5.42514
28.8 -8.26948
28.85 -11.0932
28.9 -13.8894
28.95 -16.6512
29 -19.3719
29.05 -22.0452
29.1 -24.6647
29.15 -27.2244
29.2 -29.7185
29.25 -32.1417
29.3 -34.4887
29.35 -36.7545
29.4 -38.9346
29.45 -41.0248
29.5 -43.0209
29.55 -44.9192
29.6 -46.7165
29.65 -48.4094
29.7 -49.9952
29.75 -51.4714
29.8 -52.8354
29.85 -54.0853
29.9 -55.2192
29.95 -56.2354
