0 -0
1 9.68822
2 19.3765
3 29.0649
4 38.7536
5 48.4425
6 58.1319
7 67.8218
8 77.5123
9 87.2034
10 96.8953
11 106.588
12 116.282
13 125.976
14 135.672
15 145.369
16 155.067
17 164.767
18 174.468
19 184.171
20 193.875
21 203.581
22 213.289
23 222.999
24 232.71
25 242.424
26 252.14
27 261.858
28 271.578
29 281.301
30 291.027
31 300.754
32 310.485
33 320.218
34 329.954
35 339.693
36 349.434
37 359.179
38 368.927
39 378.678
40 388.431
41 398.188
42 407.948
43 417.712
44 427.478
45 437.247
46 447.02
47 456.795
48 466.573
49 476.354
50 486.138
51 495.924
52 505.713
53 515.503
54 525.296
55 535.09
56 544.886
57 554.683
58 564.481
59 574.281
60 584.08
61 593.881
62 603.681
63 613.482
64 623.283
65 633.084
66 642.884
67 652.685
68 662.485
69 672.285
70 682.085
71 691.884
72 701.683
73 711.482
74 721.28
75 731.079
76 740.877
77 750.675
78 760.472
79 770.27
80 780.067
81 789.865
82 799.662
83 809.46
84 819.257
85 829.055
86 838.852
87 848.65
88 858.448
89 868.246
90 878.044
91 887.842
92 897.641
93 907.44
94 917.239
95 927.038
96 936.837
97 946.637
98 956.437
99 966.238
100 976.038
101 985.839
102 995.64
103 1005.44
104 1015.24
105 1025.05
106 1034.85
107 1044.65
108 1054.45
109 1064.26
110 1074.06
111 1083.87
112 1093.67
113 1103.48
114 1113.28
115 1123.09
116 1132.89
117 1142.7
118 1152.5
119 1162.31
120 1172.12
121 1181.93
122 1191.73
123 1201.54
124 1211.35
125 1221.16
126 1230.97
127 1240.78
128 1250.59
129 1260.4
130 1270.21
131 1280.02
132 1289.83
133 1299.64
134 1309.45
135 1319.27
136 1329.08
137 1338.89
138 1348.71
139 1358.52
140 1368.33
141 1378.15
142 1387.96
143 1397.78
144 1407.59
145 1417.41
146 1427.22
147 1437.04
148 1446.85
149 1456.67
150 1466.49
151 1476.31
152 1486.12
153 1495.94
154 1505.76
155 1515.58
156 1525.4
157 1535.21
158 1545.03
159 1554.85
160 1564.67
161 1574.49
162 1584.31
163 1594.14
164 1603.96
165 1613.78
166 1623.6
167 1633.42
168 1643.24
169 1653.07
170 1662.89
171 1672.71
172 1682.54
173 1692.36
174 1702.18
175 1712.01
176 1721.83
177 1731.66
178 1741.48
179 1751.31
180 1761.13
181 1770.96
182 1780.78
183 1790.61
184 1800.44
185 1810.26
186 1820.09
187 1829.92
188 1839.75
189 1849.58
190 1859.4
191 1869.23
192 1879.06
193 1888.89
194 1898.72
195 1908.55
196 1918.38
197 1928.21
198 1938.04
199 1947.87
200 1957.7
201 1967.53
202 1977.36
203 1987.2
204 1997.03
205 2006.86
206 2016.69
207 2026.53
208 2036.36
209 2046.19
210 2056.03
211 2065.86
212 2075.69
213 2085.53
214 2095.36
215 2105.2
216 2115.03
217 2124.87
218 2134.7
219 2144.54
220 2154.37
221 2164.21
222 2174.05
223 2183.88
224 2193.72
225 2203.56
226 2213.4
227 2223.23
228 2233.07
229 2242.91
230 2252.75
231 2262.59
232 2272.42
233 2282.26
234 2292.1
235 2301.94
236 2311.78
237 2321.62
238 2331.46
239 2341.3
240 2351.14
241 2360.98
242 2370.83
243 2380.67
244 2390.51
245 2400.35
246 2410.19
247 2420.03
248 2429.88
249 2439.72
250 2449.56
251 2459.41
252 2469.25
253 2479.09
254 2488.94
255 2498.78
