0 -0
1 9.68822
2 19.3764
3 29.0644
4 38.7523
5 48.4398
6 58.127
7 67.8136
8 77.4996
9 87.1847
10 96.8687
11 106.551
12 116.232
13 125.911
14 135.586
15 145.259
16 154.927
17 164.589
18 174.245
19 183.893
20 193.53
21 203.155
22 212.765
23 222.356
24 231.924
25 241.464
26 250.97
27 260.435
28 269.851
29 279.207
30 288.491
31 297.69
32 306.786
33 315.759
34 324.588
35 333.246
36 341.702
37 349.921
38 357.864
39 365.487
40 372.739
41 379.565
42 385.905
43 391.694
44 396.863
45 401.339
46 405.051
47 407.925
48 409.893
49 410.892
50 410.869
51 409.783
52 407.61
53 404.345
54 400.002
55 394.62
56 388.257
57 380.996
58 372.935
59 364.187
60 354.877
61 345.134
62 335.086
63 324.861
64 314.573
65 304.33
66 294.225
67 284.335
68 274.726
69 265.447
70 256.535
71 248.016
72 239.905
73 232.209
74 224.926
75 218.052
76 211.574
77 205.48
78 199.752
79 194.373
80 189.323
81 184.584
82 180.136
83 175.96
84 172.038
85 168.351
86 164.883
87 161.619
88 158.542
89 155.639
90 152.896
91 150.302
92 147.845
93 145.514
94 143.3
95 141.193
96 139.186
97 137.272
98 135.442
99 133.691
100 132.014
101 130.404
102 128.858
103 127.37
104 125.937
105 124.554
106 123.22
107 121.93
108 120.681
109 119.472
110 118.3
111 117.162
112 116.057
113 114.984
114 113.939
115 112.922
116 111.932
117 110.966
118 110.024
119 109.105
120 108.208
121 107.332
122 106.475
123 105.637
124 104.818
125 104.016
126 103.231
127 102.462
128 101.709
129 100.97
130 100.247
131 99.5368
132 98.8404
133 98.1572
134 97.4865
135 96.828
136 96.1814
137 95.5463
138 94.9222
139 94.3089
140 93.7061
141 93.1134
142 92.5306
143 91.9574
144 91.3934
145 90.8386
146 90.2925
147 89.755
148 89.2259
149 88.7048
150 88.1917
151 87.6863
152 87.1885
153 86.6979
154 86.2145
155 85.7381
156 85.2685
157 84.8055
158 84.3491
159 83.8989
160 83.455
161 83.0171
162 82.5851
163 82.1589
164 81.7384
165 81.3233
166 80.9137
167 80.5094
168 80.1103
169 79.7162
170 79.3271
171 78.9428
172 78.5633
173 78.1885
174 77.8182
175 77.4524
176 77.091
177 76.7339
178 76.381
179 76.0322
180 75.6875
181 75.3468
182 75.0099
183 74.6769
184 74.3477
185 74.0221
186 73.7002
187 73.3818
188 73.0669
189 72.7554
190 72.4473
191 72.1425
192 71.841
193 71.5426
194 71.2474
195 70.9552
196 70.6661
197 70.38
198 70.0968
199 69.8164
200 69.5389
201 69.2642
202 68.9922
203 68.723
204 68.4563
205 68.1923
206 67.9309
207 67.6719
208 67.4155
209 67.1615
210 66.9099
211 66.6607
212 66.4138
213 66.1693
214 65.927
215 65.6869
216 65.449
217 65.2133
218 64.9797
219 64.7482
220 64.5188
221 64.2915
222 64.0661
223 63.8427
224 63.6213
225 63.4018
226 63.1842
227 62.9685
228 62.7547
229 62.5426
230 62.3324
231 62.1239
232 61.9171
233 61.7121
234 61.5088
235 61.3072
236 61.1072
237 60.9088
238 60.7121
239 60.517
240 60.3234
241 60.1314
242 59.9409
243 59.7519
244 59.5644
245 59.3783
246 59.1938
247 59.0106
248 58.8289
249 58.6486
250 58.4696
251 58.292
252 58.1158
253 57.9409
254 57.7673
255 57.595
256 57.424
