-10
-9.69697
-9.39394
-9.09091
-8.78788
-8.48485
-8.18182
-7.87879
-7.57576
-7.27273
-6.9697
-6.66667
-6.36364
-6.06061
-5.75758
-5.45455
-5.15152
-4.84848
-4.54545
-4.24242
-3.93939
-3.63636
-3.33333
-3.0303
-2.72727
-2.42424
-2.12121
-1.81818
-1.51515
-1.21212
-0.909091
-0.606061
-0.30303
0
0.30303
0.606061
0.909091
1.21212
1.51515
1.81818
2.12121
2.42424
2.72727
3.0303
3.33333
3.63636
3.93939
4.24242
4.54545
4.84848
5.15152
5.45455
5.75758
6.06061
6.36364
6.66667
6.9697
7.27273
7.57576
7.87879
8.18182
8.48485
8.78788
9.09091
9.39394
9.69697
10
10.303
10.6061
10.9091
11.2121
11.5152
11.8182
12.1212
12.4242
12.7273
13.0303
13.3333
13.6364
13.9394
14.2424
14.5455
14.8485
15.1515
15.4545
15.7576
16.0606
16.3636
16.6667
16.9697
17.2727
17.5758
17.8788
18.1818
18.4848
18.7879
19.0909
19.3939
19.697
20
