0
0.173205
0.34641
0.519615
0.69282
0.866025
1.03923
1.21244
1.38564
1.55885
1.73205
1.90526
2.07846
2.25167
2.42487
2.59808
2.77128
2.94449
3.11769
3.2909
3.4641
3.63731
3.81051
3.98372
4.15692
4.33013
4.50333
4.67654
4.84974
5.02295
5.19615
5.36936
5.54256
5.71577
5.88897
6.06218
6.23538
6.40859
6.58179
6.755
6.9282
7.10141
7.27461
7.44782
7.62102
7.79423
7.96743
8.14064
8.31384
8.48705
8.66025
8.83346
9.00666
9.17987
9.35307
9.52628
9.69948
9.87269
10.0459
10.2191
10.3923
10.5655
10.7387
10.9119
11.0851
11.2583
11.4315
11.6047
11.7779
11.9512
12.1244
12.2976
12.4708
12.644
12.8172
12.9904
13.1636
13.3368
13.51
13.6832
13.8564
14.0296
14.2028
14.376
14.5492
14.7224
14.8956
15.0688
15.242
15.4153
15.5885
15.7617
15.9349
16.1081
16.2813
16.4545
16.6277
16.8009
16.9741
17.1473
17.3205
17.4937
17.6669
17.8401
18.0133
18.1865
18.3597
18.5329
18.7061
18.8794
19.0526
19.2258
19.399
19.5722
19.7454
19.9186
20.0918
20.265
20.4382
20.6114
20.7846
20.9578
21.131
21.3042
21.4774
21.6506
21.8238
21.997
22.1703
22.3435
22.5167
22.6899
22.8631
23.0363
23.2095
23.3827
23.5559
23.7291
23.9023
24.0755
24.2487
24.4219
24.5951
24.7683
24.9415
25.1147
25.2879
25.4611
25.6344
25.8076
25.9808
26.154
26.3272
26.5004
26.6736
26.8468
27.02
27.1932
27.3664
27.5396
27.7128
27.886
28.0592
28.2324
28.4056
28.5788
28.752
28.9252
29.0985
29.2717
29.4449
29.6181
29.7913
29.9645
30.1377
30.3109
30.4841
30.6573
30.8305
31.0037
31.1769
31.3501
31.5233
31.6965
31.8697
32.0429
32.2161
32.3894
32.5626
32.7358
32.909
33.0822
33.2554
33.4286
33.6018
33.775
33.9482
34.1214
34.2946
34.4678
34.641
34.8142
34.9874
35.1606
35.3338
35.507
35.6802
35.8535
36.0267
36.1999
36.3731
36.5463
36.7195
36.8927
37.0659
37.2391
37.4123
37.5855
37.7587
37.9319
38.1051
38.2783
38.4515
38.6247
38.7979
38.9711
39.1443
39.3176
39.4908
39.664
39.8372
40.0104
40.1836
40.3568
40.53
40.7032
40.8764
41.0496
41.2228
41.396
41.5692
41.7424
41.9156
42.0888
42.262
42.4352
42.6084
42.7817
42.9549
43.1281
43.3013
43.4745
43.6477
43.8209
43.9941
44.1673
44.3405
44.5137
44.6869
44.8601
45.0333
45.2065
45.3797
45.5529
45.7261
45.8993
46.0726
46.2458
46.419
46.5922
46.7654
46.9386
47.1118
47.285
47.4582
47.6314
47.8046
47.9778
48.151
48.3242
48.4974
48.6706
48.8438
49.017
49.1902
49.3634
49.5367
49.7099
49.8831
50.0563
50.2295
50.4027
50.5759
50.7491
50.9223
51.0955
51.2687
51.4419
51.6151
51.7883
51.9615
52.1347
52.3079
52.4811
52.6543
52.8275
53.0008
53.174
53.3472
53.5204
53.6936
53.8668
54.04
54.2132
54.3864
54.5596
54.7328
54.906
55.0792
55.2524
55.4256
55.5988
55.772
55.9452
56.1184
56.2917
56.4649
56.6381
56.8113
56.9845
57.1577
57.3309
57.5041
57.6773
57.8505
58.0237
58.1969
58.3701
58.5433
58.7165
58.8897
59.0629
59.2361
59.4093
59.5825
59.7558
59.929
60.1022
60.2754
60.4486
60.6218
60.795
60.9682
61.1414
61.3146
61.4878
61.661
61.8342
62.0074
62.1806
62.3538
62.527
62.7002
62.8734
63.0466
63.2199
63.3931
63.5663
63.7395
63.9127
64.0859
64.2591
64.4323
64.6055
64.7787
64.9519
65.1251
65.2983
65.4715
65.6447
65.8179
65.9911
66.1643
66.3375
66.5108
66.684
66.8572
67.0304
67.2036
67.3768
67.55
67.7232
67.8964
68.0696
68.2428
68.416
68.5892
68.7624
68.9356
69.1088
69.282
69.4552
69.6284
69.8016
69.9749
70.1481
70.3213
70.4945
70.6677
70.8409
71.0141
71.1873
71.3605
71.5337
71.7069
71.8801
72.0533
72.2265
72.3997
72.5729
72.7461
72.9193
73.0925
73.2657
73.439
73.6122
73.7854
73.9586
74.1318
74.305
74.4782
74.6514
74.8246
74.9978
75.171
75.3442
75.5174
75.6906
75.8638
76.037
76.2102
76.3834
76.5566
76.7299
76.9031
77.0763
77.2495
77.4227
77.5959
77.7691
77.9423
78.1155
78.2887
78.4619
78.6351
78.8083
78.9815
79.1547
79.3279
79.5011
79.6743
79.8475
80.0207
80.194
80.3672
80.5404
80.7136
80.8868
81.06
81.2332
81.4064
81.5796
81.7528
81.926
82.0992
82.2724
82.4456
82.6188
82.792
82.9652
83.1384
83.3116
83.4848
83.6581
83.8313
84.0045
84.1777
84.3509
84.5241
84.6973
84.8705
85.0437
85.2169
85.3901
85.5633
85.7365
85.9097
86.0829
86.2561
86.4293
86.6025
86.7757
86.949
87.1222
87.2954
87.4686
87.6418
87.815
87.9882
88.1614
88.3346
88.5078
88.681
88.8542
89.0274
89.2006
89.3738
89.547
89.7202
89.8934
90.0666
90.2398
90.4131
90.5863
90.7595
90.9327
91.1059
91.2791
91.4523
91.6255
91.7987
91.9719
92.1451
92.3183
92.4915
92.6647
92.8379
93.0111
93.1843
93.3575
93.5307
93.7039
93.8772
94.0504
94.2236
94.3968
94.57
94.7432
94.9164
95.0896
95.2628
95.436
95.6092
95.7824
95.9556
96.1288
96.302
96.4752
96.6484
96.8216
96.9948
97.1681
97.3413
97.5145
97.6877
97.8609
98.0341
98.2073
98.3805
98.5537
98.7269
98.9001
99.0733
99.2465
99.4197
99.5929
99.7661
99.9393
100.113
100.286
100.459
100.632
100.805
100.979
101.152
101.325
101.498
101.671
101.845
102.018
102.191
102.364
102.537
102.711
102.884
103.057
103.23
103.403
103.577
103.75
103.923
104.096
104.269
104.443
104.616
104.789
104.962
105.135
105.309
105.482
105.655
105.828
106.002
106.175
106.348
106.521
106.694
106.868
107.041
107.214
107.387
107.56
107.734
107.907
108.08
108.253
108.426
108.6
108.773
108.946
109.119
109.292
109.466
109.639
109.812
109.985
110.158
110.332
110.505
110.678
110.851
111.024
111.198
111.371
111.544
111.717
111.89
112.064
112.237
112.41
112.583
112.757
112.93
113.103
113.276
113.449
113.623
113.796
113.969
114.142
114.315
114.489
114.662
114.835
115.008
115.181
115.355
115.528
115.701
115.874
116.047
116.221
116.394
116.567
116.74
116.913
117.087
117.26
117.433
117.606
117.779
117.953
118.126
118.299
118.472
118.645
118.819
118.992
119.165
119.338
119.512
119.685
119.858
120.031
120.204
120.378
120.551
120.724
120.897
121.07
121.244
121.417
121.59
121.763
121.936
122.11
122.283
122.456
122.629
122.802
122.976
123.149
123.322
123.495
123.668
123.842
124.015
124.188
124.361
124.534
124.708
124.881
125.054
125.227
125.4
125.574
125.747
125.92
126.093
126.267
126.44
126.613
126.786
126.959
127.133
127.306
127.479
127.652
127.825
127.999
128.172
128.345
128.518
128.691
128.865
129.038
129.211
129.384
129.557
129.731
129.904
130.077
130.25
130.423
130.597
130.77
130.943
131.116
131.289
131.463
131.636
131.809
131.982
132.155
132.329
132.502
132.675
132.848
133.022
133.195
133.368
133.541
133.714
133.888
134.061
134.234
134.407
134.58
134.754
134.927
135.1
135.273
135.446
135.62
135.793
135.966
136.139
136.312
136.486
136.659
136.832
137.005
137.178
137.352
137.525
137.698
137.871
138.044
138.218
138.391
138.564
138.737
138.91
139.084
139.257
139.43
139.603
139.777
139.95
140.123
140.296
140.469
140.643
140.816
140.989
141.162
141.335
141.509
