0
0.0998774
0.19951
0.298896
0.398038
0.496934
0.595586
0.693991
0.792152
0.890067
0.987738
1.08516
1.18234
1.27928
1.37597
1.47241
1.56861
1.66456
1.76027
1.85573
1.95095
2.04592
2.14065
2.23513
2.32937
2.42336
2.51711
2.61061
2.70386
2.79687
2.88964
2.98216
3.07443
3.16646
3.25825
3.34978
3.44108
3.53213
3.62293
3.71349
3.8038
3.89387
3.98369
4.07327
4.1626
4.25168
4.34053
4.42912
4.51747
4.60558
4.69344
4.78105
4.86842
4.95555
5.04243
5.12906
5.21545
5.30159
5.38749
5.47314
5.55855
5.64371
5.72863
5.8133
5.89773
5.98191
6.06585
6.14954
6.23298
6.31618
6.39914
6.48185
6.56431
6.64653
6.72851
6.81023
6.89172
6.97296
7.05395
7.1347
7.2152
7.29546
7.37547
7.45524
7.53476
7.61403
7.69307
7.77185
7.85039
7.92869
8.00674
8.08454
8.1621
8.23942
8.31649
8.39331
8.46989
8.54622
8.62231
8.69815
8.77375
8.8491
8.92421
8.99907
9.07369
9.14806
9.22219
9.29607
9.3697
9.44309
9.51624
9.58914
9.66179
9.7342
9.80637
9.87828
9.94996
10.0214
10.0926
10.1635
10.2342
10.3046
10.3748
10.4448
10.5145
10.584
10.6532
10.7222
10.7909
10.8594
10.9276
10.9956
11.0634
11.1309
11.1981
11.2652
11.3319
11.3985
11.4647
11.5308
11.5966
11.6621
11.7274
11.7924
11.8572
11.9218
11.9861
12.0502
12.114
12.1776
12.2409
12.304
12.3669
12.4295
12.4918
12.5539
12.6158
12.6774
12.7388
12.7999
12.8608
12.9214
12.9818
13.042
13.1019
13.1615
13.2209
13.2801
13.339
13.3977
13.4561
13.5143
13.5723
13.63
13.6874
13.7446
13.8016
13.8583
13.9147
13.971
14.027
14.0827
14.1382
14.1934
14.2484
14.3032
14.3577
14.4119
14.4659
14.5197
14.5732
14.6265
14.6796
14.7323
14.7849
14.8372
14.8892
14.941
14.9926
15.0439
15.095
15.1458
15.1964
15.2467
15.2968
15.3467
15.3963
15.4456
15.4948
15.5436
15.5922
15.6406
15.6887
15.7366
15.7843
15.8317
15.8788
15.9257
15.9724
16.0188
16.065
16.1109
16.1565
16.202
16.2472
16.2921
16.3368
16.3813
16.4255
16.4694
16.5131
16.5566
16.5998
16.6428
16.6855
16.728
16.7703
16.8123
16.854
16.8955
16.9368
16.9778
17.0186
17.0591
17.0994
17.1394
17.1792
17.2188
17.2581
17.2971
17.3359
17.3745
17.4128
17.4509
17.4887
17.5263
17.5636
17.6007
17.6376
17.6742
17.7106
17.7467
17.7825
17.8182
17.8535
17.8887
17.9235
17.9582
17.9926
18.0267
18.0606
18.0943
18.1277
18.1609
18.1938
18.2265
18.2589
18.2911
18.323
18.3547
18.3862
18.4174
18.4484
18.4791
18.5096
18.5398
18.5698
18.5995
18.629
18.6582
18.6872
18.716
18.7445
18.7728
18.8008
18.8286
18.8561
18.8834
18.9104
18.9372
18.9638
18.9901
19.0161
19.0419
19.0675
19.0928
19.1179
19.1427
19.1673
19.1916
19.2157
19.2396
19.2632
19.2866
19.3097
19.3325
19.3552
19.3775
19.3997
19.4216
19.4432
19.4646
19.4857
19.5067
19.5273
19.5477
19.5679
19.5878
19.6075
19.6269
19.6461
19.6651
19.6838
19.7022
19.7204
19.7384
19.7561
19.7736
19.7908
19.8078
19.8246
19.841
19.8573
19.8733
19.889
19.9046
19.9198
19.9348
19.9496
19.9642
19.9784
19.9925
20.0063
20.0198
20.0331
20.0462
20.059
20.0716
20.0839
20.096
20.1078
20.1194
20.1307
20.1418
20.1527
20.1633
20.1736
20.1838
20.1936
20.2033
20.2126
20.2218
20.2307
20.2393
20.2477
20.2559
20.2638
20.2714
20.2788
20.286
20.293
20.2996
20.3061
20.3123
20.3182
20.3239
20.3294
20.3346
20.3395
20.3443
20.3487
20.353
20.357
20.3607
20.3642
20.3674
20.3704
20.3732
20.3757
20.378
20.38
20.3818
20.3833
20.3846
20.3856
20.3864
20.387
20.3873
20.3874
20.3872
20.3867
20.3861
20.3851
20.384
20.3826
20.3809
20.379
20.3769
20.3745
20.3718
20.369
20.3658
20.3624
20.3588
20.355
20.3509
20.3465
20.3419
20.3371
20.332
20.3266
20.3211
20.3152
20.3092
20.3028
20.2963
20.2895
20.2824
20.2751
20.2676
20.2598
20.2518
20.2435
20.235
20.2262
20.2172
20.2079
20.1984
20.1887
20.1787
20.1684
20.158
20.1472
20.1362
20.125
20.1136
20.1018
20.0899
20.0777
20.0652
20.0526
20.0396
20.0264
20.013
19.9993
19.9854
19.9712
19.9568
19.9422
19.9273
19.9121
19.8967
19.8811
19.8652
19.8491
19.8327
19.8161
19.7993
19.7821
19.7648
19.7472
19.7294
19.7113
19.6929
19.6744
19.6555
19.6365
19.6172
19.5976
19.5778
19.5577
19.5374
19.5169
19.4961
19.4751
19.4538
19.4323
19.4105
19.3885
19.3663
19.3438
19.321
19.298
19.2748
19.2513
19.2276
19.2036
19.1794
19.1549
19.1302
19.1052
19.08
19.0546
19.0289
19.003
18.9768
18.9504
18.9237
18.8968
18.8696
18.8422
18.8145
18.7866
18.7585
18.7301
18.7015
18.6726
18.6435
18.6141
18.5845
18.5546
18.5245
18.4942
18.4636
18.4327
18.4017
18.3703
18.3388
18.3069
18.2749
18.2426
18.21
18.1772
18.1441
18.1108
18.0773
18.0435
18.0095
17.9752
17.9407
17.9059
17.8709
17.8357
17.8002
17.7644
17.7284
17.6922
17.6557
17.619
17.582
17.5448
17.5073
17.4696
17.4317
17.3935
17.355
17.3163
17.2774
17.2382
17.1988
17.1591
17.1192
17.0791
17.0387
16.998
16.9571
16.916
16.8746
16.8329
16.7911
16.749
16.7066
16.664
16.6211
16.578
16.5347
16.4911
16.4472
16.4031
16.3588
16.3142
16.2694
16.2244
16.179
16.1335
16.0877
16.0416
15.9953
15.9488
15.902
15.855
15.8077
15.7602
15.7124
15.6644
15.6162
15.5677
15.5189
15.47
15.4207
15.3712
15.3215
15.2715
15.2213
15.1709
15.1202
15.0692
15.018
14.9666
14.9149
14.863
14.8108
14.7583
14.7057
14.6528
14.5996
14.5462
14.4926
14.4387
14.3845
14.3301
14.2755
14.2206
14.1655
14.1101
14.0545
13.9987
13.9426
13.8862
13.8296
13.7728
13.7157
13.6584
13.6008
13.543
13.4849
13.4266
13.3681
13.3093
13.2502
13.1909
13.1314
13.0716
13.0116
12.9513
12.8908
12.83
12.769
12.7078
12.6463
12.5846
12.5226
12.4603
12.3979
12.3351
12.2722
12.2089
12.1455
12.0818
12.0178
11.9536
11.8892
11.8245
11.7596
11.6944
11.629
11.5633
11.4974
11.4312
11.3648
11.2982
11.2313
11.1642
11.0968
11.0292
10.9613
10.8932
10.8248
10.7562
10.6873
10.6182
10.5489
10.4793
10.4095
10.3394
10.2691
10.1985
10.1277
10.0566
9.9853
9.91375
9.84195
9.76991
9.69762
9.62509
9.55231
9.47929
9.40602
9.3325
9.25874
9.18474
9.11049
9.03599
8.96125
8.88627
8.81103
8.73556
8.65984
8.58387
8.50766
8.4312
8.3545
8.27755
8.20036
8.12292
8.04523
7.96731
7.88913
7.81071
7.73205
7.65314
7.57398
7.49458
7.41494
7.33505
7.25491
7.17453
7.0939
7.01303
6.93191
6.85055
6.76894
6.68709
6.60499
6.52265
6.44006
6.35723
6.27415
6.19082
6.10725
6.02344
5.93938
5.85507
5.77052
5.68573
5.60068
5.5154
5.42987
5.34409
5.25807
5.1718
5.08529
4.99853
4.91153
4.82428
4.73678
4.64905
4.56106
4.47283
4.38436
4.29564
4.20667
4.11746
4.02801
3.93831
3.84836
3.75817
3.66773
3.57705
3.48612
3.39495
3.30353
3.21187
3.11996
3.02781
2.93541
2.84277
2.74988
2.65674
2.56336
2.46974
2.37587
2.28175
2.18739
2.09279
1.99793
1.90284
1.8075
1.71191
1.61608
1.52
1.42368
1.32711
1.2303
1.13324
1.03593
0.938386
0.840591
0.742552
0.644267
0.545738
0.446962
0.347942
0.248676
0.149166
0.0494094
-0.050592
