0 0
1 -0.0164743
2 -0.0329671
3 -0.049497
4 -0.0660829
5 -0.0827437
6 -0.0994987
7 -0.116368
8 -0.13337
9 -0.150528
10 -0.167862
11 -0.185394
12 -0.203146
13 -0.221144
14 -0.239412
15 -0.257976
16 -0.276864
17 -0.296105
18 -0.315729
19 -0.33577
20 -0.356261
21 -0.377241
22 -0.398749
23 -0.420827
24 -0.443522
25 -0.466883
26 -0.490963
27 -0.51582
28 -0.541518
29 -0.568125
30 -0.595716
31 -0.624373
32 -0.654188
33 -0.68526
34 -0.717699
35 -0.751627
36 -0.787181
37 -0.824513
38 -0.863792
39 -0.90521
40 -0.948982
41 -0.995353
42 -1.0446
43 -1.09704
44 -1.15305
45 -1.21303
46 -1.27749
47 -1.34698
48 -1.42219
49 -1.50391
50 -1.59307
51 -1.69083
52 -1.79855
53 -1.91793
54 -2.05105
55 -2.20054
56 -2.36972
57 -2.56287
58 -2.78564
59 -3.04555
60 -3.35293
61 -3.72234
62 -4.17492
63 -4.74268
64 -5.47645
65 -6.4621
66 -7.8571
67 -9.98464
68 -13.6296
69 -21.321
70 -48.2335
71 193.948
72 32.4888
73 17.808
74 12.3009
75 9.41481
76 7.63769
77 6.43293
78 5.56206
79 4.90293
80 4.3865
81 3.9708
82 3.62887
83 3.34256
84 3.09923
85 2.88982
86 2.70763
87 2.54762
88 2.40592
89 2.27953
90 2.16605
91 2.06356
92 1.97051
93 1.88564
94 1.80787
95 1.73634
96 1.67031
97 1.60913
98 1.55229
99 1.49932
100 1.44982
101 1.40345
102 1.35992
103 1.31895
104 1.28031
105 1.24381
106 1.20926
107 1.1765
108 1.14538
109 1.11579
110 1.08759
111 1.0607
112 1.03501
113 1.01043
114 0.986902
115 0.964343
116 0.942691
117 0.921889
118 0.901882
119 0.882621
120 0.864062
121 0.846162
122 0.828883
123 0.81219
124 0.796051
125 0.780433
126 0.76531
127 0.750656
128 0.736445
129 0.722656
130 0.709267
131 0.696258
132 0.68361
133 0.671307
134 0.659333
135 0.647671
136 0.636309
137 0.625231
138 0.614426
139 0.603882
140 0.593588
141 0.583532
142 0.573705
143 0.564098
144 0.554701
145 0.545506
146 0.536505
147 0.52769
148 0.519054
149 0.510591
150 0.502293
151 0.494155
152 0.486171
153 0.478334
154 0.470641
155 0.463084
156 0.455661
157 0.448365
158 0.441193
159 0.43414
160 0.427202
161 0.420376
162 0.413657
163 0.407043
164 0.400529
165 0.394112
166 0.38779
167 0.381559
168 0.375416
169 0.369358
170 0.363384
171 0.35749
172 0.351673
173 0.345932
174 0.340264
175 0.334667
176 0.329139
177 0.323677
178 0.318281
179 0.312947
180 0.307673
181 0.30246
182 0.297303
183 0.292202
184 0.287156
185 0.282162
186 0.277219
187 0.272326
188 0.267481
189 0.262682
190 0.25793
191 0.253221
192 0.248555
193 0.243931
194 0.239348
195 0.234804
196 0.230298
197 0.22583
198 0.221397
199 0.217
200 0.212637
201 0.208307
202 0.204009
203 0.199742
204 0.195506
205 0.191299
206 0.187121
207 0.182971
208 0.178847
209 0.17475
210 0.170678
211 0.166631
212 0.162608
213 0.158608
214 0.15463
215 0.150674
216 0.146739
217 0.142824
218 0.138929
219 0.135054
220 0.131196
221 0.127357
222 0.123535
223 0.119729
224 0.115939
225 0.112165
226 0.108406
227 0.104661
228 0.10093
229 0.0972116
230 0.0935063
231 0.0898131
232 0.0861316
233 0.0824612
234 0.0788013
235 0.0751516
236 0.0715115
237 0.0678805
238 0.0642582
239 0.060644
240 0.0570374
241 0.0534381
242 0.0498455
243 0.0462591
244 0.0426786
245 0.0391033
246 0.035533
247 0.0319671
248 0.0284052
249 0.0248469
250 0.0212916
251 0.017739
252 0.0141885
253 0.0106399
254 0.0070925
255 0.00354603
256 0
257 -0.00354603
258 -0.0070925
259 -0.0106399
260 -0.0141885
261 -0.017739
262 -0.0212916
263 -0.0248469
264 -0.0284052
265 -0.0319671
266 -0.035533
267 -0.0391033
268 -0.0426786
269 -0.0462591
270 -0.0498455
271 -0.0534381
272 -0.0570374
273 -0.060644
274 -0.0642582
275 -0.0678805
276 -0.0715115
277 -0.0751516
278 -0.0788013
279 -0.0824611
280 -0.0861316
281 -0.0898131
282 -0.0935063
283 -0.0972116
284 -0.10093
285 -0.104661
286 -0.108406
287 -0.112165
288 -0.115939
289 -0.119729
290 -0.123535
291 -0.127357
292 -0.131196
293 -0.135054
294 -0.138929
295 -0.142824
296 -0.146739
297 -0.150674
298 -0.15463
299 -0.158608
300 -0.162608
301 -0.166631
302 -0.170678
303 -0.17475
304 -0.178847
305 -0.182971
306 -0.187121
307 -0.191299
308 -0.195506
309 -0.199742
310 -0.204009
311 -0.208307
312 -0.212637
313 -0.217
314 -0.221397
315 -0.22583
316 -0.230298
317 -0.234804
318 -0.239348
319 -0.243931
320 -0.248555
321 -0.253221
322 -0.25793
323 -0.262682
324 -0.267481
325 -0.272326
326 -0.277219
327 -0.282162
328 -0.287156
329 -0.292202
330 -0.297303
331 -0.30246
332 -0.307673
333 -0.312947
334 -0.318281
335 -0.323677
336 -0.329139
337 -0.334667
338 -0.340264
339 -0.345932
340 -0.351673
341 -0.35749
342 -0.363384
343 -0.369358
344 -0.375416
345 -0.381559
346 -0.38779
347 -0.394112
348 -0.400529
349 -0.407043
350 -0.413657
351 -0.420376
352 -0.427202
353 -0.43414
354 -0.441193
355 -0.448365
356 -0.455661
357 -0.463084
358 -0.470641
359 -0.478334
360 -0.486171
361 -0.494155
362 -0.502293
363 -0.510591
364 -0.519054
365 -0.52769
366 -0.536505
367 -0.545506
368 -0.554701
369 -0.564098
370 -0.573705
371 -0.583532
372 -0.593588
373 -0.603882
374 -0.614426
375 -0.625231
376 -0.636309
377 -0.647671
378 -0.659333
379 -0.671307
380 -0.68361
381 -0.696258
382 -0.709267
383 -0.722656
384 -0.736445
385 -0.750656
386 -0.76531
387 -0.780433
388 -0.796051
389 -0.81219
390 -0.828883
391 -0.846162
392 -0.864062
393 -0.882621
394 -0.901882
395 -0.921889
396 -0.942691
397 -0.964343
398 -0.986902
399 -1.01043
400 -1.03501
401 -1.0607
402 -1.08759
403 -1.11579
404 -1.14538
405 -1.1765
406 -1.20926
407 -1.24381
408 -1.28031
409 -1.31895
410 -1.35992
411 -1.40345
412 -1.44982
413 -1.49932
414 -1.55229
415 -1.60913
416 -1.67031
417 -1.73634
418 -1.80787
419 -1.88564
420 -1.97051
421 -2.06356
422 -2.16605
423 -2.27953
424 -2.40592
425 -2.54762
426 -2.70763
427 -2.88982
428 -3.09923
429 -3.34256
430 -3.62887
431 -3.9708
432 -4.3865
433 -4.90293
434 -5.56206
435 -6.43293
436 -7.63769
437 -9.41481
438 -12.3009
439 -17.808
440 -32.4888
441 -193.948
442 48.2335
443 21.321
444 13.6296
445 9.98464
446 7.8571
447 6.4621
448 5.47645
449 4.74268
450 4.17492
451 3.72234
452 3.35293
453 3.04555
454 2.78564
455 2.56287
456 2.36972
457 2.20054
458 2.05105
459 1.91793
460 1.79855
461 1.69083
462 1.59307
463 1.50391
464 1.42219
465 1.34698
466 1.27749
467 1.21303
468 1.15305
469 1.09704
470 1.0446
471 0.995353
472 0.948982
473 0.90521
474 0.863792
475 0.824513
476 0.787181
477 0.751627
478 0.717699
479 0.68526
480 0.654188
481 0.624373
482 0.595716
483 0.568125
484 0.541518
485 0.51582
486 0.490963
487 0.466883
488 0.443522
489 0.420827
490 0.398749
491 0.377241
492 0.356261
493 0.33577
494 0.315729
495 0.296105
496 0.276864
497 0.257976
498 0.239412
499 0.221144
500 0.203146
501 0.185394
502 0.167862
503 0.150528
504 0.13337
505 0.116368
506 0.0994987
507 0.0827437
508 0.0660829
509 0.049497
510 0.0329671
511 0.0164743
