0.000 520
0.001 993
0.002 1008
0.003 987
0.004 998
0.005 1019
0.006 976
0.007 980
0.008 1000
0.009 1008
0.010 919
0.011 1045
0.012 1031
0.013 1011
0.014 920
0.015 1009
0.016 1022
0.017 961
0.018 968
0.019 923
0.020 912
0.021 998
0.022 970
0.023 986
0.024 888
0.025 963
0.026 982
0.027 945
0.028 970
0.029 943
0.030 952
0.031 1037
0.032 945
0.033 983
0.034 913
0.035 901
0.036 981
0.037 960
0.038 987
0.039 945
0.040 918
0.041 953
0.042 930
0.043 952
0.044 954
0.045 926
0.046 984
0.047 977
0.048 984
0.049 1001
0.050 993
0.051 929
0.052 956
0.053 936
0.054 945
0.055 941
0.056 917
0.057 963
0.058 980
0.059 997
0.060 928
0.061 950
0.062 941
0.063 931
0.064 933
0.065 957
0.066 953
0.067 894
0.068 922
0.069 929
0.070 959
0.071 946
0.072 977
0.073 937
0.074 976
0.075 1012
0.076 950
0.077 923
0.078 934
0.079 901
0.080 949
0.081 893
0.082 896
0.083 908
0.084 912
0.085 928
0.086 897
0.087 901
0.088 985
0.089 900
0.090 958
0.091 845
0.092 922
0.093 912
0.094 938
0.095 929
0.096 902
0.097 897
0.098 920
0.099 924
0.100 859
0.101 897
0.102 873
0.103 909
0.104 905
0.105 896
0.106 915
0.107 872
0.108 881
0.109 854
0.110 893
0.111 872
0.112 913
0.113 885
0.114 954
0.115 890
0.116 936
0.117 850
0.118 875
0.119 909
0.120 862
0.121 886
0.122 885
0.123 907
0.124 868
0.125 879
0.126 889
0.127 913
0.128 889
0.129 848
0.130 852
0.131 865
0.132 892
0.133 844
0.134 875
0.135 849
0.136 844
0.137 857
0.138 862
0.139 890
0.140 891
0.141 812
0.142 869
0.143 886
0.144 877
0.145 840
0.146 838
0.147 924
0.148 883
0.149 883
0.150 849
0.151 885
0.152 873
0.153 900
0.154 842
0.155 814
0.156 869
0.157 871
0.158 833
0.159 849
0.160 785
0.161 833
0.162 828
0.163 808
0.164 848
0.165 831
0.166 876
0.167 855
0.168 878
0.169 809
0.170 852
0.171 831
0.172 850
0.173 803
0.174 818
0.175 808
0.176 852
0.177 853
0.178 805
0.179 780
0.180 841
0.181 869
0.182 802
0.183 822
0.184 885
0.185 824
0.186 831
0.187 837
0.188 831
0.189 830
0.190 787
0.191 779
0.192 824
0.193 897
0.194 812
0.195 809
0.196 815
0.197 811
0.198 846
0.199 779
0.200 812
0.201 813
0.202 835
0.203 810
0.204 797
0.205 838
0.206 799
0.207 838
0.208 786
0.209 838
0.210 828
0.211 846
0.212 857
0.213 770
0.214 849
0.215 845
0.216 840
0.217 894
0.218 841
0.219 767
0.220 792
0.221 863
0.222 783
0.223 763
0.224 804
0.225 763
0.226 761
0.227 846
0.228 806
0.229 806
0.230 752
0.231 809
0.232 718
0.233 758
0.234 819
0.235 787
0.236 777
0.237 782
0.238 791
0.239 786
0.240 786
0.241 813
0.242 784
0.243 811
0.244 773
0.245 801
0.246 821
0.247 750
0.248 827
0.249 824
0.250 751
0.251 719
0.252 728
0.253 747
0.254 802
0.255 792
0.256 779
0.257 791
0.258 791
0.259 769
0.260 782
0.261 785
0.262 747
0.263 750
0.264 748
0.265 757
0.266 810
0.267 730
0.268 713
0.269 795
0.270 763
0.271 731
0.272 757
0.273 772
0.274 776
0.275 742
0.276 760
0.277 725
0.278 812
0.279 739
0.280 805
0.281 795
0.282 764
0.283 755
0.284 765
0.285 767
0.286 770
0.287 729
0.288 751
0.289 740
0.290 733
0.291 741
0.292 740
0.293 710
0.294 781
0.295 752
0.296 721
0.297 776
0.298 740
0.299 721
0.300 747
0.301 695
0.302 696
0.303 727
0.304 745
0.305 768
0.306 767
0.307 718
0.308 750
0.309 717
0.310 755
0.311 724
0.312 792
0.313 746
0.314 713
0.315 731
0.316 750
0.317 731
0.318 700
0.319 713
0.320 770
0.321 702
0.322 761
0.323 707
0.324 702
0.325 693
0.326 731
0.327 710
0.328 770
0.329 782
0.330 687
0.331 693
0.332 756
0.333 686
0.334 726
0.335 696
0.336 701
0.337 679
0.338 722
0.339 718
0.340 686
0.341 736
0.342 734
0.343 713
0.344 693
0.345 677
0.346 721
0.347 743
0.348 708
0.349 645
0.350 717
0.351 695
0.352 688
0.353 684
0.354 712
0.355 699
0.356 713
0.357 707
0.358 720
0.359 755
0.360 648
0.361 667
0.362 704
0.363 722
0.364 701
0.365 719
0.366 690
0.367 676
0.368 715
0.369 697
0.370 658
0.371 705
0.372 660
0.373 694
0.374 713
0.375 696
0.376 697
0.377 662
0.378 694
0.379 640
0.380 747
0.381 737
0.382 677
0.383 683
0.384 687
0.385 745
0.386 647
0.387 690
0.388 693
0.389 675
0.390 682
0.391 688
0.392 624
0.393 653
0.394 725
0.395 643
0.396 690
0.397 702
0.398 675
0.399 688
0.400 692
0.401 643
0.402 683
0.403 646
0.404 661
0.405 644
0.406 668
0.407 680
0.408 669
0.409 712
0.410 683
0.411 675
0.412 648
0.413 703
0.414 693
0.415 658
0.416 666
0.417 634
0.418 630
0.419 623
0.420 603
0.421 648
0.422 653
0.423 662
0.424 657
0.425 654
0.426 646
0.427 683
0.428 658
0.429 650
0.430 654
0.431 641
0.432 632
0.433 658
0.434 644
0.435 647
0.436 627
0.437 658
0.438 646
0.439 666
0.440 632
0.441 602
0.442 656
0.443 590
0.444 632
0.445 654
0.446 592
0.447 654
0.448 599
0.449 612
0.450 617
0.451 612
0.452 651
0.453 625
0.454 628
0.455 687
0.456 642
0.457 608
0.458 602
0.459 632
0.460 621
0.461 649
0.462 632
0.463 598
0.464 613
0.465 607
0.466 594
0.467 626
0.468 594
0.469 631
0.470 604
0.471 631
0.472 584
0.473 608
0.474 670
0.475 586
0.476 563
0.477 664
0.478 606
0.479 609
0.480 592
0.481 603
0.482 598
0.483 630
0.484 578
0.485 603
0.486 616
0.487 594
0.488 617
0.489 597
0.490 630
0.491 626
0.492 628
0.493 630
0.494 609
0.495 588
0.496 596
0.497 636
0.498 617
0.499 593
0.500 581
0.501 606
0.502 592
0.503 622
0.504 604
0.505 552
0.506 609
0.507 635
0.508 639
0.509 612
0.510 610
0.511 591
0.512 592
0.513 593
0.514 566
0.515 612
0.516 628
0.517 573
0.518 592
0.519 631
0.520 617
0.521 615
0.522 569
0.523 612
0.524 539
0.525 586
0.526 572
0.527 612
0.528 644
0.529 574
0.530 547
0.531 568
0.532 585
0.533 635
0.534 592
0.535 618
0.536 582
0.537 551
0.538 602
0.539 582
0.540 598
0.541 586
0.542 579
0.543 625
0.544 610
0.545 575
0.546 588
0.547 600
0.548 567
0.549 559
0.550 598
0.551 584
0.552 591
0.553 565
0.554 565
0.555 615
0.556 554
0.557 577
0.558 595
0.559 591
0.560 571
0.561 567
0.562 586
0.563 519
0.564 534
0.565 590
0.566 576
0.567 547
0.568 570
0.569 548
0.570 564
0.571 577
0.572 566
0.573 538
0.574 558
0.575 558
0.576 582
0.577 556
0.578 584
0.579 560
0.580 535
0.581 565
0.582 561
0.583 569
0.584 525
0.585 563
0.586 576
0.587 576
0.588 489
0.589 524
0.590 519
0.591 610
0.592 574
0.593 596
0.594 526
0.595 561
0.596 544
0.597 572
0.598 570
0.599 566
0.600 528
0.601 535
0.602 518
0.603 556
0.604 526
0.605 540
0.606 535
0.607 563
0.608 529
0.609 551
0.610 538
0.611 516
0.612 522
0.613 547
0.614 534
0.615 550
0.616 527
0.617 536
0.618 502
0.619 544
0.620 538
0.621 593
0.622 547
0.623 528
0.624 570
0.625 543
0.626 521
0.627 568
0.628 555
0.629 530
0.630 568
0.631 536
0.632 564
0.633 527
0.634 552
0.635 525
0.636 550
0.637 495
0.638 512
0.639 517
0.640 543
0.641 524
0.642 490
0.643 546
0.644 514
0.645 496
0.646 545
0.647 513
0.648 576
0.649 507
0.650 566
0.651 511
0.652 484
0.653 548
0.654 512
0.655 506
0.656 523
0.657 532
0.658 511
0.659 508
0.660 487
0.661 481
0.662 525
0.663 521
0.664 563
0.665 525
0.666 535
0.667 511
0.668 488
0.669 542
0.670 523
0.671 500
0.672 475
0.673 523
0.674 503
0.675 495
0.676 482
0.677 521
0.678 499
0.679 484
0.680 489
0.681 463
0.682 489
0.683 487
0.684 512
0.685 502
0.686 473
0.687 509
0.688 501
0.689 464
0.690 484
0.691 496
0.692 526
0.693 538
0.694 522
0.695 472
0.696 512
0.697 479
0.698 483
0.699 503
0.700 508
0.701 492
0.702 517
0.703 502
0.704 487
0.705 520
0.706 492
0.707 481
0.708 458
0.709 508
0.710 484
0.711 498
0.712 464
0.713 481
0.714 477
0.715 510
0.716 494
0.717 495
0.718 489
0.719 534
0.720 510
0.721 517
0.722 477
0.723 511
0.724 493
0.725 476
0.726 494
0.727 476
0.728 508
0.729 471
0.730 476
0.731 496
0.732 479
0.733 540
0.734 496
0.735 473
0.736 482
0.737 476
0.738 479
0.739 456
0.740 438
0.741 484
0.742 459
0.743 494
0.744 498
0.745 447
0.746 491
0.747 469
0.748 506
0.749 500
0.750 517
0.751 451
0.752 455
0.753 499
0.754 469
0.755 497
0.756 460
0.757 465
0.758 480
0.759 466
0.760 503
0.761 483
0.762 452
0.763 446
0.764 475
0.765 430
0.766 447
0.767 461
0.768 455
0.769 506
0.770 455
0.771 451
0.772 461
0.773 456
0.774 452
0.775 443
0.776 476
0.777 457
0.778 477
0.779 465
0.780 482
0.781 475
0.782 450
0.783 454
0.784 502
0.785 500
0.786 413
0.787 449
0.788 457
0.789 487
0.790 437
0.791 470
0.792 472
0.793 445
0.794 456
0.795 461
0.796 451
0.797 433
0.798 493
0.799 465
0.800 472
0.801 455
0.802 474
0.803 471
0.804 400
0.805 438
0.806 445
0.807 428
0.808 436
0.809 415
0.810 408
0.811 451
0.812 403
0.813 445
0.814 456
0.815 459
0.816 439
0.817 424
0.818 408
0.819 438
0.820 421
0.821 443
0.822 441
0.823 421
0.824 428
0.825 432
0.826 427
0.827 409
0.828 462
0.829 458
0.830 451
0.831 396
0.832 452
0.833 437
0.834 435
0.835 457
0.836 451
0.837 426
0.838 443
0.839 422
0.840 447
0.841 410
0.842 401
0.843 452
0.844 448
0.845 401
0.846 410
0.847 442
0.848 402
0.849 438
0.850 450
0.851 407
0.852 473
0.853 421
0.854 435
0.855 447
0.856 439
0.857 435
0.858 447
0.859 417
0.860 445
0.861 429
0.862 456
0.863 433
0.864 392
0.865 421
0.866 431
0.867 396
0.868 414
0.869 479
0.870 445
0.871 457
0.872 448
0.873 394
0.874 412
0.875 430
0.876 405
0.877 412
0.878 441
0.879 448
0.880 410
0.881 372
0.882 419
0.883 403
0.884 412
0.885 443
0.886 396
0.887 402
0.888 429
0.889 442
0.890 406
0.891 439
0.892 458
0.893 401
0.894 429
0.895 426
0.896 383
0.897 400
0.898 421
0.899 430
0.900 368
0.901 418
0.902 388
0.903 400
0.904 400
0.905 417
0.906 390
0.907 377
0.908 426
0.909 399
0.910 424
0.911 377
0.912 403
0.913 395
0.914 420
0.915 360
0.916 395
0.917 370
0.918 394
0.919 386
0.920 416
0.921 391
0.922 401
0.923 429
0.924 395
0.925 403
0.926 374
0.927 396
0.928 436
0.929 404
0.930 368
0.931 376
0.932 429
0.933 413
0.934 399
0.935 365
0.936 380
0.937 367
0.938 409
0.939 416
0.940 404
0.941 389
0.942 387
0.943 428
0.944 391
0.945 420
0.946 385
0.947 359
0.948 417
0.949 360
0.950 359
0.951 387
0.952 398
0.953 399
0.954 349
0.955 321
0.956 377
0.957 385
0.958 373
0.959 352
0.960 384
0.961 384
0.962 352
0.963 361
0.964 387
0.965 392
0.966 353
0.967 374
0.968 360
0.969 362
0.970 358
0.971 373
0.972 377
0.973 374
0.974 369
0.975 398
0.976 348
0.977 362
0.978 346
0.979 387
0.980 379
0.981 364
0.982 387
0.983 386
0.984 374
0.985 346
0.986 382
0.987 372
0.988 375
0.989 395
0.990 360
0.991 384
0.992 385
0.993 361
0.994 400
0.995 361
0.996 425
0.997 353
0.998 378
0.999 379
1.000 392
1.001 382
1.002 353
1.003 333
1.004 339
1.005 368
1.006 349
1.007 378
1.008 366
1.009 322
1.010 354
1.011 395
1.012 377
1.013 375
1.014 349
1.015 351
1.016 368
1.017 338
1.018 354
1.019 349
1.020 352
1.021 376
1.022 395
1.023 361
1.024 394
1.025 349
1.026 383
1.027 355
1.028 358
1.029 338
1.030 349
1.031 336
1.032 352
1.033 382
1.034 355
1.035 364
1.036 351
1.037 326
1.038 344
1.039 380
1.040 386
1.041 368
1.042 362
1.043 336
1.044 362
1.045 343
1.046 350
1.047 359
1.048 366
1.049 380
1.050 387
1.051 319
1.052 365
1.053 369
1.054 342
1.055 363
1.056 326
1.057 331
1.058 351
1.059 341
1.060 341
1.061 359
1.062 334
1.063 357
1.064 322
1.065 355
1.066 331
1.067 334
1.068 349
1.069 333
1.070 318
1.071 315
1.072 351
1.073 359
1.074 350
1.075 365
1.076 324
1.077 363
1.078 359
1.079 362
1.080 345
1.081 325
1.082 328
1.083 359
1.084 333
1.085 347
1.086 321
1.087 352
1.088 353
1.089 345
1.090 339
1.091 309
1.092 347
1.093 338
1.094 351
1.095 355
1.096 331
1.097 328
1.098 314
1.099 324
1.100 346
1.101 329
1.102 357
1.103 351
1.104 324
1.105 346
1.106 326
1.107 349
1.108 313
1.109 349
1.110 333
1.111 345
1.112 323
1.113 328
1.114 323
1.115 344
1.116 334
1.117 333
1.118 336
1.119 328
1.120 352
1.121 312
1.122 329
1.123 316
1.124 320
1.125 343
1.126 343
1.127 322
1.128 326
1.129 317
1.130 337
1.131 336
1.132 317
1.133 337
1.134 311
1.135 317
1.136 299
1.137 322
1.138 325
1.139 351
1.140 328
1.141 330
1.142 316
1.143 319
1.144 320
1.145 330
1.146 332
1.147 330
1.148 300
1.149 323
1.150 309
1.151 328
1.152 317
1.153 283
1.154 325
1.155 274
1.156 284
1.157 329
1.158 321
1.159 321
1.160 319
1.161 330
1.162 309
1.163 302
1.164 303
1.165 339
1.166 299
1.167 314
1.168 309
1.169 321
1.170 292
1.171 317
1.172 336
1.173 333
1.174 291
1.175 335
1.176 300
1.177 342
1.178 315
1.179 328
1.180 310
1.181 306
1.182 302
1.183 303
1.184 312
1.185 308
1.186 305
1.187 288
1.188 310
1.189 320
1.190 321
1.191 323
1.192 318
1.193 279
1.194 325
1.195 328
1.196 308
1.197 319
1.198 295
1.199 304
1.200 318
1.201 322
1.202 324
1.203 342
1.204 299
1.205 312
1.206 265
1.207 298
1.208 328
1.209 307
1.210 272
1.211 266
1.212 304
1.213 309
1.214 288
1.215 334
1.216 291
1.217 286
1.218 291
1.219 275
1.220 301
1.221 298
1.222 274
1.223 278
1.224 290
1.225 300
1.226 301
1.227 256
1.228 289
1.229 255
1.230 294
1.231 263
1.232 290
1.233 281
1.234 295
1.235 290
1.236 290
1.237 317
1.238 280
1.239 282
1.240 265
1.241 279
1.242 279
1.243 310
1.244 304
1.245 295
1.246 256
1.247 266
1.248 292
1.249 285
1.250 297
1.251 273
1.252 257
1.253 276
1.254 290
1.255 301
1.256 271
1.257 295
1.258 259
1.259 294
1.260 258
1.261 275
1.262 275
1.263 307
1.264 284
1.265 322
1.266 273
1.267 264
1.268 282
1.269 287
1.270 278
1.271 263
1.272 273
1.273 240
1.274 290
1.275 290
1.276 257
1.277 257
1.278 271
1.279 287
1.280 257
1.281 277
1.282 260
1.283 293
1.284 250
1.285 293
1.286 270
1.287 293
1.288 266
1.289 282
1.290 277
1.291 279
1.292 266
1.293 267
1.294 278
1.295 274
1.296 271
1.297 277
1.298 264
1.299 256
1.300 284
1.301 261
1.302 292
1.303 277
1.304 248
1.305 276
1.306 264
1.307 255
1.308 260
1.309 266
1.310 277
1.311 252
1.312 272
1.313 283
1.314 280
1.315 263
1.316 284
1.317 273
1.318 249
1.319 264
1.320 254
1.321 286
1.322 276
1.323 252
1.324 249
1.325 266
1.326 252
1.327 258
1.328 260
1.329 275
1.330 304
1.331 271
1.332 272
1.333 292
1.334 267
1.335 242
1.336 260
1.337 250
1.338 272
1.339 267
1.340 238
1.341 235
1.342 249
1.343 256
1.344 246
1.345 269
1.346 260
1.347 241
1.348 230
1.349 265
1.350 249
1.351 260
1.352 284
1.353 239
1.354 268
1.355 263
1.356 269
1.357 262
1.358 267
1.359 274
1.360 286
1.361 230
1.362 282
1.363 255
1.364 271
1.365 252
1.366 269
1.367 265
1.368 256
1.369 270
1.370 254
1.371 236
1.372 250
1.373 259
1.374 277
1.375 248
1.376 255
1.377 235
1.378 255
1.379 253
1.380 240
1.381 256
1.382 263
1.383 245
1.384 251
1.385 240
1.386 259
1.387 251
1.388 249
1.389 265
1.390 278
1.391 282
1.392 221
1.393 253
1.394 263
1.395 230
1.396 240
1.397 250
1.398 236
1.399 237
1.400 231
1.401 244
1.402 277
1.403 253
1.404 246
1.405 259
1.406 255
1.407 271
1.408 249
1.409 239
1.410 252
1.411 232
1.412 244
1.413 261
1.414 251
1.415 249
1.416 215
1.417 253
1.418 251
1.419 252
1.420 245
1.421 255
1.422 273
1.423 271
1.424 262
1.425 261
1.426 233
1.427 230
1.428 231
1.429 246
1.430 239
1.431 260
1.432 220
1.433 251
1.434 267
1.435 250
1.436 223
1.437 234
1.438 233
1.439 229
1.440 228
1.441 223
1.442 229
1.443 245
1.444 236
1.445 245
1.446 233
1.447 269
1.448 262
1.449 279
1.450 257
1.451 231
1.452 233
1.453 257
1.454 252
1.455 207
1.456 241
1.457 245
1.458 229
1.459 216
1.460 224
1.461 226
1.462 203
1.463 241
1.464 223
1.465 229
1.466 235
1.467 275
1.468 221
1.469 251
1.470 206
1.471 200
1.472 230
1.473 242
1.474 216
1.475 228
1.476 233
1.477 237
1.478 223
1.479 252
1.480 246
1.481 241
1.482 223
1.483 245
1.484 233
1.485 235
1.486 204
1.487 219
1.488 242
1.489 229
1.490 221
1.491 195
1.492 245
1.493 215
1.494 211
1.495 212
1.496 198
1.497 245
1.498 240
1.499 226
1.500 231
1.501 210
1.502 206
1.503 208
1.504 216
1.505 233
1.506 223
1.507 227
1.508 211
1.509 241
1.510 211
1.511 222
1.512 236
1.513 236
1.514 206
1.515 234
1.516 217
1.517 238
1.518 207
1.519 199
1.520 217
1.521 205
1.522 194
1.523 194
1.524 227
1.525 195
1.526 223
1.527 239
1.528 210
1.529 216
1.530 217
1.531 212
1.532 212
1.533 203
1.534 221
1.535 228
1.536 195
1.537 218
1.538 215
1.539 201
1.540 196
1.541 216
1.542 221
1.543 221
1.544 189
1.545 199
1.546 188
1.547 202
1.548 192
1.549 215
1.550 202
1.551 227
1.552 203
1.553 209
1.554 204
1.555 228
1.556 195
1.557 187
1.558 244
1.559 243
1.560 195
1.561 223
1.562 212
1.563 198
1.564 225
1.565 212
1.566 214
1.567 202
1.568 198
1.569 213
1.570 176
1.571 197
1.572 217
1.573 227
1.574 185
1.575 210
1.576 225
1.577 187
1.578 213
1.579 221
1.580 213
1.581 194
1.582 200
1.583 192
1.584 181
1.585 198
1.586 196
1.587 184
1.588 184
1.589 207
1.590 200
1.591 197
1.592 199
1.593 223
1.594 210
1.595 209
1.596 214
1.597 232
1.598 207
1.599 227
1.600 222
1.601 211
1.602 185
1.603 202
1.604 205
1.605 217
1.606 184
1.607 229
1.608 197
1.609 204
1.610 194
1.611 224
1.612 194
1.613 179
1.614 206
1.615 212
1.616 206
1.617 190
1.618 200
1.619 192
1.620 180
1.621 191
1.622 203
1.623 218
1.624 205
1.625 216
1.626 187
1.627 210
1.628 197
1.629 183
1.630 208
1.631 202
1.632 188
1.633 189
1.634 189
1.635 199
1.636 212
1.637 206
1.638 221
1.639 220
1.640 193
1.641 194
1.642 204
1.643 176
1.644 182
1.645 190
1.646 173
1.647 207
1.648 197
1.649 179
1.650 192
1.651 191
1.652 185
1.653 178
1.654 195
1.655 170
1.656 188
1.657 190
1.658 178
1.659 187
1.660 197
1.661 174
1.662 175
1.663 197
1.664 197
1.665 171
1.666 202
1.667 202
1.668 198
1.669 195
1.670 197
1.671 190
1.672 168
1.673 173
1.674 176
1.675 203
1.676 176
1.677 193
1.678 173
1.679 201
1.680 170
1.681 176
1.682 181
1.683 171
1.684 197
1.685 195
1.686 181
1.687 180
1.688 164
1.689 205
1.690 167
1.691 190
1.692 182
1.693 186
1.694 171
1.695 189
1.696 180
1.697 176
1.698 193
1.699 172
1.700 182
1.701 193
1.702 207
1.703 173
1.704 187
1.705 193
1.706 205
1.707 179
1.708 181
1.709 189
1.710 184
1.711 157
1.712 201
1.713 172
1.714 165
1.715 188
1.716 176
1.717 171
1.718 185
1.719 194
1.720 219
1.721 181
1.722 186
1.723 174
1.724 171
1.725 167
1.726 188
1.727 195
1.728 160
1.729 178
1.730 178
1.731 188
1.732 183
1.733 163
1.734 172
1.735 183
1.736 196
1.737 160
1.738 156
1.739 160
1.740 188
1.741 157
1.742 158
1.743 196
1.744 178
1.745 173
1.746 158
1.747 165
1.748 157
1.749 180
1.750 171
1.751 158
1.752 156
1.753 168
1.754 168
1.755 202
1.756 186
1.757 176
1.758 168
1.759 172
1.760 149
1.761 161
1.762 162
1.763 153
1.764 177
1.765 176
1.766 182
1.767 175
1.768 160
1.769 170
1.770 180
1.771 156
1.772 172
1.773 166
1.774 159
1.775 163
1.776 146
1.777 145
1.778 176
1.779 167
1.780 158
1.781 175
1.782 172
1.783 173
1.784 163
1.785 181
1.786 184
1.787 150
1.788 192
1.789 185
1.790 164
1.791 190
1.792 158
1.793 183
1.794 154
1.795 164
1.796 144
1.797 162
1.798 158
1.799 151
1.800 177
1.801 165
1.802 192
1.803 139
1.804 182
1.805 173
1.806 165
1.807 158
1.808 160
1.809 170
1.810 178
1.811 174
1.812 181
1.813 170
1.814 161
1.815 140
1.816 165
1.817 171
1.818 139
1.819 161
1.820 166
1.821 159
1.822 167
1.823 156
1.824 182
1.825 144
1.826 168
1.827 157
1.828 167
1.829 163
1.830 140
1.831 158
1.832 178
1.833 153
1.834 146
1.835 149
1.836 153
1.837 171
1.838 141
1.839 149
1.840 154
1.841 174
1.842 150
1.843 159
1.844 167
1.845 176
1.846 151
1.847 151
1.848 148
1.849 167
1.850 157
1.851 139
1.852 149
1.853 158
1.854 135
1.855 153
1.856 168
1.857 128
1.858 171
1.859 156
1.860 154
1.861 178
1.862 162
1.863 164
1.864 176
1.865 148
1.866 177
1.867 171
1.868 149
1.869 141
1.870 160
1.871 171
1.872 149
1.873 154
1.874 157
1.875 153
1.876 194
1.877 168
1.878 143
1.879 177
1.880 157
1.881 133
1.882 143
1.883 140
1.884 167
1.885 175
1.886 164
1.887 132
1.888 147
1.889 160
1.890 139
1.891 181
1.892 146
1.893 154
1.894 145
1.895 151
1.896 145
1.897 152
1.898 143
1.899 145
1.900 156
1.901 162
1.902 136
1.903 137
1.904 152
1.905 153
1.906 133
1.907 145
1.908 135
1.909 141
1.910 134
1.911 152
1.912 148
1.913 146
1.914 133
1.915 155
1.916 139
1.917 143
1.918 152
1.919 145
1.920 134
1.921 130
1.922 122
1.923 145
1.924 166
1.925 127
1.926 156
1.927 161
1.928 144
1.929 125
1.930 148
1.931 156
1.932 135
1.933 150
1.934 121
1.935 129
1.936 161
1.937 140
1.938 163
1.939 168
1.940 130
1.941 128
1.942 130
1.943 135
1.944 151
1.945 153
1.946 136
1.947 146
1.948 125
1.949 145
1.950 141
1.951 133
1.952 136
1.953 118
1.954 113
1.955 141
1.956 157
1.957 148
1.958 140
1.959 136
1.960 120
1.961 157
1.962 114
1.963 114
1.964 154
1.965 153
1.966 151
1.967 138
1.968 136
1.969 157
1.970 130
1.971 134
1.972 120
1.973 142
1.974 149
1.975 164
1.976 158
1.977 127
1.978 155
1.979 131
1.980 115
1.981 126
1.982 156
1.983 138
1.984 130
1.985 150
1.986 129
1.987 135
1.988 119
1.989 123
1.990 126
1.991 148
1.992 148
1.993 115
1.994 121
1.995 126
1.996 148
1.997 163
1.998 134
1.999 117
10.024 1
10.059 1
10.097 1
10.112 1
10.117 1
10.180 1
10.181 1
10.385 1
10.421 1
10.430 1
10.437 1
10.483 1
10.503 1
10.530 1
10.592 1
10.652 1
10.653 1
10.681 1
10.707 1
10.748 1
10.787 1
10.848 1
10.863 1
10.865 1
10.896 1
11.126 1
11.188 1
11.271 1
11.341 1
11.501 1
11.533 1
11.603 1
11.666 1
11.669 1
11.825 1
12.828 1
13.461 1
14.069 1
14.101 1
16.734 1
2.000 124
2.001 159
2.002 153
2.003 138
2.004 138
2.005 131
2.006 125
2.007 122
2.008 144
2.009 138
2.010 120
2.011 124
2.012 119
2.013 138
2.014 124
2.015 148
2.016 131
2.017 132
2.018 149
2.019 125
2.020 128
2.021 134
2.022 146
2.023 161
2.024 136
2.025 125
2.026 141
2.027 122
2.028 140
2.029 135
2.030 120
2.031 141
2.032 137
2.033 117
2.034 122
2.035 135
2.036 166
2.037 160
2.038 136
2.039 130
2.040 121
2.041 136
2.042 143
2.043 121
2.044 122
2.045 139
2.046 130
2.047 106
2.048 116
2.049 126
2.050 118
2.051 116
2.052 138
2.053 119
2.054 135
2.055 140
2.056 150
2.057 132
2.058 125
2.059 134
2.060 133
2.061 134
2.062 106
2.063 133
2.064 122
2.065 129
2.066 147
2.067 114
2.068 137
2.069 116
2.070 146
2.071 118
2.072 129
2.073 117
2.074 132
2.075 130
2.076 137
2.077 132
2.078 122
2.079 126
2.080 126
2.081 138
2.082 143
2.083 129
2.084 132
2.085 145
2.086 132
2.087 131
2.088 132
2.089 129
2.090 139
2.091 126
2.092 141
2.093 141
2.094 113
2.095 116
2.096 128
2.097 109
2.098 119
2.099 119
2.100 114
2.101 136
2.102 118
2.103 121
2.104 122
2.105 108
2.106 129
2.107 121
2.108 122
2.109 109
2.110 125
2.111 112
2.112 119
2.113 123
2.114 123
2.115 116
2.116 95
2.117 128
2.118 100
2.119 106
2.120 125
2.121 125
2.122 106
2.123 124
2.124 115
2.125 116
2.126 110
2.127 128
2.128 134
2.129 134
2.130 103
2.131 126
2.132 120
2.133 121
2.134 108
2.135 135
2.136 142
2.137 128
2.138 108
2.139 111
2.140 120
2.141 126
2.142 125
2.143 109
2.144 109
2.145 121
2.146 115
2.147 109
2.148 129
2.149 133
2.150 128
2.151 102
2.152 105
2.153 112
2.154 118
2.155 115
2.156 113
2.157 110
2.158 116
2.159 119
2.160 103
2.161 110
2.162 102
2.163 125
2.164 119
2.165 122
2.166 99
2.167 136
2.168 114
2.169 103
2.170 129
2.171 104
2.172 98
2.173 105
2.174 108
2.175 80
2.176 119
2.177 118
2.178 120
2.179 100
2.180 119
2.181 109
2.182 126
2.183 104
2.184 105
2.185 101
2.186 107
2.187 103
2.188 94
2.189 112
2.190 109
2.191 101
2.192 112
2.193 130
2.194 111
2.195 104
2.196 119
2.197 116
2.198 109
2.199 121
2.200 122
2.201 102
2.202 107
2.203 107
2.204 111
2.205 107
2.206 103
2.207 100
2.208 123
2.209 98
2.210 105
2.211 109
2.212 101
2.213 108
2.214 122
2.215 95
2.216 105
2.217 105
2.218 114
2.219 104
2.220 90
2.221 102
2.222 102
2.223 104
2.224 107
2.225 102
2.226 98
2.227 110
2.228 105
2.229 86
2.230 100
2.231 111
2.232 99
2.233 120
2.234 119
2.235 101
2.236 104
2.237 104
2.238 120
2.239 102
2.240 95
2.241 113
2.242 88
2.243 115
2.244 117
2.245 109
2.246 108
2.247 104
2.248 99
2.249 106
2.250 125
2.251 116
2.252 92
2.253 110
2.254 107
2.255 110
2.256 113
2.257 126
2.258 120
2.259 92
2.260 101
2.261 105
2.262 102
2.263 102
2.264 98
2.265 100
2.266 100
2.267 113
2.268 101
2.269 91
2.270 96
2.271 103
2.272 106
2.273 106
2.274 116
2.275 87
2.276 103
2.277 102
2.278 107
2.279 95
2.280 106
2.281 86
2.282 110
2.283 100
2.284 95
2.285 116
2.286 104
2.287 100
2.288 111
2.289 101
2.290 98
2.291 112
2.292 108
2.293 103
2.294 116
2.295 102
2.296 117
2.297 100
2.298 117
2.299 106
2.300 116
2.301 102
2.302 101
2.303 103
2.304 104
2.305 92
2.306 106
2.307 125
2.308 98
2.309 95
2.310 97
2.311 93
2.312 81
2.313 102
2.314 107
2.315 90
2.316 104
2.317 84
2.318 94
2.319 98
2.320 93
2.321 85
2.322 98
2.323 102
2.324 105
2.325 102
2.326 95
2.327 109
2.328 98
2.329 102
2.330 102
2.331 82
2.332 106
2.333 95
2.334 102
2.335 91
2.336 99
2.337 100
2.338 97
2.339 79
2.340 111
2.341 92
2.342 86
2.343 98
2.344 103
2.345 80
2.346 98
2.347 106
2.348 97
2.349 96
2.350 106
2.351 84
2.352 81
2.353 87
2.354 85
2.355 98
2.356 112
2.357 104
2.358 86
2.359 97
2.360 97
2.361 89
2.362 98
2.363 88
2.364 86
2.365 100
2.366 94
2.367 81
2.368 87
2.369 91
2.370 110
2.371 85
2.372 97
2.373 100
2.374 103
2.375 81
2.376 72
2.377 114
2.378 100
2.379 96
2.380 103
2.381 89
2.382 85
2.383 77
2.384 112
2.385 83
2.386 99
2.387 96
2.388 98
2.389 103
2.390 82
2.391 86
2.392 105
2.393 78
2.394 92
2.395 89
2.396 93
2.397 85
2.398 106
2.399 95
2.400 80
2.401 81
2.402 79
2.403 73
2.404 86
2.405 84
2.406 94
2.407 102
2.408 95
2.409 98
2.410 93
2.411 100
2.412 89
2.413 87
2.414 77
2.415 85
2.416 93
2.417 74
2.418 100
2.419 98
2.420 95
2.421 79
2.422 98
2.423 96
2.424 97
2.425 91
2.426 80
2.427 86
2.428 98
2.429 96
2.430 61
2.431 80
2.432 78
2.433 93
2.434 84
2.435 79
2.436 85
2.437 74
2.438 84
2.439 74
2.440 80
2.441 90
2.442 92
2.443 76
2.444 105
2.445 79
2.446 83
2.447 86
2.448 79
2.449 97
2.450 73
2.451 83
2.452 96
2.453 88
2.454 88
2.455 90
2.456 104
2.457 73
2.458 85
2.459 90
2.460 86
2.461 84
2.462 82
2.463 90
2.464 108
2.465 92
2.466 81
2.467 80
2.468 79
2.469 86
2.470 91
2.471 82
2.472 96
2.473 66
2.474 77
2.475 101
2.476 86
2.477 83
2.478 89
2.479 85
2.480 65
2.481 87
2.482 101
2.483 78
2.484 74
2.485 85
2.486 68
2.487 84
2.488 72
2.489 73
2.490 89
2.491 72
2.492 86
2.493 86
2.494 94
2.495 83
2.496 75
2.497 81
2.498 73
2.499 69
2.500 73
2.501 84
2.502 85
2.503 70
2.504 58
2.505 73
2.506 78
2.507 73
2.508 91
2.509 78
2.510 79
2.511 80
2.512 76
2.513 101
2.514 83
2.515 88
2.516 87
2.517 71
2.518 78
2.519 87
2.520 85
2.521 65
2.522 60
2.523 101
2.524 80
2.525 84
2.526 67
2.527 76
2.528 63
2.529 88
2.530 82
2.531 77
2.532 71
2.533 85
2.534 78
2.535 68
2.536 86
2.537 79
2.538 87
2.539 76
2.540 74
2.541 68
2.542 74
2.543 85
2.544 85
2.545 73
2.546 83
2.547 73
2.548 67
2.549 79
2.550 92
2.551 73
2.552 76
2.553 86
2.554 66
2.555 80
2.556 79
2.557 74
2.558 86
2.559 64
2.560 79
2.561 90
2.562 75
2.563 79
2.564 70
2.565 85
2.566 71
2.567 75
2.568 79
2.569 75
2.570 67
2.571 83
2.572 75
2.573 81
2.574 81
2.575 75
2.576 75
2.577 66
2.578 63
2.579 91
2.580 75
2.581 61
2.582 83
2.583 67
2.584 63
2.585 69
2.586 68
2.587 76
2.588 77
2.589 65
2.590 73
2.591 80
2.592 77
2.593 78
2.594 72
2.595 63
2.596 70
2.597 77
2.598 74
2.599 76
2.600 63
2.601 73
2.602 63
2.603 70
2.604 50
2.605 78
2.606 78
2.607 71
2.608 68
2.609 62
2.610 77
2.611 78
2.612 70
2.613 77
2.614 91
2.615 83
2.616 68
2.617 72
2.618 68
2.619 67
2.620 72
2.621 78
2.622 72
2.623 80
2.624 64
2.625 68
2.626 60
2.627 81
2.628 76
2.629 73
2.630 52
2.631 76
2.632 79
2.633 74
2.634 86
2.635 69
2.636 48
2.637 80
2.638 77
2.639 74
2.640 72
2.641 67
2.642 82
2.643 70
2.644 71
2.645 65
2.646 78
2.647 61
2.648 70
2.649 63
2.650 70
2.651 60
2.652 69
2.653 67
2.654 65
2.655 73
2.656 76
2.657 78
2.658 50
2.659 55
2.660 65
2.661 66
2.662 70
2.663 63
2.664 56
2.665 81
2.666 64
2.667 69
2.668 72
2.669 76
2.670 72
2.671 71
2.672 51
2.673 67
2.674 64
2.675 72
2.676 79
2.677 69
2.678 72
2.679 76
2.680 64
2.681 68
2.682 73
2.683 66
2.684 62
2.685 71
2.686 62
2.687 60
2.688 69
2.689 74
2.690 59
2.691 61
2.692 61
2.693 58
2.694 62
2.695 76
2.696 69
2.697 60
2.698 75
2.699 71
2.700 67
2.701 69
2.702 83
2.703 58
2.704 65
2.705 73
2.706 79
2.707 68
2.708 52
2.709 69
2.710 77
2.711 79
2.712 63
2.713 78
2.714 67
2.715 75
2.716 78
2.717 77
2.718 71
2.719 64
2.720 72
2.721 64
2.722 72
2.723 67
2.724 72
2.725 54
2.726 65
2.727 71
2.728 69
2.729 63
2.730 68
2.731 58
2.732 66
2.733 85
2.734 66
2.735 75
2.736 60
2.737 73
2.738 62
2.739 64
2.740 66
2.741 64
2.742 78
2.743 72
2.744 48
2.745 64
2.746 65
2.747 72
2.748 60
2.749 67
2.750 61
2.751 68
2.752 48
2.753 61
2.754 64
2.755 56
2.756 58
2.757 64
2.758 63
2.759 57
2.760 72
2.761 63
2.762 59
2.763 69
2.764 62
2.765 61
2.766 70
2.767 72
2.768 65
2.769 64
2.770 62
2.771 59
2.772 77
2.773 77
2.774 60
2.775 50
2.776 75
2.777 66
2.778 61
2.779 56
2.780 62
2.781 49
2.782 60
2.783 71
2.784 58
2.785 67
2.786 77
2.787 60
2.788 61
2.789 59
2.790 50
2.791 54
2.792 63
2.793 54
2.794 50
2.795 52
2.796 70
2.797 65
2.798 63
2.799 69
2.800 73
2.801 70
2.802 67
2.803 65
2.804 56
2.805 55
2.806 68
2.807 55
2.808 59
2.809 52
2.810 49
2.811 51
2.812 61
2.813 67
2.814 52
2.815 57
2.816 58
2.817 58
2.818 58
2.819 67
2.820 74
2.821 60
2.822 54
2.823 49
2.824 61
2.825 58
2.826 61
2.827 66
2.828 46
2.829 50
2.830 68
2.831 48
2.832 63
2.833 62
2.834 74
2.835 60
2.836 63
2.837 52
2.838 54
2.839 47
2.840 50
2.841 67
2.842 60
2.843 57
2.844 62
2.845 60
2.846 48
2.847 46
2.848 70
2.849 67
2.850 61
2.851 56
2.852 47
2.853 71
2.854 54
2.855 55
2.856 46
2.857 61
2.858 50
2.859 63
2.860 58
2.861 52
2.862 51
2.863 51
2.864 49
2.865 61
2.866 55
2.867 56
2.868 53
2.869 60
2.870 65
2.871 63
2.872 57
2.873 50
2.874 79
2.875 51
2.876 62
2.877 56
2.878 54
2.879 48
2.880 66
2.881 56
2.882 60
2.883 57
2.884 49
2.885 63
2.886 64
2.887 63
2.888 48
2.889 41
2.890 58
2.891 57
2.892 64
2.893 64
2.894 50
2.895 47
2.896 57
2.897 43
2.898 53
2.899 59
2.900 42
2.901 66
2.902 47
2.903 36
2.904 47
2.905 55
2.906 39
2.907 47
2.908 46
2.909 53
2.910 66
2.911 55
2.912 56
2.913 60
2.914 57
2.915 58
2.916 55
2.917 56
2.918 59
2.919 54
2.920 61
2.921 55
2.922 49
2.923 50
2.924 47
2.925 52
2.926 57
2.927 44
2.928 66
2.929 51
2.930 46
2.931 54
2.932 56
2.933 59
2.934 56
2.935 47
2.936 58
2.937 57
2.938 44
2.939 51
2.940 74
2.941 62
2.942 58
2.943 64
2.944 56
2.945 53
2.946 51
2.947 48
2.948 64
2.949 66
2.950 47
2.951 54
2.952 58
2.953 62
2.954 47
2.955 49
2.956 42
2.957 42
2.958 41
2.959 48
2.960 66
2.961 44
2.962 43
2.963 59
2.964 47
2.965 63
2.966 49
2.967 60
2.968 48
2.969 60
2.970 46
2.971 46
2.972 57
2.973 48
2.974 44
2.975 44
2.976 47
2.977 44
2.978 53
2.979 45
2.980 53
2.981 52
2.982 50
2.983 54
2.984 60
2.985 56
2.986 54
2.987 60
2.988 49
2.989 60
2.990 46
2.991 43
2.992 61
2.993 48
2.994 58
2.995 39
2.996 52
2.997 52
2.998 57
2.999 47
3.000 59
3.001 60
3.002 55
3.003 42
3.004 46
3.005 55
3.006 42
3.007 66
3.008 52
3.009 49
3.010 47
3.011 59
3.012 50
3.013 40
3.014 57
3.015 63
3.016 57
3.017 55
3.018 51
3.019 38
3.020 53
3.021 38
3.022 53
3.023 37
3.024 47
3.025 53
3.026 39
3.027 51
3.028 62
3.029 44
3.030 45
3.031 58
3.032 49
3.033 54
3.034 55
3.035 46
3.036 44
3.037 63
3.038 43
3.039 43
3.040 50
3.041 59
3.042 47
3.043 35
3.044 51
3.045 43
3.046 51
3.047 55
3.048 50
3.049 60
3.050 47
3.051 46
3.052 47
3.053 47
3.054 46
3.055 37
3.056 57
3.057 42
3.058 45
3.059 39
3.060 33
3.061 58
3.062 50
3.063 47
3.064 43
3.065 46
3.066 30
3.067 44
3.068 48
3.069 45
3.070 46
3.071 51
3.072 39
3.073 49
3.074 40
3.075 50
3.076 44
3.077 45
3.078 51
3.079 41
3.080 39
3.081 54
3.082 53
3.083 64
3.084 51
3.085 60
3.086 47
3.087 54
3.088 49
3.089 48
3.090 50
3.091 42
3.092 43
3.093 40
3.094 48
3.095 43
3.096 52
3.097 53
3.098 54
3.099 42
3.100 42
3.101 51
3.102 52
3.103 34
3.104 45
3.105 34
3.106 33
3.107 36
3.108 44
3.109 47
3.110 44
3.111 38
3.112 31
3.113 35
3.114 52
3.115 49
3.116 47
3.117 40
3.118 46
3.119 44
3.120 41
3.121 44
3.122 38
3.123 42
3.124 46
3.125 49
3.126 43
3.127 53
3.128 32
3.129 36
3.130 49
3.131 43
3.132 52
3.133 53
3.134 38
3.135 43
3.136 61
3.137 39
3.138 46
3.139 38
3.140 59
3.141 45
3.142 47
3.143 53
3.144 47
3.145 47
3.146 30
3.147 50
3.148 42
3.149 41
3.150 48
3.151 36
3.152 44
3.153 39
3.154 50
3.155 32
3.156 47
3.157 50
3.158 41
3.159 42
3.160 55
3.161 50
3.162 44
3.163 40
3.164 35
3.165 48
3.166 35
3.167 49
3.168 56
3.169 41
3.170 31
3.171 36
3.172 31
3.173 37
3.174 34
3.175 41
3.176 50
3.177 44
3.178 38
3.179 43
3.180 47
3.181 49
3.182 36
3.183 40
3.184 48
3.185 41
3.186 44
3.187 38
3.188 38
3.189 40
3.190 51
3.191 53
3.192 41
3.193 47
3.194 41
3.195 29
3.196 38
3.197 55
3.198 32
3.199 35
3.200 35
3.201 46
3.202 46
3.203 38
3.204 44
3.205 39
3.206 34
3.207 40
3.208 37
3.209 42
3.210 47
3.211 43
3.212 33
3.213 42
3.214 43
3.215 32
3.216 39
3.217 42
3.218 43
3.219 44
3.220 36
3.221 44
3.222 32
3.223 37
3.224 38
3.225 26
3.226 42
3.227 42
3.228 32
3.229 39
3.230 32
3.231 35
3.232 34
3.233 37
3.234 31
3.235 33
3.236 41
3.237 34
3.238 44
3.239 36
3.240 38
3.241 30
3.242 35
3.243 47
3.244 31
3.245 41
3.246 38
3.247 38
3.248 37
3.249 36
3.250 43
3.251 32
3.252 24
3.253 42
3.254 49
3.255 39
3.256 40
3.257 32
3.258 37
3.259 36
3.260 45
3.261 66
3.262 28
3.263 42
3.264 24
3.265 34
3.266 28
3.267 34
3.268 51
3.269 42
3.270 39
3.271 35
3.272 27
3.273 40
3.274 53
3.275 32
3.276 25
3.277 40
3.278 37
3.279 31
3.280 42
3.281 29
3.282 39
3.283 39
3.284 25
3.285 39
3.286 50
3.287 37
3.288 32
3.289 35
3.290 44
3.291 39
3.292 42
3.293 34
3.294 53
3.295 42
3.296 32
3.297 41
3.298 38
3.299 29
3.300 47
3.301 42
3.302 40
3.303 34
3.304 26
3.305 25
3.306 40
3.307 35
3.308 26
3.309 34
3.310 45
3.311 31
3.312 43
3.313 32
3.314 38
3.315 36
3.316 32
3.317 35
3.318 29
3.319 29
3.320 38
3.321 37
3.322 36
3.323 50
3.324 33
3.325 35
3.326 38
3.327 38
3.328 37
3.329 44
3.330 45
3.331 40
3.332 33
3.333 41
3.334 29
3.335 41
3.336 32
3.337 35
3.338 36
3.339 34
3.340 22
3.341 33
3.342 30
3.343 42
3.344 32
3.345 33
3.346 37
3.347 32
3.348 38
3.349 36
3.350 40
3.351 32
3.352 32
3.353 43
3.354 41
3.355 36
3.356 40
3.357 34
3.358 38
3.359 38
3.360 34
3.361 40
3.362 37
3.363 25
3.364 35
3.365 29
3.366 43
3.367 29
3.368 32
3.369 25
3.370 36
3.371 30
3.372 31
3.373 33
3.374 30
3.375 46
3.376 47
3.377 45
3.378 35
3.379 27
3.380 24
3.381 30
3.382 31
3.383 34
3.384 34
3.385 34
3.386 31
3.387 37
3.388 29
3.389 42
3.390 44
3.391 25
3.392 25
3.393 31
3.394 36
3.395 29
3.396 35
3.397 37
3.398 38
3.399 40
3.400 40
3.401 34
3.402 34
3.403 33
3.404 32
3.405 43
3.406 42
3.407 36
3.408 41
3.409 38
3.410 33
3.411 24
3.412 36
3.413 42
3.414 38
3.415 37
3.416 39
3.417 27
3.418 24
3.419 42
3.420 32
3.421 34
3.422 23
3.423 33
3.424 30
3.425 33
3.426 42
3.427 33
3.428 36
3.429 33
3.430 38
3.431 39
3.432 38
3.433 35
3.434 23
3.435 16
3.436 34
3.437 27
3.438 32
3.439 41
3.440 33
3.441 30
3.442 32
3.443 37
3.444 29
3.445 33
3.446 43
3.447 20
3.448 25
3.449 32
3.450 29
3.451 26
3.452 26
3.453 32
3.454 41
3.455 27
3.456 22
3.457 26
3.458 29
3.459 35
3.460 36
3.461 28
3.462 31
3.463 31
3.464 31
3.465 30
3.466 35
3.467 30
3.468 26
3.469 30
3.470 26
3.471 26
3.472 31
3.473 23
3.474 36
3.475 23
3.476 30
3.477 27
3.478 31
3.479 28
3.480 27
3.481 30
3.482 25
3.483 30
3.484 34
3.485 30
3.486 20
3.487 42
3.488 30
3.489 30
3.490 32
3.491 28
3.492 37
3.493 30
3.494 40
3.495 35
3.496 31
3.497 32
3.498 22
3.499 32
3.500 29
3.501 19
3.502 34
3.503 27
3.504 40
3.505 29
3.506 31
3.507 27
3.508 22
3.509 31
3.510 20
3.511 29
3.512 33
3.513 24
3.514 30
3.515 28
3.516 24
3.517 36
3.518 26
3.519 29
3.520 34
3.521 37
3.522 32
3.523 25
3.524 23
3.525 27
3.526 19
3.527 29
3.528 25
3.529 40
3.530 28
3.531 31
3.532 26
3.533 33
3.534 34
3.535 33
3.536 29
3.537 31
3.538 29
3.539 28
3.540 28
3.541 27
3.542 25
3.543 29
3.544 31
3.545 36
3.546 23
3.547 34
3.548 35
3.549 26
3.550 31
3.551 25
3.552 27
3.553 41
3.554 21
3.555 30
3.556 24
3.557 30
3.558 34
3.559 26
3.560 27
3.561 25
3.562 17
3.563 20
3.564 40
3.565 28
3.566 24
3.567 29
3.568 30
3.569 25
3.570 24
3.571 24
3.572 21
3.573 20
3.574 39
3.575 29
3.576 34
3.577 30
3.578 34
3.579 27
3.580 24
3.581 34
3.582 26
3.583 26
3.584 30
3.585 30
3.586 25
3.587 33
3.588 25
3.589 29
3.590 24
3.591 22
3.592 27
3.593 29
3.594 23
3.595 22
3.596 28
3.597 24
3.598 28
3.599 18
3.600 25
3.601 38
3.602 28
3.603 37
3.604 27
3.605 29
3.606 22
3.607 25
3.608 27
3.609 27
3.610 33
3.611 25
3.612 17
3.613 25
3.614 25
3.615 24
3.616 24
3.617 29
3.618 27
3.619 27
3.620 22
3.621 32
3.622 15
3.623 27
3.624 27
3.625 36
3.626 28
3.627 35
3.628 25
3.629 20
3.630 26
3.631 31
3.632 20
3.633 26
3.634 30
3.635 38
3.636 27
3.637 25
3.638 26
3.639 27
3.640 22
3.641 24
3.642 24
3.643 24
3.644 28
3.645 33
3.646 28
3.647 16
3.648 22
3.649 28
3.650 22
3.651 24
3.652 33
3.653 23
3.654 27
3.655 28
3.656 24
3.657 20
3.658 25
3.659 21
3.660 23
3.661 24
3.662 21
3.663 27
3.664 30
3.665 19
3.666 26
3.667 21
3.668 23
3.669 30
3.670 25
3.671 25
3.672 21
3.673 23
3.674 26
3.675 30
3.676 28
3.677 25
3.678 26
3.679 24
3.680 21
3.681 33
3.682 17
3.683 22
3.684 26
3.685 21
3.686 22
3.687 20
3.688 24
3.689 28
3.690 22
3.691 30
3.692 23
3.693 22
3.694 24
3.695 21
3.696 19
3.697 21
3.698 25
3.699 29
3.700 26
3.701 30
3.702 29
3.703 22
3.704 20
3.705 25
3.706 25
3.707 33
3.708 19
3.709 26
3.710 26
3.711 29
3.712 33
3.713 20
3.714 22
3.715 33
3.716 20
3.717 30
3.718 20
3.719 42
3.720 24
3.721 22
3.722 23
3.723 20
3.724 23
3.725 25
3.726 28
3.727 20
3.728 28
3.729 26
3.730 20
3.731 23
3.732 24
3.733 17
3.734 26
3.735 27
3.736 20
3.737 20
3.738 24
3.739 33
3.740 14
3.741 28
3.742 22
3.743 24
3.744 33
3.745 19
3.746 20
3.747 25
3.748 15
3.749 27
3.750 37
3.751 23
3.752 23
3.753 24
3.754 23
3.755 17
3.756 24
3.757 22
3.758 19
3.759 23
3.760 33
3.761 26
3.762 20
3.763 31
3.764 23
3.765 28
3.766 30
3.767 29
3.768 18
3.769 25
3.770 23
3.771 21
3.772 21
3.773 21
3.774 28
3.775 28
3.776 24
3.777 28
3.778 23
3.779 25
3.780 22
3.781 31
3.782 30
3.783 28
3.784 27
3.785 12
3.786 21
3.787 16
3.788 25
3.789 15
3.790 19
3.791 13
3.792 20
3.793 18
3.794 22
3.795 23
3.796 29
3.797 13
3.798 19
3.799 23
3.800 28
3.801 22
3.802 24
3.803 28
3.804 22
3.805 26
3.806 22
3.807 22
3.808 27
3.809 24
3.810 25
3.811 23
3.812 18
3.813 15
3.814 20
3.815 29
3.816 28
3.817 15
3.818 17
3.819 26
3.820 18
3.821 23
3.822 23
3.823 32
3.824 15
3.825 27
3.826 24
3.827 28
3.828 23
3.829 17
3.830 20
3.831 25
3.832 28
3.833 26
3.834 19
3.835 15
3.836 10
3.837 14
3.838 20
3.839 17
3.840 22
3.841 28
3.842 15
3.843 24
3.844 22
3.845 16
3.846 19
3.847 21
3.848 26
3.849 18
3.850 16
3.851 16
3.852 20
3.853 22
3.854 22
3.855 25
3.856 26
3.857 22
3.858 17
3.859 25
3.860 25
3.861 21
3.862 24
3.863 21
3.864 16
3.865 24
3.866 30
3.867 20
3.868 27
3.869 20
3.870 24
3.871 22
3.872 17
3.873 21
3.874 23
3.875 10
3.876 16
3.877 23
3.878 19
3.879 16
3.880 24
3.881 10
3.882 19
3.883 22
3.884 23
3.885 24
3.886 23
3.887 26
3.888 15
3.889 14
3.890 11
3.891 22
3.892 26
3.893 27
3.894 21
3.895 26
3.896 13
3.897 28
3.898 14
3.899 19
3.900 28
3.901 17
3.902 18
3.903 19
3.904 20
3.905 14
3.906 25
3.907 15
3.908 32
3.909 16
3.910 24
3.911 19
3.912 21
3.913 27
3.914 19
3.915 27
3.916 22
3.917 24
3.918 15
3.919 21
3.920 21
3.921 26
3.922 16
3.923 19
3.924 14
3.925 19
3.926 14
3.927 23
3.928 12
3.929 18
3.930 20
3.931 21
3.932 28
3.933 14
3.934 25
3.935 18
3.936 9
3.937 17
3.938 15
3.939 25
3.940 16
3.941 14
3.942 19
3.943 21
3.944 31
3.945 22
3.946 13
3.947 26
3.948 18
3.949 12
3.950 16
3.951 25
3.952 12
3.953 23
3.954 19
3.955 17
3.956 15
3.957 14
3.958 17
3.959 23
3.960 21
3.961 18
3.962 18
3.963 33
3.964 15
3.965 18
3.966 20
3.967 22
3.968 20
3.969 26
3.970 19
3.971 17
3.972 22
3.973 12
3.974 19
3.975 19
3.976 27
3.977 20
3.978 20
3.979 22
3.980 17
3.981 20
3.982 19
3.983 23
3.984 17
3.985 19
3.986 25
3.987 13
3.988 20
3.989 17
3.990 21
3.991 21
3.992 15
3.993 18
3.994 16
3.995 20
3.996 22
3.997 19
3.998 15
3.999 14
4.000 15
4.001 21
4.002 19
4.003 19
4.004 18
4.005 15
4.006 19
4.007 15
4.008 14
4.009 14
4.010 17
4.011 18
4.012 19
4.013 14
4.014 15
4.015 14
4.016 21
4.017 18
4.018 19
4.019 24
4.020 15
4.021 25
4.022 25
4.023 19
4.024 12
4.025 13
4.026 18
4.027 19
4.028 22
4.029 19
4.030 18
4.031 13
4.032 25
4.033 19
4.034 20
4.035 20
4.036 22
4.037 17
4.038 22
4.039 12
4.040 13
4.041 15
4.042 19
4.043 20
4.044 15
4.045 28
4.046 24
4.047 19
4.048 12
4.049 22
4.050 14
4.051 21
4.052 15
4.053 14
4.054 17
4.055 12
4.056 18
4.057 11
4.058 14
4.059 19
4.060 20
4.061 22
4.062 18
4.063 18
4.064 20
4.065 9
4.066 14
4.067 18
4.068 14
4.069 15
4.070 12
4.071 17
4.072 20
4.073 15
4.074 18
4.075 11
4.076 26
4.077 12
4.078 18
4.079 10
4.080 16
4.081 9
4.082 14
4.083 23
4.084 21
4.085 14
4.086 18
4.087 20
4.088 15
4.089 19
4.090 19
4.091 15
4.092 15
4.093 18
4.094 20
4.095 14
4.096 15
4.097 11
4.098 13
4.099 13
4.100 13
4.101 18
4.102 10
4.103 17
4.104 29
4.105 11
4.106 13
4.107 14
4.108 19
4.109 13
4.110 20
4.111 19
4.112 25
4.113 14
4.114 15
4.115 16
4.116 7
4.117 16
4.118 3
4.119 22
4.120 15
4.121 20
4.122 26
4.123 20
4.124 26
4.125 16
4.126 21
4.127 11
4.128 23
4.129 15
4.130 15
4.131 10
4.132 19
4.133 21
4.134 13
4.135 16
4.136 19
4.137 18
4.138 11
4.139 11
4.140 21
4.141 21
4.142 12
4.143 17
4.144 11
4.145 12
4.146 20
4.147 15
4.148 13
4.149 15
4.150 16
4.151 17
4.152 14
4.153 10
4.154 22
4.155 18
4.156 17
4.157 18
4.158 21
4.159 10
4.160 10
4.161 14
4.162 19
4.163 19
4.164 13
4.165 10
4.166 21
4.167 14
4.168 17
4.169 18
4.170 12
4.171 21
4.172 16
4.173 14
4.174 23
4.175 20
4.176 13
4.177 15
4.178 14
4.179 18
4.180 11
4.181 18
4.182 10
4.183 21
4.184 21
4.185 11
4.186 18
4.187 12
4.188 14
4.189 16
4.190 9
4.191 16
4.192 15
4.193 9
4.194 9
4.195 16
4.196 18
4.197 22
4.198 19
4.199 15
4.200 14
4.201 16
4.202 13
4.203 14
4.204 15
4.205 17
4.206 17
4.207 23
4.208 18
4.209 18
4.210 13
4.211 11
4.212 11
4.213 14
4.214 10
4.215 14
4.216 12
4.217 17
4.218 13
4.219 15
4.220 17
4.221 19
4.222 15
4.223 14
4.224 14
4.225 11
4.226 12
4.227 13
4.228 12
4.229 19
4.230 13
4.231 12
4.232 13
4.233 16
4.234 14
4.235 16
4.236 15
4.237 13
4.238 12
4.239 18
4.240 16
4.241 21
4.242 14
4.243 9
4.244 13
4.245 15
4.246 10
4.247 16
4.248 18
4.249 14
4.250 19
4.251 6
4.252 18
4.253 10
4.254 14
4.255 14
4.256 21
4.257 22
4.258 13
4.259 14
4.260 15
4.261 12
4.262 12
4.263 11
4.264 16
4.265 15
4.266 16
4.267 13
4.268 14
4.269 12
4.270 11
4.271 16
4.272 19
4.273 10
4.274 7
4.275 16
4.276 19
4.277 18
4.278 14
4.279 9
4.280 10
4.281 5
4.282 11
4.283 13
4.284 15
4.285 17
4.286 11
4.287 10
4.288 16
4.289 20
4.290 20
4.291 14
4.292 15
4.293 13
4.294 13
4.295 9
4.296 17
4.297 12
4.298 14
4.299 14
4.300 14
4.301 13
4.302 8
4.303 14
4.304 16
4.305 14
4.306 16
4.307 7
4.308 12
4.309 8
4.310 16
4.311 17
4.312 7
4.313 8
4.314 13
4.315 30
4.316 15
4.317 15
4.318 10
4.319 15
4.320 17
4.321 16
4.322 10
4.323 10
4.324 16
4.325 11
4.326 13
4.327 11
4.328 10
4.329 14
4.330 12
4.331 13
4.332 14
4.333 12
4.334 8
4.335 13
4.336 7
4.337 20
4.338 11
4.339 9
4.340 16
4.341 10
4.342 12
4.343 14
4.344 17
4.345 14
4.346 16
4.347 14
4.348 15
4.349 9
4.350 19
4.351 14
4.352 13
4.353 14
4.354 18
4.355 14
4.356 16
4.357 10
4.358 8
4.359 12
4.360 13
4.361 9
4.362 10
4.363 16
4.364 13
4.365 10
4.366 12
4.367 17
4.368 15
4.369 11
4.370 12
4.371 6
4.372 18
4.373 18
4.374 11
4.375 7
4.376 6
4.377 11
4.378 11
4.379 11
4.380 14
4.381 9
4.382 12
4.383 11
4.384 17
4.385 11
4.386 15
4.387 9
4.388 15
4.389 11
4.390 14
4.391 8
4.392 13
4.393 9
4.394 12
4.395 11
4.396 15
4.397 11
4.398 9
4.399 9
4.400 19
4.401 8
4.402 15
4.403 9
4.404 14
4.405 18
4.406 10
4.407 9
4.408 10
4.409 12
4.410 10
4.411 12
4.412 10
4.413 7
4.414 13
4.415 17
4.416 7
4.417 10
4.418 13
4.419 18
4.420 11
4.421 12
4.422 8
4.423 11
4.424 7
4.425 7
4.426 15
4.427 9
4.428 14
4.429 13
4.430 16
4.431 8
4.432 12
4.433 10
4.434 19
4.435 15
4.436 14
4.437 10
4.438 11
4.439 19
4.440 22
4.441 10
4.442 12
4.443 21
4.444 10
4.445 8
4.446 10
4.447 10
4.448 18
4.449 9
4.450 10
4.451 5
4.452 12
4.453 6
4.454 12
4.455 15
4.456 16
4.457 12
4.458 14
4.459 7
4.460 10
4.461 9
4.462 13
4.463 14
4.464 16
4.465 12
4.466 12
4.467 21
4.468 15
4.469 12
4.470 12
4.471 12
4.472 18
4.473 7
4.474 10
4.475 16
4.476 6
4.477 4
4.478 22
4.479 11
4.480 18
4.481 12
4.482 18
4.483 14
4.484 9
4.485 16
4.486 16
4.487 13
4.488 10
4.489 8
4.490 9
4.491 10
4.492 9
4.493 18
4.494 12
4.495 7
4.496 14
4.497 15
4.498 10
4.499 5
4.500 10
4.501 12
4.502 11
4.503 19
4.504 7
4.505 9
4.506 10
4.507 11
4.508 12
4.509 11
4.510 5
4.511 11
4.512 7
4.513 20
4.514 13
4.515 12
4.516 9
4.517 15
4.518 16
4.519 14
4.520 14
4.521 11
4.522 12
4.523 14
4.524 11
4.525 10
4.526 12
4.527 9
4.528 3
4.529 11
4.530 9
4.531 7
4.532 10
4.533 8
4.534 7
4.535 14
4.536 12
4.537 7
4.538 19
4.539 10
4.540 10
4.541 8
4.542 16
4.543 11
4.544 3
4.545 7
4.546 11
4.547 12
4.548 16
4.549 12
4.550 13
4.551 16
4.552 14
4.553 9
4.554 9
4.555 12
4.556 10
4.557 17
4.558 7
4.559 12
4.560 9
4.561 12
4.562 8
4.563 8
4.564 13
4.565 9
4.566 12
4.567 11
4.568 13
4.569 14
4.570 6
4.571 15
4.572 14
4.573 23
4.574 15
4.575 15
4.576 11
4.577 14
4.578 14
4.579 11
4.580 7
4.581 4
4.582 14
4.583 13
4.584 11
4.585 18
4.586 3
4.587 9
4.588 12
4.589 13
4.590 11
4.591 7
4.592 5
4.593 13
4.594 10
4.595 14
4.596 12
4.597 8
4.598 10
4.599 7
4.600 9
4.601 10
4.602 3
4.603 13
4.604 11
4.605 8
4.606 8
4.607 10
4.608 10
4.609 20
4.610 11
4.611 14
4.612 14
4.613 6
4.614 14
4.615 17
4.616 8
4.617 7
4.618 7
4.619 12
4.620 7
4.621 10
4.622 7
4.623 7
4.624 11
4.625 8
4.626 8
4.627 11
4.628 7
4.629 9
4.630 10
4.631 6
4.632 8
4.633 11
4.634 14
4.635 11
4.636 13
4.637 11
4.638 8
4.639 7
4.640 9
4.641 13
4.642 13
4.643 13
4.644 7
4.645 18
4.646 7
4.647 10
4.648 11
4.649 9
4.650 7
4.651 11
4.652 5
4.653 6
4.654 10
4.655 10
4.656 5
4.657 8
4.658 12
4.659 9
4.660 12
4.661 9
4.662 11
4.663 8
4.664 9
4.665 12
4.666 7
4.667 14
4.668 18
4.669 15
4.670 11
4.671 8
4.672 9
4.673 10
4.674 11
4.675 6
4.676 4
4.677 6
4.678 8
4.679 6
4.680 9
4.681 13
4.682 13
4.683 7
4.684 3
4.685 12
4.686 9
4.687 13
4.688 12
4.689 8
4.690 9
4.691 5
4.692 8
4.693 7
4.694 12
4.695 11
4.696 7
4.697 8
4.698 7
4.699 10
4.700 12
4.701 12
4.702 6
4.703 12
4.704 7
4.705 9
4.706 8
4.707 10
4.708 17
4.709 7
4.710 12
4.711 8
4.712 4
4.713 8
4.714 7
4.715 9
4.716 11
4.717 8
4.718 5
4.719 10
4.720 9
4.721 7
4.722 14
4.723 8
4.724 8
4.725 8
4.726 2
4.727 8
4.728 6
4.729 11
4.730 6
4.731 7
4.732 8
4.733 13
4.734 7
4.735 8
4.736 6
4.737 8
4.738 5
4.739 10
4.740 7
4.741 6
4.742 10
4.743 9
4.744 5
4.745 8
4.746 9
4.747 5
4.748 5
4.749 10
4.750 15
4.751 9
4.752 15
4.753 7
4.754 12
4.755 7
4.756 13
4.757 9
4.758 9
4.759 9
4.760 7
4.761 9
4.762 4
4.763 5
4.764 8
4.765 5
4.766 7
4.767 8
4.768 8
4.769 7
4.770 7
4.771 9
4.772 9
4.773 7
4.774 11
4.775 14
4.776 12
4.777 11
4.778 9
4.779 14
4.780 5
4.781 7
4.782 10
4.783 10
4.784 10
4.785 6
4.786 7
4.787 6
4.788 10
4.789 8
4.790 14
4.791 8
4.792 5
4.793 10
4.794 9
4.795 10
4.796 6
4.797 11
4.798 8
4.799 7
4.800 11
4.801 13
4.802 5
4.803 6
4.804 8
4.805 7
4.806 12
4.807 8
4.808 6
4.809 5
4.810 5
4.811 4
4.812 13
4.813 10
4.814 8
4.815 9
4.816 7
4.817 9
4.818 3
4.819 7
4.820 7
4.821 4
4.822 10
4.823 7
4.824 8
4.825 8
4.826 5
4.827 10
4.828 11
4.829 8
4.830 7
4.831 7
4.832 11
4.833 2
4.834 8
4.835 6
4.836 11
4.837 6
4.838 6
4.839 5
4.840 12
4.841 8
4.842 6
4.843 4
4.844 9
4.845 11
4.846 8
4.847 9
4.848 12
4.849 9
4.850 6
4.851 12
4.852 11
4.853 12
4.854 5
4.855 10
4.856 5
4.857 6
4.858 8
4.859 8
4.860 6
4.861 5
4.862 8
4.863 7
4.864 12
4.865 9
4.866 11
4.867 6
4.868 11
4.869 4
4.870 6
4.871 8
4.872 9
4.873 11
4.874 3
4.875 7
4.876 10
4.877 3
4.878 6
4.879 11
4.880 3
4.881 9
4.882 9
4.883 5
4.884 8
4.885 3
4.886 10
4.887 13
4.888 5
4.889 11
4.890 8
4.891 12
4.892 5
4.893 11
4.894 8
4.895 7
4.896 8
4.897 5
4.898 8
4.899 5
4.900 6
4.901 5
4.902 8
4.903 10
4.904 8
4.905 10
4.906 8
4.907 9
4.908 4
4.909 4
4.910 8
4.911 9
4.912 4
4.913 4
4.914 3
4.915 10
4.916 11
4.917 9
4.918 2
4.919 4
4.920 11
4.921 5
4.922 10
4.923 9
4.924 9
4.925 10
4.926 10
4.927 4
4.928 6
4.929 6
4.930 5
4.931 11
4.932 11
4.933 9
4.934 5
4.935 6
4.936 10
4.937 4
4.938 10
4.939 5
4.940 14
4.941 9
4.942 4
4.943 5
4.944 3
4.945 4
4.946 4
4.947 8
4.948 7
4.949 12
4.950 6
4.951 11
4.952 3
4.953 5
4.954 3
4.955 10
4.956 7
4.957 9
4.958 8
4.959 6
4.960 5
4.961 9
4.962 6
4.963 10
4.964 7
4.965 5
4.966 8
4.967 14
4.968 5
4.969 13
4.970 7
4.971 4
4.972 7
4.973 7
4.974 5
4.975 5
4.976 5
4.977 6
4.978 2
4.979 8
4.980 6
4.981 6
4.982 4
4.983 5
4.984 8
4.985 6
4.986 8
4.987 4
4.988 8
4.989 10
4.990 7
4.991 7
4.992 9
4.993 4
4.994 2
4.995 6
4.996 5
4.997 7
4.998 4
4.999 2
5.000 4
5.001 3
5.002 11
5.003 7
5.004 6
5.005 5
5.006 4
5.007 9
5.008 7
5.009 5
5.010 7
5.011 10
5.012 12
5.013 3
5.014 3
5.015 4
5.016 7
5.017 10
5.018 4
5.019 6
5.020 5
5.021 7
5.022 6
5.023 8
5.024 6
5.025 11
5.026 5
5.027 11
5.028 9
5.029 7
5.030 7
5.031 4
5.032 9
5.033 4
5.034 4
5.035 5
5.036 9
5.037 4
5.038 1
5.039 11
5.040 3
5.041 5
5.042 8
5.043 6
5.044 7
5.045 8
5.046 2
5.047 8
5.048 9
5.049 5
5.050 6
5.051 6
5.052 5
5.053 8
5.054 7
5.055 10
5.056 3
5.057 8
5.058 7
5.059 6
5.060 9
5.061 3
5.062 8
5.063 14
5.064 6
5.065 8
5.066 5
5.067 5
5.068 6
5.069 12
5.070 6
5.071 4
5.072 4
5.073 4
5.074 6
5.075 3
5.076 7
5.077 6
5.078 5
5.079 8
5.080 4
5.081 8
5.082 5
5.083 6
5.084 10
5.085 7
5.086 6
5.087 5
5.088 8
5.089 2
5.090 9
5.091 6
5.092 6
5.093 4
5.094 2
5.095 2
5.096 7
5.097 6
5.098 12
5.099 7
5.100 6
5.101 4
5.102 3
5.103 9
5.104 4
5.105 8
5.106 3
5.107 4
5.108 3
5.109 7
5.110 5
5.111 7
5.112 10
5.113 2
5.114 5
5.115 4
5.116 10
5.117 7
5.118 7
5.119 7
5.120 6
5.121 4
5.122 5
5.123 8
5.124 5
5.125 6
5.126 8
5.127 8
5.128 6
5.129 5
5.130 8
5.131 7
5.132 7
5.133 6
5.134 4
5.135 3
5.136 11
5.137 7
5.138 5
5.139 5
5.140 5
5.141 4
5.142 9
5.143 4
5.144 3
5.145 7
5.146 4
5.147 4
5.148 3
5.149 8
5.150 2
5.151 4
5.152 5
5.153 7
5.154 4
5.155 6
5.156 4
5.157 3
5.158 6
5.159 8
5.160 4
5.161 3
5.162 4
5.163 1
5.164 3
5.165 7
5.166 2
5.167 11
5.168 12
5.169 3
5.170 8
5.171 3
5.172 1
5.173 5
5.174 6
5.175 6
5.176 5
5.177 8
5.178 5
5.179 9
5.180 6
5.181 4
5.182 7
5.183 6
5.184 6
5.185 1
5.186 5
5.187 7
5.188 4
5.189 4
5.190 6
5.191 8
5.192 10
5.193 4
5.194 6
5.195 1
5.196 6
5.197 4
5.198 3
5.200 7
5.201 3
5.202 8
5.203 10
5.204 10
5.205 4
5.206 6
5.207 10
5.208 9
5.209 8
5.210 3
5.211 2
5.212 8
5.213 8
5.214 5
5.215 7
5.216 3
5.217 4
5.218 7
5.219 5
5.220 3
5.221 3
5.222 5
5.223 6
5.224 7
5.225 4
5.226 4
5.227 4
5.228 7
5.229 1
5.230 7
5.231 4
5.232 1
5.233 12
5.234 1
5.235 4
5.236 6
5.237 6
5.238 10
5.239 8
5.240 8
5.241 3
5.242 6
5.243 8
5.244 4
5.245 11
5.246 1
5.247 6
5.248 4
5.249 6
5.250 4
5.251 2
5.252 7
5.253 6
5.254 7
5.255 2
5.256 7
5.257 9
5.258 5
5.259 4
5.260 5
5.261 6
5.262 5
5.263 5
5.264 4
5.265 4
5.266 4
5.267 5
5.268 5
5.269 6
5.270 5
5.271 4
5.272 8
5.273 6
5.274 3
5.275 3
5.276 4
5.277 3
5.278 5
5.279 3
5.280 1
5.281 5
5.282 2
5.283 3
5.284 10
5.285 5
5.286 1
5.287 3
5.288 4
5.289 5
5.290 3
5.291 4
5.292 3
5.293 4
5.294 3
5.295 6
5.296 5
5.297 3
5.298 9
5.299 1
5.300 2
5.301 1
5.302 3
5.303 1
5.304 7
5.305 5
5.306 1
5.307 4
5.308 4
5.309 10
5.310 3
5.311 4
5.312 7
5.313 1
5.314 3
5.315 6
5.317 4
5.318 3
5.319 6
5.320 5
5.321 7
5.322 6
5.323 4
5.324 6
5.325 9
5.326 6
5.327 3
5.328 4
5.329 2
5.330 5
5.331 3
5.332 4
5.333 5
5.334 6
5.335 2
5.336 5
5.338 8
5.339 1
5.340 6
5.341 10
5.342 4
5.343 8
5.344 2
5.345 3
5.346 2
5.347 2
5.348 5
5.349 4
5.350 5
5.351 6
5.352 5
5.353 5
5.354 7
5.355 6
5.356 4
5.357 4
5.358 5
5.359 3
5.360 4
5.361 1
5.362 5
5.363 4
5.364 8
5.365 6
5.366 5
5.367 6
5.368 7
5.369 5
5.370 5
5.371 6
5.372 3
5.373 8
5.374 6
5.375 7
5.376 3
5.377 1
5.378 7
5.379 6
5.380 7
5.381 1
5.382 5
5.383 1
5.384 7
5.385 6
5.386 3
5.387 8
5.388 2
5.389 8
5.390 6
5.392 6
5.393 4
5.394 3
5.395 4
5.396 6
5.397 5
5.398 3
5.399 4
5.400 5
5.401 4
5.402 1
5.403 5
5.404 8
5.405 3
5.406 8
5.407 3
5.408 9
5.409 8
5.410 7
5.411 6
5.412 7
5.413 4
5.414 3
5.415 11
5.416 3
5.417 5
5.418 1
5.419 1
5.420 3
5.421 7
5.422 5
5.423 4
5.424 2
5.425 2
5.426 4
5.427 7
5.428 1
5.429 6
5.430 4
5.431 4
5.432 4
5.433 4
5.434 4
5.435 4
5.436 3
5.437 8
5.438 6
5.439 3
5.440 4
5.441 7
5.442 5
5.443 4
5.444 5
5.445 3
5.446 6
5.447 7
5.448 2
5.449 4
5.450 2
5.451 4
5.452 8
5.453 4
5.454 4
5.455 4
5.456 2
5.457 3
5.458 5
5.459 6
5.460 2
5.461 7
5.462 1
5.463 4
5.464 4
5.465 5
5.466 4
5.467 2
5.468 1
5.469 3
5.470 2
5.471 5
5.472 6
5.473 4
5.474 3
5.475 6
5.476 5
5.477 6
5.478 5
5.479 6
5.480 7
5.481 5
5.482 5
5.483 4
5.485 4
5.486 5
5.487 1
5.488 5
5.489 4
5.490 6
5.491 8
5.492 8
5.493 3
5.494 3
5.495 9
5.496 7
5.497 2
5.498 2
5.499 7
5.500 3
5.501 3
5.502 4
5.503 7
5.504 3
5.505 4
5.506 4
5.507 5
5.508 6
5.509 4
5.510 2
5.511 3
5.512 5
5.513 5
5.514 2
5.515 3
5.516 3
5.517 8
5.518 4
5.519 5
5.520 5
5.521 4
5.522 6
5.523 5
5.524 6
5.525 4
5.526 8
5.527 5
5.528 2
5.529 4
5.530 6
5.531 7
5.532 4
5.533 4
5.534 6
5.535 6
5.536 2
5.537 4
5.538 5
5.539 2
5.540 4
5.541 1
5.542 4
5.543 7
5.544 3
5.545 4
5.546 7
5.547 4
5.548 3
5.549 4
5.551 1
5.552 5
5.554 3
5.555 2
5.556 2
5.557 4
5.558 4
5.559 5
5.560 1
5.561 5
5.562 3
5.563 4
5.564 2
5.565 3
5.566 4
5.567 4
5.568 5
5.569 4
5.570 2
5.571 4
5.572 3
5.573 4
5.574 1
5.575 4
5.576 2
5.577 2
5.578 3
5.579 4
5.580 2
5.581 2
5.582 3
5.583 3
5.584 5
5.585 4
5.588 1
5.589 5
5.590 4
5.591 2
5.592 4
5.593 5
5.594 7
5.595 5
5.596 5
5.597 1
5.598 6
5.599 5
5.600 1
5.601 6
5.602 2
5.603 6
5.604 3
5.605 3
5.606 8
5.607 4
5.609 2
5.610 2
5.611 1
5.612 3
5.614 3
5.615 4
5.616 3
5.617 3
5.618 4
5.619 7
5.620 3
5.621 2
5.622 6
5.623 4
5.624 4
5.625 2
5.626 4
5.628 3
5.629 1
5.630 6
5.632 5
5.633 4
5.634 5
5.635 7
5.636 3
5.637 2
5.638 1
5.639 2
5.640 8
5.641 5
5.642 2
5.643 4
5.644 3
5.645 5
5.646 6
5.647 4
5.648 3
5.649 2
5.650 5
5.651 4
5.652 4
5.653 4
5.654 4
5.655 3
5.656 1
5.657 3
5.658 3
5.659 2
5.660 1
5.661 2
5.662 2
5.663 4
5.664 2
5.665 4
5.666 5
5.667 1
5.668 3
5.669 4
5.670 2
5.671 4
5.672 5
5.673 5
5.674 3
5.675 2
5.676 6
5.677 2
5.678 3
5.679 3
5.681 5
5.682 5
5.683 1
5.684 6
5.685 2
5.686 1
5.687 6
5.688 3
5.689 3
5.690 1
5.691 7
5.692 6
5.693 1
5.695 3
5.696 2
5.697 4
5.698 2
5.699 4
5.700 3
5.701 1
5.702 4
5.703 2
5.704 3
5.705 5
5.706 4
5.707 3
5.708 3
5.709 4
5.710 3
5.711 3
5.712 7
5.713 1
5.714 4
5.715 4
5.716 6
5.717 1
5.718 1
5.719 4
5.720 3
5.721 1
5.722 4
5.723 6
5.724 3
5.725 2
5.726 2
5.727 1
5.728 1
5.729 5
5.730 3
5.731 1
5.732 6
5.733 3
5.734 3
5.735 6
5.736 4
5.737 3
5.739 3
5.740 6
5.741 3
5.742 4
5.743 1
5.744 3
5.745 2
5.746 6
5.747 2
5.748 5
5.749 2
5.750 4
5.751 4
5.752 3
5.753 3
5.754 1
5.755 4
5.756 3
5.757 3
5.758 6
5.759 1
5.760 1
5.761 1
5.762 5
5.763 2
5.764 4
5.765 4
5.766 3
5.767 2
5.768 4
5.769 1
5.770 4
5.771 2
5.772 2
5.773 5
5.774 1
5.775 2
5.776 5
5.777 1
5.778 1
5.779 3
5.780 6
5.782 3
5.783 3
5.784 3
5.785 4
5.786 2
5.787 5
5.789 3
5.790 3
5.791 5
5.792 3
5.793 3
5.794 6
5.795 2
5.796 3
5.797 2
5.798 3
5.799 3
5.800 2
5.801 3
5.802 4
5.803 4
5.804 8
5.805 4
5.806 1
5.807 4
5.808 6
5.809 2
5.810 4
5.811 3
5.812 2
5.813 5
5.814 1
5.815 3
5.816 5
5.817 7
5.818 6
5.819 3
5.821 1
5.822 3
5.823 2
5.824 2
5.825 4
5.826 3
5.827 2
5.828 1
5.829 1
5.830 3
5.831 3
5.832 2
5.833 7
5.834 1
5.835 4
5.836 3
5.837 2
5.838 6
5.839 3
5.840 3
5.841 2
5.842 6
5.843 3
5.844 1
5.845 2
5.846 6
5.847 2
5.848 4
5.849 1
5.850 3
5.851 3
5.852 3
5.853 4
5.854 1
5.855 5
5.856 4
5.857 6
5.858 2
5.859 1
5.860 3
5.861 1
5.862 2
5.863 3
5.864 3
5.865 2
5.866 1
5.867 3
5.868 2
5.869 5
5.870 6
5.872 3
5.873 3
5.874 2
5.875 6
5.876 4
5.877 4
5.878 2
5.879 2
5.880 1
5.881 1
5.882 4
5.883 2
5.884 1
5.885 6
5.886 3
5.887 1
5.888 3
5.889 4
5.890 2
5.891 3
5.892 2
5.894 4
5.895 5
5.896 3
5.897 2
5.898 4
5.899 6
5.900 5
5.901 1
5.902 2
5.903 3
5.904 2
5.905 2
5.906 2
5.907 2
5.909 1
5.910 1
5.911 1
5.912 2
5.913 2
5.914 1
5.915 2
5.916 3
5.917 5
5.918 2
5.919 4
5.920 3
5.921 2
5.922 1
5.923 2
5.924 2
5.925 1
5.926 2
5.927 4
5.928 1
5.929 3
5.930 1
5.931 1
5.932 4
5.933 4
5.934 1
5.935 2
5.936 5
5.937 3
5.938 4
5.939 4
5.940 3
5.942 2
5.943 1
5.944 4
5.945 3
5.946 1
5.947 4
5.948 4
5.949 3
5.950 2
5.951 1
5.952 2
5.953 1
5.954 1
5.955 5
5.956 6
5.957 2
5.958 1
5.959 3
5.960 1
5.961 2
5.962 3
5.963 4
5.964 3
5.965 1
5.966 1
5.967 2
5.968 5
5.969 1
5.971 1
5.972 2
5.974 3
5.975 2
5.976 2
5.977 3
5.978 3
5.979 2
5.980 4
5.981 4
5.982 4
5.983 4
5.984 4
5.985 2
5.986 3
5.987 3
5.988 2
5.989 3
5.990 4
5.991 2
5.992 4
5.993 1
5.994 4
5.995 3
5.996 3
5.997 3
5.999 3
6.000 2
6.001 6
6.002 2
6.004 5
6.005 3
6.006 1
6.007 1
6.008 2
6.009 4
6.010 2
6.011 5
6.012 4
6.013 4
6.014 1
6.015 4
6.016 2
6.017 3
6.018 5
6.019 2
6.021 5
6.022 2
6.023 3
6.024 5
6.025 9
6.026 5
6.027 2
6.028 8
6.029 2
6.030 3
6.031 3
6.032 2
6.033 3
6.035 3
6.036 5
6.037 2
6.038 2
6.039 2
6.040 5
6.041 2
6.042 3
6.043 1
6.044 2
6.045 3
6.046 1
6.047 2
6.048 2
6.049 7
6.050 4
6.051 4
6.053 5
6.055 3
6.056 2
6.057 2
6.058 1
6.059 5
6.060 1
6.061 4
6.063 3
6.064 3
6.065 3
6.066 5
6.067 1
6.068 1
6.069 1
6.070 1
6.072 4
6.073 2
6.074 2
6.075 5
6.076 1
6.077 1
6.078 4
6.079 3
6.080 1
6.081 2
6.082 6
6.083 1
6.084 3
6.085 3
6.086 3
6.087 3
6.088 3
6.089 1
6.090 2
6.091 1
6.093 4
6.094 2
6.095 4
6.096 3
6.097 1
6.098 1
6.100 4
6.101 1
6.102 4
6.103 2
6.104 2
6.105 3
6.106 3
6.107 2
6.108 3
6.109 3
6.110 2
6.112 3
6.113 2
6.114 1
6.115 1
6.116 1
6.117 1
6.118 1
6.119 4
6.121 4
6.122 3
6.124 1
6.125 4
6.126 1
6.127 1
6.128 3
6.129 8
6.130 1
6.131 4
6.132 1
6.133 1
6.135 3
6.136 6
6.137 4
6.138 2
6.139 2
6.140 2
6.143 3
6.144 4
6.145 1
6.146 1
6.147 1
6.148 2
6.149 3
6.151 2
6.152 1
6.153 1
6.154 2
6.155 4
6.156 1
6.157 3
6.158 4
6.159 1
6.160 4
6.161 5
6.162 2
6.163 1
6.164 4
6.165 1
6.166 3
6.167 5
6.168 3
6.169 3
6.170 1
6.173 5
6.174 5
6.175 1
6.177 3
6.178 2
6.181 3
6.182 1
6.183 2
6.184 3
6.185 1
6.186 1
6.189 3
6.190 2
6.191 3
6.192 4
6.193 1
6.194 1
6.195 2
6.196 2
6.197 1
6.198 2
6.199 2
6.200 2
6.201 4
6.203 1
6.204 2
6.206 1
6.207 3
6.208 3
6.210 2
6.211 2
6.212 3
6.213 2
6.214 2
6.215 2
6.216 1
6.217 2
6.219 3
6.220 1
6.221 6
6.222 1
6.223 1
6.224 1
6.225 1
6.226 1
6.227 3
6.228 1
6.229 1
6.230 1
6.231 3
6.232 1
6.233 2
6.234 2
6.235 2
6.236 4
6.238 2
6.239 2
6.240 3
6.241 3
6.242 1
6.243 1
6.244 2
6.245 1
6.246 5
6.247 1
6.248 1
6.249 3
6.250 2
6.251 1
6.252 2
6.253 2
6.254 3
6.255 2
6.256 1
6.257 3
6.258 1
6.259 1
6.260 2
6.261 5
6.262 2
6.263 3
6.264 2
6.266 4
6.267 3
6.268 3
6.269 1
6.270 2
6.271 3
6.272 3
6.273 1
6.274 1
6.275 1
6.276 4
6.277 2
6.278 4
6.279 4
6.280 4
6.281 5
6.282 2
6.283 1
6.284 1
6.285 2
6.286 2
6.287 2
6.288 4
6.289 4
6.290 3
6.291 2
6.292 1
6.293 2
6.294 3
6.295 3
6.296 3
6.298 3
6.299 3
6.300 3
6.301 2
6.302 1
6.303 1
6.304 1
6.305 2
6.306 3
6.307 2
6.309 3
6.310 5
6.311 1
6.312 1
6.313 3
6.314 1
6.315 2
6.316 2
6.318 2
6.319 2
6.321 1
6.322 1
6.323 2
6.324 3
6.325 2
6.326 1
6.328 2
6.329 3
6.330 1
6.331 2
6.332 1
6.334 1
6.335 1
6.336 2
6.337 1
6.338 4
6.339 2
6.340 2
6.341 3
6.342 4
6.343 3
6.344 1
6.345 3
6.346 2
6.348 1
6.349 1
6.350 4
6.351 4
6.352 7
6.353 4
6.355 4
6.356 2
6.357 3
6.358 4
6.359 3
6.360 2
6.361 2
6.362 4
6.363 1
6.365 2
6.366 2
6.367 3
6.368 2
6.369 2
6.370 1
6.371 2
6.372 3
6.373 2
6.376 1
6.377 4
6.378 3
6.380 3
6.381 2
6.382 5
6.383 3
6.384 2
6.387 1
6.389 5
6.390 1
6.391 1
6.392 1
6.394 2
6.396 2
6.397 3
6.398 1
6.399 2
6.400 1
6.401 5
6.402 1
6.403 2
6.404 2
6.406 3
6.407 2
6.409 2
6.411 2
6.412 1
6.413 2
6.416 3
6.417 3
6.419 1
6.420 1
6.422 3
6.423 2
6.424 1
6.425 2
6.426 2
6.427 5
6.428 3
6.429 1
6.430 1
6.431 1
6.432 1
6.433 3
6.434 1
6.435 2
6.437 2
6.439 3
6.440 1
6.441 3
6.443 1
6.444 1
6.445 2
6.446 1
6.448 2
6.450 1
6.451 1
6.452 1
6.453 1
6.454 1
6.455 1
6.456 1
6.457 2
6.458 1
6.460 1
6.461 4
6.462 3
6.464 2
6.466 1
6.467 3
6.468 1
6.469 1
6.470 3
6.471 1
6.472 2
6.473 2
6.474 2
6.475 1
6.476 5
6.477 4
6.478 4
6.480 3
6.481 1
6.482 1
6.484 3
6.488 1
6.490 3
6.491 2
6.493 1
6.494 4
6.495 3
6.496 6
6.497 1
6.500 3
6.501 1
6.502 1
6.503 2
6.504 1
6.506 1
6.507 3
6.508 2
6.510 2
6.512 2
6.513 1
6.514 2
6.515 1
6.517 2
6.518 2
6.519 3
6.520 3
6.521 1
6.522 2
6.523 1
6.524 3
6.527 1
6.529 2
6.533 2
6.534 2
6.535 1
6.536 2
6.538 4
6.539 1
6.540 1
6.542 3
6.543 1
6.544 1
6.545 3
6.546 1
6.547 1
6.548 1
6.549 2
6.550 3
6.551 1
6.552 1
6.553 2
6.555 1
6.556 2
6.557 2
6.558 2
6.560 1
6.561 1
6.564 1
6.565 4
6.566 4
6.568 2
6.569 1
6.570 3
6.571 4
6.572 2
6.573 1
6.575 1
6.576 1
6.577 1
6.579 2
6.582 1
6.583 2
6.585 2
6.586 5
6.587 1
6.588 1
6.589 4
6.590 5
6.592 1
6.594 1
6.595 2
6.596 2
6.597 2
6.598 2
6.601 1
6.602 1
6.603 2
6.604 3
6.605 1
6.608 2
6.609 2
6.610 4
6.611 1
6.612 1
6.613 1
6.614 2
6.615 1
6.618 2
6.621 1
6.622 2
6.623 2
6.626 4
6.628 2
6.629 2
6.630 1
6.631 1
6.632 2
6.633 4
6.634 1
6.635 5
6.636 3
6.637 2
6.638 2
6.640 1
6.641 1
6.642 1
6.643 1
6.645 3
6.646 1
6.648 2
6.650 2
6.652 2
6.653 1
6.655 1
6.656 2
6.657 1
6.658 2
6.660 2
6.661 3
6.662 2
6.663 2
6.664 2
6.665 1
6.666 2
6.667 1
6.668 1
6.669 2
6.671 2
6.672 1
6.673 4
6.674 2
6.675 1
6.676 1
6.677 3
6.678 2
6.679 1
6.682 1
6.683 2
6.687 1
6.689 1
6.690 4
6.691 1
6.693 1
6.694 2
6.695 1
6.696 1
6.697 1
6.699 1
6.700 1
6.701 3
6.702 1
6.703 3
6.704 1
6.706 2
6.707 1
6.708 1
6.709 2
6.711 2
6.712 1
6.715 2
6.717 2
6.718 4
6.719 1
6.721 3
6.722 2
6.723 1
6.724 1
6.725 1
6.726 1
6.727 2
6.730 1
6.732 2
6.733 1
6.734 1
6.735 1
6.736 2
6.737 3
6.738 1
6.739 1
6.740 2
6.742 1
6.744 2
6.745 2
6.746 1
6.747 1
6.748 1
6.751 3
6.752 5
6.753 1
6.755 3
6.756 1
6.757 2
6.758 1
6.759 2
6.760 2
6.761 1
6.762 1
6.763 2
6.765 3
6.766 2
6.769 1
6.770 2
6.773 3
6.775 1
6.776 2
6.777 1
6.778 1
6.780 1
6.781 1
6.782 2
6.783 2
6.784 1
6.785 3
6.786 2
6.787 5
6.788 2
6.792 2
6.794 2
6.796 1
6.798 1
6.803 3
6.804 1
6.805 2
6.806 3
6.807 1
6.809 1
6.810 1
6.811 3
6.812 2
6.814 2
6.817 1
6.820 2
6.823 2
6.825 2
6.826 2
6.827 2
6.829 2
6.830 1
6.832 1
6.833 3
6.834 3
6.835 1
6.836 1
6.837 3
6.839 2
6.840 1
6.842 2
6.843 1
6.845 1
6.847 1
6.849 1
6.850 2
6.851 1
6.853 2
6.854 1
6.856 3
6.857 2
6.858 1
6.859 2
6.862 1
6.864 2
6.866 1
6.867 1
6.869 1
6.870 2
6.871 1
6.872 1
6.873 2
6.874 1
6.875 2
6.876 1
6.878 1
6.879 3
6.881 1
6.884 3
6.885 1
6.887 4
6.893 3
6.895 3
6.897 2
6.898 4
6.899 2
6.901 1
6.903 1
6.906 1
6.907 1
6.911 2
6.912 1
6.914 1
6.918 3
6.919 3
6.920 1
6.921 2
6.922 1
6.924 1
6.925 2
6.926 1
6.932 2
6.936 1
6.940 1
6.942 1
6.943 1
6.945 1
6.947 2
6.948 2
6.950 1
6.951 1
6.952 2
6.954 1
6.956 2
6.959 1
6.960 1
6.961 1
6.962 1
6.963 1
6.964 1
6.966 1
6.967 1
6.968 3
6.970 3
6.972 1
6.973 1
6.974 2
6.975 1
6.977 1
6.978 2
6.983 1
6.985 1
6.988 1
6.989 4
6.990 2
6.991 2
6.992 2
6.993 1
6.994 1
6.995 4
6.996 1
6.999 2
7.000 2
7.002 2
7.003 1
7.004 2
7.006 1
7.007 1
7.008 1
7.009 1
7.012 1
7.016 1
7.018 1
7.019 2
7.020 2
7.023 1
7.024 1
7.026 1
7.027 1
7.030 1
7.032 1
7.033 1
7.034 2
7.036 1
7.037 1
7.038 2
7.041 1
7.043 3
7.044 1
7.046 1
7.047 1
7.048 2
7.049 2
7.050 3
7.053 2
7.054 1
7.055 1
7.057 1
7.058 2
7.060 1
7.061 1
7.065 3
7.066 1
7.067 1
7.069 1
7.071 1
7.075 1
7.076 1
7.077 1
7.078 1
7.079 1
7.080 1
7.081 1
7.082 1
7.085 1
7.087 2
7.091 1
7.092 1
7.093 1
7.094 3
7.097 2
7.099 2
7.100 3
7.101 1
7.102 1
7.103 1
7.104 1
7.106 2
7.107 2
7.110 1
7.111 1
7.113 1
7.115 1
7.121 1
7.123 2
7.126 1
7.128 2
7.130 1
7.132 1
7.133 1
7.134 2
7.135 1
7.136 2
7.137 2
7.138 3
7.139 2
7.145 1
7.147 2
7.149 1
7.150 2
7.154 1
7.156 1
7.159 1
7.160 2
7.161 1
7.163 2
7.164 2
7.165 1
7.167 2
7.168 1
7.169 1
7.170 2
7.171 1
7.173 1
7.174 1
7.176 1
7.179 1
7.182 1
7.183 2
7.184 2
7.187 1
7.188 1
7.190 1
7.191 1
7.198 3
7.199 1
7.201 1
7.203 1
7.204 1
7.208 1
7.209 1
7.210 1
7.212 1
7.213 1
7.214 1
7.215 2
7.216 1
7.218 1
7.221 2
7.225 1
7.227 2
7.228 2
7.229 1
7.231 1
7.234 2
7.235 4
7.237 1
7.239 1
7.240 1
7.242 1
7.243 1
7.244 1
7.246 1
7.249 1
7.250 1
7.251 2
7.252 2
7.256 1
7.257 1
7.258 2
7.261 1
7.265 1
7.268 1
7.274 2
7.276 2
7.278 2
7.280 2
7.281 3
7.286 1
7.287 1
7.289 1
7.290 1
7.291 1
7.292 2
7.296 3
7.297 1
7.298 1
7.303 1
7.305 2
7.306 3
7.313 1
7.315 2
7.317 1
7.319 2
7.325 1
7.327 2
7.328 1
7.331 1
7.335 2
7.336 1
7.337 1
7.339 2
7.342 1
7.343 1
7.349 1
7.350 2
7.351 1
7.356 1
7.358 1
7.359 2
7.365 1
7.370 1
7.374 2
7.375 1
7.376 1
7.378 2
7.379 2
7.383 2
7.396 1
7.400 1
7.402 3
7.405 1
7.406 1
7.407 1
7.411 1
7.416 1
7.417 2
7.420 1
7.421 1
7.422 4
7.426 1
7.427 2
7.429 1
7.430 1
7.432 1
7.433 2
7.436 1
7.439 3
7.440 1
7.443 2
7.446 1
7.447 1
7.450 1
7.451 2
7.453 1
7.455 1
7.457 2
7.459 1
7.460 1
7.461 1
7.464 1
7.466 1
7.467 2
7.470 1
7.471 1
7.473 2
7.475 1
7.478 1
7.481 1
7.482 1
7.483 1
7.484 1
7.499 1
7.502 1
7.503 1
7.504 3
7.508 2
7.509 1
7.510 1
7.511 1
7.515 1
7.516 1
7.518 1
7.520 1
7.522 2
7.523 1
7.525 1
7.528 1
7.529 1
7.530 1
7.535 2
7.537 1
7.540 1
7.541 1
7.548 1
7.549 1
7.550 1
7.552 2
7.554 1
7.558 2
7.562 2
7.565 1
7.567 1
7.569 2
7.570 1
7.572 1
7.573 1
7.576 2
7.587 3
7.589 1
7.594 1
7.595 1
7.596 1
7.600 2
7.601 1
7.603 1
7.604 1
7.609 1
7.610 1
7.613 1
7.617 1
7.618 1
7.622 1
7.623 1
7.625 1
7.631 1
7.634 2
7.636 1
7.637 1
7.640 1
7.643 1
7.646 1
7.647 1
7.651 1
7.653 1
7.655 1
7.660 1
7.663 1
7.664 1
7.666 1
7.667 1
7.668 1
7.672 2
7.675 1
7.676 3
7.678 2
7.685 1
7.686 2
7.689 1
7.690 1
7.696 1
7.700 2
7.702 2
7.703 1
7.706 1
7.707 1
7.708 2
7.709 1
7.712 2
7.713 1
7.717 1
7.718 1
7.724 1
7.728 1
7.729 1
7.734 1
7.735 2
7.740 1
7.742 1
7.743 1
7.747 1
7.748 1
7.749 2
7.750 1
7.755 1
7.758 1
7.760 1
7.763 1
7.764 1
7.766 1
7.767 1
7.768 1
7.773 2
7.779 1
7.782 1
7.783 1
7.788 1
7.789 1
7.791 1
7.797 1
7.799 2
7.805 2
7.806 1
7.810 2
7.811 1
7.815 3
7.817 2
7.825 1
7.827 1
7.831 1
7.835 1
7.836 1
7.837 1
7.838 1
7.845 1
7.849 2
7.856 1
7.857 1
7.862 1
7.863 1
7.864 1
7.865 1
7.866 1
7.868 2
7.869 2
7.870 1
7.875 1
7.876 1
7.878 2
7.881 2
7.885 1
7.888 1
7.889 1
7.890 1
7.891 1
7.895 1
7.900 1
7.902 1
7.908 2
7.912 1
7.915 1
7.922 1
7.925 1
7.927 2
7.930 2
7.931 1
7.932 2
7.934 1
7.936 1
7.938 1
7.939 1
7.943 1
7.944 1
7.953 1
7.958 1
7.961 2
7.969 1
7.972 1
7.973 2
7.975 1
7.981 1
7.987 2
7.991 2
7.992 1
7.999 1
8.001 1
8.009 3
8.015 1
8.018 1
8.019 1
8.030 1
8.038 1
8.041 3
8.045 1
8.047 1
8.049 1
8.053 1
8.055 1
8.061 1
8.062 1
8.063 1
8.068 1
8.076 2
8.080 1
8.090 2
8.096 1
8.098 1
8.100 1
8.102 1
8.105 1
8.115 1
8.119 3
8.120 3
8.128 1
8.129 1
8.135 1
8.138 1
8.147 1
8.151 1
8.153 2
8.159 2
8.166 1
8.167 1
8.169 1
8.170 1
8.172 1
8.173 1
8.176 1
8.177 1
8.181 1
8.182 1
8.185 1
8.188 1
8.189 1
8.194 1
8.200 1
8.204 1
8.205 1
8.206 1
8.207 1
8.209 1
8.211 2
8.213 1
8.219 2
8.222 2
8.237 1
8.240 1
8.241 1
8.247 1
8.250 1
8.254 1
8.259 1
8.264 1
8.265 1
8.268 1
8.272 1
8.274 2
8.276 2
8.287 1
8.294 1
8.303 2
8.306 1
8.307 1
8.313 1
8.314 1
8.317 1
8.329 1
8.335 1
8.336 1
8.340 1
8.346 1
8.352 1
8.358 1
8.359 1
8.364 1
8.373 1
8.379 1
8.382 1
8.389 1
8.409 1
8.411 1
8.412 1
8.414 1
8.415 1
8.437 1
8.442 1
8.443 1
8.447 1
8.456 2
8.462 1
8.471 1
8.473 1
8.475 1
8.483 1
8.486 1
8.491 1
8.493 1
8.501 1
8.502 1
8.519 1
8.526 1
8.531 1
8.535 1
8.541 1
8.545 1
8.552 1
8.556 1
8.557 1
8.567 1
8.569 1
8.580 1
8.589 1
8.600 1
8.601 1
8.605 1
8.612 1
8.613 1
8.616 2
8.624 1
8.633 1
8.641 1
8.648 1
8.659 1
8.665 1
8.672 1
8.674 1
8.685 1
8.686 1
8.696 1
8.709 1
8.714 1
8.723 1
8.730 1
8.732 1
8.739 1
8.747 1
8.751 1
8.760 1
8.764 1
8.769 1
8.775 1
8.794 1
8.795 1
8.799 1
8.801 1
8.808 1
8.816 1
8.818 1
8.819 1
8.840 1
8.883 1
8.904 1
8.920 1
8.926 1
8.941 1
8.956 1
8.957 1
8.960 1
8.964 1
8.970 1
8.981 1
8.988 1
8.989 1
8.994 1
9.012 1
9.022 1
9.025 1
9.030 1
9.032 1
9.037 1
9.059 1
9.066 1
9.067 1
9.074 1
9.076 1
9.078 1
9.104 1
9.121 1
9.134 1
9.141 1
9.148 1
9.155 2
9.190 1
9.211 1
9.235 1
9.236 1
9.255 1
9.259 1
9.264 1
9.276 1
9.295 1
9.301 1
9.302 1
9.305 1
9.308 1
9.309 1
9.320 1
9.343 2
9.347 1
9.375 1
9.392 1
9.400 1
9.417 1
9.419 1
9.433 1
9.456 1
9.479 1
9.490 1
9.516 1
9.517 1
9.519 2
9.532 1
9.553 1
9.561 1
9.566 1
9.573 1
9.586 1
9.600 1
9.616 1
9.645 1
9.660 1
9.664 1
9.666 2
9.671 2
9.677 2
9.680 1
9.682 1
9.713 1
9.727 1
9.730 1
9.747 1
9.758 1
9.796 2
9.809 1
9.823 1
9.865 1
9.937 1
9.943 1
9.946 1
9.978 1
9.994 1
