-0.000 86
-0.001 215
-0.002 203
-0.003 178
-0.004 197
-0.005 186
-0.006 199
-0.007 182
-0.008 198
-0.009 185
-0.010 187
-0.011 220
-0.012 177
-0.013 189
-0.014 195
-0.015 190
-0.016 210
-0.017 199
-0.018 213
-0.019 206
-0.020 209
-0.021 189
-0.022 192
-0.023 182
-0.024 208
-0.025 201
-0.026 178
-0.027 178
-0.028 193
-0.029 215
-0.030 210
-0.031 173
-0.032 181
-0.033 198
-0.034 187
-0.035 185
-0.036 185
-0.037 165
-0.038 214
-0.039 197
-0.040 216
-0.041 223
-0.042 181
-0.043 202
-0.044 191
-0.045 170
-0.046 198
-0.047 187
-0.048 191
-0.049 213
-0.050 196
-0.051 172
-0.052 208
-0.053 202
-0.054 197
-0.055 182
-0.056 197
-0.057 199
-0.058 205
-0.059 185
-0.060 224
-0.061 210
-0.062 219
-0.063 207
-0.064 184
-0.065 177
-0.066 179
-0.067 190
-0.068 218
-0.069 180
-0.070 202
-0.071 204
-0.072 213
-0.073 205
-0.074 206
-0.075 184
-0.076 186
-0.077 230
-0.078 190
-0.079 206
-0.080 202
-0.081 184
-0.082 221
-0.083 212
-0.084 171
-0.085 221
-0.086 188
-0.087 192
-0.088 188
-0.089 222
-0.090 210
-0.091 242
-0.092 192
-0.093 202
-0.094 234
-0.095 249
-0.096 213
-0.097 223
-0.098 232
-0.099 257
-0.100 271
-0.101 347
-0.102 182
-0.103 212
-0.104 203
-0.105 172
-0.106 181
-0.107 191
-0.108 169
-0.109 174
-0.110 209
-0.111 182
-0.112 178
-0.113 192
-0.114 155
-0.115 159
-0.116 186
-0.117 184
-0.118 215
-0.119 193
-0.120 193
-0.121 183
-0.122 176
-0.123 199
-0.124 166
-0.125 171
-0.126 157
-0.127 192
-0.128 174
-0.129 198
-0.130 176
-0.131 179
-0.132 183
-0.133 212
-0.134 193
-0.135 179
-0.136 166
-0.137 202
-0.138 168
-0.139 207
-0.140 183
-0.141 175
-0.142 176
-0.143 175
-0.144 190
-0.145 195
-0.146 198
-0.147 184
-0.148 170
-0.149 195
-0.150 212
-0.151 196
-0.152 219
-0.153 192
-0.154 180
-0.155 199
-0.156 188
-0.157 183
-0.158 227
-0.159 216
-0.160 193
-0.161 180
-0.162 208
-0.163 193
-0.164 196
-0.165 222
-0.166 218
-0.167 198
-0.168 205
-0.169 227
-0.170 233
-0.171 264
-0.172 270
-0.173 270
-0.174 303
-0.175 194
-0.176 190
-0.177 187
-0.178 157
-0.179 178
-0.180 181
-0.181 140
-0.182 169
-0.183 190
-0.184 178
-0.185 172
-0.186 195
-0.187 203
-0.188 180
-0.189 187
-0.190 185
-0.191 187
-0.192 196
-0.193 196
-0.194 185
-0.195 179
-0.196 183
-0.197 189
-0.198 175
-0.199 203
-0.200 182
-0.201 205
-0.202 178
-0.203 188
-0.204 212
-0.205 179
-0.206 207
-0.207 157
-0.208 216
-0.209 186
-0.210 228
-0.211 201
-0.212 204
-0.213 184
-0.214 201
-0.215 207
-0.216 219
-0.217 182
-0.218 206
-0.219 224
-0.220 199
-0.221 216
-0.222 244
-0.223 211
-0.224 256
-0.225 296
-0.226 181
-0.227 171
-0.228 166
-0.229 190
-0.230 198
-0.231 199
-0.232 188
-0.233 209
-0.234 182
-0.235 188
-0.236 179
-0.237 162
-0.238 204
-0.239 164
-0.240 206
-0.241 199
-0.242 199
-0.243 181
-0.244 186
-0.245 158
-0.246 190
-0.247 207
-0.248 188
-0.249 204
-0.250 162
-0.251 182
-0.252 204
-0.253 177
-0.254 205
-0.255 195
-0.256 233
-0.257 207
-0.258 184
-0.259 214
-0.260 219
-0.261 194
-0.262 201
-0.263 240
-0.264 203
-0.265 219
-0.266 244
-0.267 293
-0.268 173
-0.269 185
-0.270 203
-0.271 179
-0.272 183
-0.273 187
-0.274 198
-0.275 198
-0.276 210
-0.277 189
-0.278 201
-0.279 207
-0.280 193
-0.281 187
-0.282 193
-0.283 165
-0.284 176
-0.285 176
-0.286 177
-0.287 199
-0.288 175
-0.289 183
-0.290 196
-0.291 183
-0.292 190
-0.293 190
-0.294 202
-0.295 216
-0.296 180
-0.297 207
-0.298 205
-0.299 213
-0.300 214
-0.301 212
-0.302 216
-0.303 304
-0.304 215
-0.305 182
-0.306 183
-0.307 197
-0.308 175
-0.309 182
-0.310 178
-0.311 177
-0.312 158
-0.313 179
-0.314 200
-0.315 181
-0.316 182
-0.317 186
-0.318 173
-0.319 188
-0.320 205
-0.321 167
-0.322 181
-0.323 191
-0.324 177
-0.325 193
-0.326 193
-0.327 191
-0.328 183
-0.329 174
-0.330 180
-0.331 180
-0.332 197
-0.333 195
-0.334 178
-0.335 221
-0.336 296
-0.337 161
-0.338 166
-0.339 170
-0.340 173
-0.341 166
-0.342 169
-0.343 160
-0.344 182
-0.345 179
-0.346 189
-0.347 173
-0.348 182
-0.349 165
-0.350 178
-0.351 171
-0.352 173
-0.353 172
-0.354 188
-0.355 170
-0.356 197
-0.357 170
-0.358 198
-0.359 164
-0.360 193
-0.361 197
-0.362 180
-0.363 198
-0.364 196
-0.365 217
-0.366 216
-0.367 253
-0.368 179
-0.369 163
-0.370 172
-0.371 183
-0.372 164
-0.373 165
-0.374 167
-0.375 171
-0.376 165
-0.377 172
-0.378 143
-0.379 150
-0.380 168
-0.381 159
-0.382 171
-0.383 164
-0.384 196
-0.385 201
-0.386 192
-0.387 200
-0.388 177
-0.389 179
-0.390 188
-0.391 206
-0.392 185
-0.393 184
-0.394 242
-0.395 233
-0.396 139
-0.397 173
-0.398 172
-0.399 170
-0.400 180
-0.401 179
-0.402 169
-0.403 154
-0.404 167
-0.405 192
-0.406 199
-0.407 189
-0.408 208
-0.409 176
-0.410 157
-0.411 174
-0.412 178
-0.413 192
-0.414 165
-0.415 178
-0.416 194
-0.417 202
-0.418 176
-0.419 200
-0.420 211
-0.421 268
-0.422 183
-0.423 172
-0.424 182
-0.425 159
-0.426 183
-0.427 177
-0.428 158
-0.429 174
-0.430 174
-0.431 166
-0.432 193
-0.433 175
-0.434 177
-0.435 159
-0.436 181
-0.437 189
-0.438 175
-0.439 214
-0.440 179
-0.441 194
-0.442 190
-0.443 201
-0.444 195
-0.445 199
-0.446 226
-0.447 234
-0.448 166
-0.449 173
-0.450 186
-0.451 170
-0.452 177
-0.453 162
-0.454 153
-0.455 178
-0.456 156
-0.457 187
-0.458 163
-0.459 181
-0.460 185
-0.461 182
-0.462 185
-0.463 188
-0.464 194
-0.465 220
-0.466 202
-0.467 167
-0.468 180
-0.469 163
-0.470 213
-0.471 244
-0.472 173
-0.473 149
-0.474 128
-0.475 163
-0.476 168
-0.477 135
-0.478 145
-0.479 161
-0.480 168
-0.481 166
-0.482 174
-0.483 166
-0.484 153
-0.485 175
-0.486 204
-0.487 185
-0.488 187
-0.489 150
-0.490 156
-0.491 182
-0.492 180
-0.493 194
-0.494 241
-0.495 160
-0.496 167
-0.497 181
-0.498 162
-0.499 196
-0.500 170
-0.501 173
-0.502 171
-0.503 156
-0.504 168
-0.505 183
-0.506 174
-0.507 191
-0.508 175
-0.509 169
-0.510 179
-0.511 213
-0.512 199
-0.513 173
-0.514 196
-0.515 186
-0.516 203
-0.517 188
-0.518 147
-0.519 141
-0.520 163
-0.521 165
-0.522 186
-0.523 165
-0.524 187
-0.525 177
-0.526 140
-0.527 167
-0.528 164
-0.529 170
-0.530 167
-0.531 200
-0.532 181
-0.533 172
-0.534 175
-0.535 201
-0.536 184
-0.537 202
-0.538 243
-0.539 196
-0.540 151
-0.541 156
-0.542 168
-0.543 171
-0.544 126
-0.545 166
-0.546 156
-0.547 169
-0.548 174
-0.549 169
-0.550 188
-0.551 148
-0.552 168
-0.553 163
-0.554 190
-0.555 144
-0.556 186
-0.557 183
-0.558 194
-0.559 258
-0.560 208
-0.561 152
-0.562 157
-0.563 148
-0.564 165
-0.565 161
-0.566 145
-0.567 155
-0.568 171
-0.569 153
-0.570 182
-0.571 159
-0.572 162
-0.573 182
-0.574 163
-0.575 193
-0.576 173
-0.577 186
-0.578 172
-0.579 207
-0.580 252
-0.581 162
-0.582 149
-0.583 172
-0.584 148
-0.585 170
-0.586 167
-0.587 168
-0.588 128
-0.589 159
-0.590 171
-0.591 155
-0.592 175
-0.593 168
-0.594 184
-0.595 173
-0.596 178
-0.597 167
-0.598 198
-0.599 182
-0.600 247
-0.601 174
-0.602 134
-0.603 161
-0.604 153
-0.605 125
-0.606 145
-0.607 164
-0.608 152
-0.609 131
-0.610 151
-0.611 151
-0.612 165
-0.613 161
-0.614 155
-0.615 156
-0.616 175
-0.617 168
-0.618 171
-0.619 169
-0.620 259
-0.621 159
-0.622 167
-0.623 156
-0.624 154
-0.625 151
-0.626 157
-0.627 150
-0.628 153
-0.629 169
-0.630 165
-0.631 158
-0.632 152
-0.633 177
-0.634 143
-0.635 143
-0.636 151
-0.637 167
-0.638 179
-0.639 209
-0.640 176
-0.641 144
-0.642 181
-0.643 146
-0.644 153
-0.645 140
-0.646 163
-0.647 151
-0.648 157
-0.649 133
-0.650 172
-0.651 131
-0.652 161
-0.653 152
-0.654 159
-0.655 162
-0.656 178
-0.657 172
-0.658 234
-0.659 167
-0.660 137
-0.661 140
-0.662 133
-0.663 158
-0.664 136
-0.665 153
-0.666 140
-0.667 151
-0.668 163
-0.669 165
-0.670 153
-0.671 156
-0.672 152
-0.673 166
-0.674 166
-0.675 179
-0.676 171
-0.677 222
-0.678 126
-0.679 127
-0.680 146
-0.681 139
-0.682 156
-0.683 166
-0.684 151
-0.685 158
-0.686 154
-0.687 152
-0.688 147
-0.689 126
-0.690 171
-0.691 174
-0.692 185
-0.693 158
-0.694 152
-0.695 191
-0.696 205
-0.697 147
-0.698 148
-0.699 158
-0.700 153
-0.701 144
-0.702 155
-0.703 149
-0.704 137
-0.705 142
-0.706 160
-0.707 152
-0.708 156
-0.709 171
-0.710 163
-0.711 160
-0.712 183
-0.713 171
-0.714 187
-0.715 156
-0.716 133
-0.717 144
-0.718 136
-0.719 155
-0.720 147
-0.721 158
-0.722 166
-0.723 152
-0.724 148
-0.725 172
-0.726 165
-0.727 163
-0.728 159
-0.729 126
-0.730 170
-0.731 180
-0.732 198
-0.733 147
-0.734 137
-0.735 151
-0.736 153
-0.737 142
-0.738 147
-0.739 144
-0.740 143
-0.741 158
-0.742 158
-0.743 151
-0.744 161
-0.745 168
-0.746 160
-0.747 164
-0.748 168
-0.749 196
-0.750 164
-0.751 130
-0.752 150
-0.753 141
-0.754 138
-0.755 141
-0.756 135
-0.757 134
-0.758 144
-0.759 132
-0.760 149
-0.761 148
-0.762 143
-0.763 163
-0.764 151
-0.765 165
-0.766 164
-0.767 191
-0.768 141
-0.769 126
-0.770 135
-0.771 150
-0.772 116
-0.773 125
-0.774 150
-0.775 124
-0.776 160
-0.777 151
-0.778 159
-0.779 140
-0.780 129
-0.781 149
-0.782 160
-0.783 163
-0.784 183
-0.785 178
-0.786 145
-0.787 134
-0.788 143
-0.789 131
-0.790 139
-0.791 139
-0.792 149
-0.793 153
-0.794 132
-0.795 141
-0.796 127
-0.797 142
-0.798 135
-0.799 137
-0.800 138
-0.801 164
-0.802 201
-0.803 132
-0.804 109
-0.805 126
-0.806 137
-0.807 139
-0.808 147
-0.809 137
-0.810 143
-0.811 151
-0.812 136
-0.813 158
-0.814 135
-0.815 147
-0.816 151
-0.817 156
-0.818 166
-0.819 198
-0.820 132
-0.821 156
-0.822 133
-0.823 149
-0.824 129
-0.825 101
-0.826 136
-0.827 146
-0.828 120
-0.829 137
-0.830 158
-0.831 134
-0.832 143
-0.833 143
-0.834 128
-0.835 156
-0.836 205
-0.837 122
-0.838 115
-0.839 120
-0.840 126
-0.841 127
-0.842 115
-0.843 113
-0.844 138
-0.845 142
-0.846 143
-0.847 126
-0.848 159
-0.849 141
-0.850 165
-0.851 128
-0.852 158
-0.853 159
-0.854 129
-0.855 113
-0.856 117
-0.857 117
-0.858 117
-0.859 140
-0.860 127
-0.861 147
-0.862 129
-0.863 130
-0.864 127
-0.865 139
-0.866 125
-0.867 131
-0.868 133
-0.869 168
-0.870 178
-0.871 113
-0.872 139
-0.873 140
-0.874 140
-0.875 102
-0.876 133
-0.877 94
-0.878 137
-0.879 129
-0.880 136
-0.881 136
-0.882 146
-0.883 138
-0.884 159
-0.885 134
-0.886 194
-0.887 148
-0.888 124
-0.889 108
-0.890 118
-0.891 126
-0.892 104
-0.893 117
-0.894 118
-0.895 111
-0.896 142
-0.897 123
-0.898 116
-0.899 138
-0.900 156
-0.901 131
-0.902 144
-0.903 188
-0.904 124
-0.905 100
-0.906 114
-0.907 99
-0.908 122
-0.909 135
-0.910 136
-0.911 98
-0.912 125
-0.913 114
-0.914 127
-0.915 116
-0.916 127
-0.917 149
-0.918 166
-0.919 133
-0.920 160
-0.921 137
-0.922 109
-0.923 117
-0.924 115
-0.925 126
-0.926 114
-0.927 132
-0.928 115
-0.929 135
-0.930 130
-0.931 139
-0.932 141
-0.933 152
-0.934 144
-0.935 149
-0.936 184
-0.937 109
-0.938 99
-0.939 107
-0.940 104
-0.941 105
-0.942 118
-0.943 120
-0.944 116
-0.945 110
-0.946 129
-0.947 128
-0.948 131
-0.949 133
-0.950 117
-0.951 124
-0.952 153
-0.953 167
-0.954 119
-0.955 120
-0.956 110
-0.957 110
-0.958 109
-0.959 140
-0.960 115
-0.961 126
-0.962 122
-0.963 107
-0.964 101
-0.965 128
-0.966 140
-0.967 157
-0.968 145
-0.969 181
-0.970 107
-0.971 103
-0.972 150
-0.973 103
-0.974 124
-0.975 97
-0.976 122
-0.977 111
-0.978 117
-0.979 133
-0.980 140
-0.981 133
-0.982 116
-0.983 125
-0.984 127
-0.985 145
-0.986 153
-0.987 99
-0.988 104
-0.989 104
-0.990 104
-0.991 121
-0.992 124
-0.993 101
-0.994 102
-0.995 121
-0.996 113
-0.997 124
-0.998 107
-0.999 115
-1.000 115
-1.001 144
-1.002 157
-1.003 126
-1.004 112
-1.005 94
-1.006 92
-1.007 109
-1.008 110
-1.009 117
-1.010 111
-1.011 120
-1.012 137
-1.013 126
-1.014 107
-1.015 135
-1.016 121
-1.017 142
-1.018 140
-1.019 146
-1.020 119
-1.021 117
-1.022 110
-1.023 109
-1.024 110
-1.025 96
-1.026 101
-1.027 116
-1.028 103
-1.029 119
-1.030 109
-1.031 117
-1.032 130
-1.033 116
-1.034 121
-1.035 171
-1.036 124
-1.037 116
-1.038 108
-1.039 96
-1.040 114
-1.041 125
-1.042 89
-1.043 118
-1.044 114
-1.045 107
-1.046 116
-1.047 112
-1.048 124
-1.049 124
-1.050 131
-1.051 141
-1.052 155
-1.053 109
-1.054 100
-1.055 105
-1.056 116
-1.057 105
-1.058 102
-1.059 108
-1.060 117
-1.061 94
-1.062 127
-1.063 117
-1.064 115
-1.065 113
-1.066 106
-1.067 120
-1.068 142
-1.069 123
-1.070 95
-1.071 94
-1.072 96
-1.073 102
-1.074 112
-1.075 128
-1.076 118
-1.077 101
-1.078 92
-1.079 117
-1.080 97
-1.081 118
-1.082 113
-1.083 104
-1.084 123
-1.085 136
-1.086 97
-1.087 92
-1.088 104
-1.089 104
-1.090 100
-1.091 108
-1.092 106
-1.093 101
-1.094 101
-1.095 93
-1.096 124
-1.097 101
-1.098 95
-1.099 123
-1.100 109
-1.101 142
-1.102 150
-1.103 103
-1.104 113
-1.105 89
-1.106 95
-1.107 106
-1.108 96
-1.109 87
-1.110 105
-1.111 107
-1.112 125
-1.113 105
-1.114 83
-1.115 109
-1.116 109
-1.117 101
-1.118 158
-1.119 112
-1.120 94
-1.121 103
-1.122 100
-1.123 82
-1.124 76
-1.125 98
-1.126 95
-1.127 93
-1.128 99
-1.129 95
-1.130 115
-1.131 103
-1.132 113
-1.133 102
-1.134 121
-1.135 158
-1.136 97
-1.137 97
-1.138 102
-1.139 81
-1.140 109
-1.141 103
-1.142 99
-1.143 106
-1.144 84
-1.145 126
-1.146 103
-1.147 104
-1.148 105
-1.149 96
-1.150 119
-1.151 132
-1.152 149
-1.153 85
-1.154 87
-1.155 102
-1.156 103
-1.157 92
-1.158 91
-1.159 98
-1.160 92
-1.161 112
-1.162 88
-1.163 99
-1.164 121
-1.165 87
-1.166 120
-1.167 125
-1.168 109
-1.169 142
-1.170 70
-1.171 81
-1.172 85
-1.173 91
-1.174 83
-1.175 108
-1.176 106
-1.177 101
-1.178 96
-1.179 105
-1.180 101
-1.181 114
-1.182 103
-1.183 126
-1.184 124
-1.185 120
-1.186 113
-1.187 87
-1.188 108
-1.189 83
-1.190 95
-1.191 77
-1.192 104
-1.193 91
-1.194 90
-1.195 87
-1.196 104
-1.197 97
-1.198 113
-1.199 108
-1.200 99
-1.201 107
-1.202 130
-1.203 152
-1.204 92
-1.205 89
-1.206 83
-1.207 86
-1.208 81
-1.209 76
-1.210 77
-1.211 96
-1.212 89
-1.213 78
-1.214 78
-1.215 83
-1.216 109
-1.217 100
-1.218 112
-1.219 130
-1.220 112
-1.221 79
-1.222 92
-1.223 90
-1.224 75
-1.225 79
-1.226 75
-1.227 94
-1.228 84
-1.229 94
-1.230 89
-1.231 98
-1.232 87
-1.233 81
-1.234 111
-1.235 109
-1.236 124
-1.237 151
-1.238 99
-1.239 88
-1.240 87
-1.241 92
-1.242 79
-1.243 96
-1.244 95
-1.245 68
-1.246 92
-1.247 93
-1.248 73
-1.249 93
-1.250 87
-1.251 85
-1.252 86
-1.253 95
-1.254 130
-1.255 127
-1.256 76
-1.257 92
-1.258 94
-1.259 96
-1.260 96
-1.261 81
-1.262 102
-1.263 89
-1.264 91
-1.265 60
-1.266 90
-1.267 86
-1.268 86
-1.269 96
-1.270 86
-1.271 109
-1.272 116
-1.273 95
-1.274 86
-1.275 84
-1.276 81
-1.277 73
-1.278 77
-1.279 110
-1.280 78
-1.281 82
-1.282 89
-1.283 84
-1.284 71
-1.285 86
-1.286 90
-1.287 102
-1.288 98
-1.289 108
-1.290 142
-1.291 85
-1.292 82
-1.293 75
-1.294 73
-1.295 69
-1.296 78
-1.297 79
-1.298 80
-1.299 74
-1.300 77
-1.301 81
-1.302 101
-1.303 93
-1.304 90
-1.305 100
-1.306 95
-1.307 101
-1.308 125
-1.309 61
-1.310 73
-1.311 62
-1.312 71
-1.313 80
-1.314 90
-1.315 76
-1.316 70
-1.317 66
-1.318 89
-1.319 79
-1.320 65
-1.321 86
-1.322 75
-1.323 98
-1.324 104
-1.325 112
-1.326 117
-1.327 67
-1.328 76
-1.329 81
-1.330 73
-1.331 77
-1.332 59
-1.333 84
-1.334 72
-1.335 67
-1.336 85
-1.337 78
-1.338 90
-1.339 108
-1.340 86
-1.341 89
-1.342 92
-1.343 98
-1.344 101
-1.345 93
-1.346 71
-1.347 78
-1.348 59
-1.349 69
-1.350 55
-1.351 69
-1.352 82
-1.353 64
-1.354 82
-1.355 70
-1.356 75
-1.357 76
-1.358 80
-1.359 99
-1.360 107
-1.361 105
-1.362 106
-1.363 109
-1.364 60
-1.365 78
-1.366 81
-1.367 76
-1.368 73
-1.369 78
-1.370 91
-1.371 66
-1.372 64
-1.373 67
-1.374 79
-1.375 92
-1.376 64
-1.377 70
-1.378 64
-1.379 89
-1.380 98
-1.381 102
-1.382 95
-1.383 64
-1.384 67
-1.385 58
-1.386 67
-1.387 81
-1.388 61
-1.389 79
-1.390 69
-1.391 67
-1.392 78
-1.393 71
-1.394 79
-1.395 74
-1.396 82
-1.397 66
-1.398 87
-1.399 82
-1.400 95
-1.401 93
-1.402 66
-1.403 58
-1.404 79
-1.405 69
-1.406 64
-1.407 62
-1.408 67
-1.409 69
-1.410 60
-1.411 88
-1.412 82
-1.413 76
-1.414 80
-1.415 75
-1.416 75
-1.417 74
-1.418 80
-1.419 98
-1.420 93
-1.421 60
-1.422 51
-1.423 53
-1.424 71
-1.425 62
-1.426 60
-1.427 72
-1.428 65
-1.429 73
-1.430 68
-1.431 67
-1.432 70
-1.433 78
-1.434 86
-1.435 65
-1.436 81
-1.437 81
-1.438 108
-1.439 121
-1.440 60
-1.441 56
-1.442 55
-1.443 61
-1.444 62
-1.445 86
-1.446 66
-1.447 63
-1.448 61
-1.449 56
-1.450 65
-1.451 67
-1.452 60
-1.453 76
-1.454 66
-1.455 71
-1.456 99
-1.457 75
-1.458 88
-1.459 101
-1.460 55
-1.461 54
-1.462 40
-1.463 50
-1.464 73
-1.465 62
-1.466 59
-1.467 76
-1.468 77
-1.469 47
-1.470 66
-1.471 55
-1.472 61
-1.473 64
-1.474 75
-1.475 71
-1.476 70
-1.477 79
-1.478 82
-1.479 107
-1.480 57
-1.481 57
-1.482 59
-1.483 56
-1.484 72
-1.485 62
-1.486 74
-1.487 64
-1.488 65
-1.489 57
-1.490 59
-1.491 63
-1.492 58
-1.493 58
-1.494 75
-1.495 67
-1.496 76
-1.497 77
-1.498 76
-1.499 107
-1.500 64
-1.501 53
-1.502 56
-1.503 47
-1.504 41
-1.505 60
-1.506 55
-1.507 61
-1.508 58
-1.509 61
-1.510 67
-1.511 52
-1.512 60
-1.513 61
-1.514 67
-1.515 77
-1.516 72
-1.517 79
-1.518 74
-1.519 87
-1.520 71
-1.521 48
-1.522 54
-1.523 52
-1.524 56
-1.525 57
-1.526 48
-1.527 56
-1.528 45
-1.529 54
-1.530 59
-1.531 59
-1.532 72
-1.533 57
-1.534 66
-1.535 63
-1.536 62
-1.537 51
-1.538 73
-1.539 90
-1.540 75
-1.541 88
-1.542 60
-1.543 55
-1.544 50
-1.545 58
-1.546 57
-1.547 67
-1.548 62
-1.549 58
-1.550 53
-1.551 64
-1.552 60
-1.553 68
-1.554 72
-1.555 66
-1.556 64
-1.557 76
-1.558 54
-1.559 58
-1.560 59
-1.561 74
-1.562 88
-1.563 69
-1.564 45
-1.565 44
-1.566 45
-1.567 61
-1.568 47
-1.569 60
-1.570 62
-1.571 48
-1.572 49
-1.573 52
-1.574 47
-1.575 36
-1.576 46
-1.577 69
-1.578 59
-1.579 63
-1.580 59
-1.581 74
-1.582 41
-1.583 62
-1.584 93
-1.585 44
-1.586 43
-1.587 53
-1.588 50
-1.589 34
-1.590 50
-1.591 54
-1.592 46
-1.593 49
-1.594 56
-1.595 44
-1.596 52
-1.597 43
-1.598 56
-1.599 45
-1.600 49
-1.601 58
-1.602 57
-1.603 59
-1.604 61
-1.605 66
-1.606 82
-1.607 95
-1.608 55
-1.609 45
-1.610 41
-1.611 50
-1.612 41
-1.613 36
-1.614 50
-1.615 59
-1.616 52
-1.617 46
-1.618 53
-1.619 57
-1.620 56
-1.621 43
-1.622 46
-1.623 59
-1.624 56
-1.625 54
-1.626 52
-1.627 53
-1.628 73
-1.629 91
-1.630 58
-1.631 67
-1.632 46
-1.633 41
-1.634 46
-1.635 42
-1.636 39
-1.637 42
-1.638 53
-1.639 50
-1.640 40
-1.641 43
-1.642 40
-1.643 52
-1.644 54
-1.645 48
-1.646 59
-1.647 46
-1.648 57
-1.649 60
-1.650 62
-1.651 60
-1.652 62
-1.653 104
-1.654 42
-1.655 48
-1.656 48
-1.657 50
-1.658 51
-1.659 37
-1.660 40
-1.661 37
-1.662 37
-1.663 48
-1.664 47
-1.665 42
-1.666 48
-1.667 50
-1.668 47
-1.669 51
-1.670 54
-1.671 48
-1.672 58
-1.673 54
-1.674 57
-1.675 65
-1.676 75
-1.677 95
-1.678 45
-1.679 37
-1.680 49
-1.681 51
-1.682 50
-1.683 43
-1.684 39
-1.685 33
-1.686 54
-1.687 37
-1.688 51
-1.689 56
-1.690 45
-1.691 43
-1.692 37
-1.693 51
-1.694 48
-1.695 55
-1.696 44
-1.697 48
-1.698 63
-1.699 63
-1.700 57
-1.701 68
-1.702 72
-1.703 44
-1.704 38
-1.705 27
-1.706 37
-1.707 30
-1.708 50
-1.709 50
-1.710 51
-1.711 33
-1.712 45
-1.713 32
-1.714 45
-1.715 40
-1.716 46
-1.717 40
-1.718 39
-1.719 47
-1.720 43
-1.721 37
-1.722 57
-1.723 42
-1.724 47
-1.725 62
-1.726 69
-1.727 100
-1.728 39
-1.729 33
-1.730 37
-1.731 33
-1.732 41
-1.733 36
-1.734 41
-1.735 46
-1.736 33
-1.737 51
-1.738 40
-1.739 42
-1.740 33
-1.741 32
-1.742 40
-1.743 48
-1.744 33
-1.745 46
-1.746 33
-1.747 43
-1.748 56
-1.749 41
-1.750 59
-1.751 51
-1.752 56
-1.753 84
-1.754 39
-1.755 37
-1.756 33
-1.757 40
-1.758 32
-1.759 42
-1.760 36
-1.761 36
-1.762 42
-1.763 32
-1.764 36
-1.765 30
-1.766 54
-1.767 37
-1.768 30
-1.769 28
-1.770 46
-1.771 42
-1.772 45
-1.773 35
-1.774 49
-1.775 44
-1.776 56
-1.777 45
-1.778 49
-1.779 62
-1.780 90
-1.781 37
-1.782 45
-1.783 38
-1.784 29
-1.785 36
-1.786 23
-1.787 38
-1.788 42
-1.789 41
-1.790 48
-1.791 29
-1.792 42
-1.793 37
-1.794 33
-1.795 33
-1.796 45
-1.797 46
-1.798 47
-1.799 42
-1.800 43
-1.801 24
-1.802 29
-1.803 44
-1.804 36
-1.805 44
-1.806 51
-1.807 66
-1.808 81
-1.809 31
-1.810 44
-1.811 35
-1.812 27
-1.813 27
-1.814 36
-1.815 22
-1.816 34
-1.817 30
-1.818 29
-1.819 36
-1.820 37
-1.821 37
-1.822 50
-1.823 30
-1.824 36
-1.825 38
-1.826 33
-1.827 43
-1.828 50
-1.829 35
-1.830 41
-1.831 37
-1.832 32
-1.833 50
-1.834 44
-1.835 43
-1.836 54
-1.837 86
-1.838 41
-1.839 45
-1.840 28
-1.841 24
-1.842 32
-1.843 21
-1.844 35
-1.845 30
-1.846 31
-1.847 38
-1.848 36
-1.849 37
-1.850 51
-1.851 41
-1.852 34
-1.853 33
-1.854 25
-1.855 40
-1.856 32
-1.857 24
-1.858 30
-1.859 43
-1.860 35
-1.861 36
-1.862 32
-1.863 35
-1.864 56
-1.865 48
-1.866 54
-1.867 73
-1.868 25
-1.869 38
-1.870 31
-1.871 30
-1.872 34
-1.873 29
-1.874 28
-1.875 29
-1.876 26
-1.877 29
-1.878 29
-1.879 37
-1.880 28
-1.881 23
-1.882 30
-1.883 36
-1.884 30
-1.885 29
-1.886 32
-1.887 32
-1.888 28
-1.889 38
-1.890 29
-1.891 33
-1.892 32
-1.893 34
-1.894 38
-1.895 36
-1.896 55
-1.897 55
-1.898 64
-1.899 23
-1.900 26
-1.901 38
-1.902 16
-1.903 27
-1.904 25
-1.905 31
-1.906 27
-1.907 25
-1.908 23
-1.909 34
-1.910 26
-1.911 24
-1.912 35
-1.913 28
-1.914 29
-1.915 37
-1.916 23
-1.917 46
-1.918 34
-1.919 32
-1.920 35
-1.921 31
-1.922 33
-1.923 29
-1.924 33
-1.925 49
-1.926 34
-1.927 35
-1.928 51
-1.929 55
-1.930 45
-1.931 52
-1.932 27
-1.933 23
-1.934 30
-1.935 21
-1.936 28
-1.937 32
-1.938 22
-1.939 31
-1.940 24
-1.941 23
-1.942 35
-1.943 26
-1.944 28
-1.945 32
-1.946 24
-1.947 21
-1.948 25
-1.949 21
-1.950 23
-1.951 28
-1.952 33
-1.953 34
-1.954 27
-1.955 30
-1.956 33
-1.957 35
-1.958 31
-1.959 38
-1.960 27
-1.961 39
-1.962 39
-1.963 54
-1.964 39
-1.965 75
-1.966 15
-1.967 17
-1.968 21
-1.969 28
-1.970 22
-1.971 26
-1.972 28
-1.973 22
-1.974 16
-1.975 26
-1.976 22
-1.977 26
-1.978 26
-1.979 24
-1.980 24
-1.981 26
-1.982 25
-1.983 21
-1.984 39
-1.985 32
-1.986 34
-1.987 25
-1.988 28
-1.989 29
-1.990 29
-1.991 20
-1.992 28
-1.993 32
-1.994 27
-1.995 32
-1.996 32
-1.997 47
-1.998 32
-1.999 31
-2.000 57
-2.001 57
-2.002 26
-2.003 18
-2.004 16
-2.005 13
-2.006 20
-2.007 19
-2.008 23
-2.009 27
-2.010 27
-2.011 27
-2.012 24
-2.013 18
-2.014 24
-2.015 26
-2.016 31
-2.017 30
-2.018 22
-2.019 19
-2.020 16
-2.021 29
-2.022 30
-2.023 28
-2.024 28
-2.025 29
-2.026 35
-2.027 23
-2.028 24
-2.029 32
-2.030 31
-2.031 30
-2.032 25
-2.033 30
-2.034 30
-2.035 32
-2.036 44
-2.037 28
-2.038 46
-2.039 65
-2.040 20
-2.041 17
-2.042 22
-2.043 18
-2.044 9
-2.045 18
-2.046 19
-2.047 20
-2.048 22
-2.049 19
-2.050 15
-2.051 27
-2.052 27
-2.053 18
-2.054 13
-2.055 31
-2.056 21
-2.057 16
-2.058 22
-2.059 13
-2.060 23
-2.061 17
-2.062 28
-2.063 23
-2.064 29
-2.065 19
-2.066 26
-2.067 24
-2.068 18
-2.069 21
-2.070 30
-2.071 29
-2.072 23
-2.073 20
-2.074 24
-2.075 28
-2.076 31
-2.077 25
-2.078 34
-2.079 38
-2.080 48
-2.081 25
-2.082 20
-2.083 24
-2.084 22
-2.085 18
-2.086 19
-2.087 18
-2.088 10
-2.089 17
-2.090 9
-2.091 19
-2.092 13
-2.093 19
-2.094 16
-2.095 15
-2.096 20
-2.097 24
-2.098 15
-2.099 21
-2.100 22
-2.101 19
-2.102 17
-2.103 20
-2.104 25
-2.105 29
-2.106 17
-2.107 21
-2.108 29
-2.109 20
-2.110 23
-2.111 24
-2.112 20
-2.113 20
-2.114 16
-2.115 16
-2.116 27
-2.117 27
-2.118 21
-2.119 30
-2.120 26
-2.121 35
-2.122 33
-2.123 58
-2.124 17
-2.125 16
-2.126 13
-2.127 14
-2.128 14
-2.129 16
-2.130 11
-2.131 17
-2.132 13
-2.133 14
-2.134 19
-2.135 31
-2.136 10
-2.137 21
-2.138 21
-2.139 12
-2.140 11
-2.141 24
-2.142 23
-2.143 12
-2.144 15
-2.145 13
-2.146 14
-2.147 18
-2.148 15
-2.149 23
-2.150 25
-2.151 23
-2.152 8
-2.153 28
-2.154 16
-2.155 22
-2.156 19
-2.157 18
-2.158 20
-2.159 20
-2.160 14
-2.161 24
-2.162 20
-2.163 23
-2.164 17
-2.165 24
-2.166 37
-2.167 29
-2.168 34
-2.169 36
-2.170 47
-2.171 14
-2.172 22
-2.173 20
-2.174 18
-2.175 11
-2.176 16
-2.177 18
-2.178 15
-2.179 18
-2.180 9
-2.181 9
-2.182 15
-2.183 20
-2.184 14
-2.185 21
-2.186 20
-2.187 21
-2.188 17
-2.189 13
-2.190 18
-2.191 18
-2.192 15
-2.193 9
-2.194 22
-2.195 18
-2.196 19
-2.197 7
-2.198 17
-2.199 16
-2.200 20
-2.201 19
-2.202 15
-2.203 21
-2.204 21
-2.205 24
-2.206 19
-2.207 19
-2.208 12
-2.209 18
-2.210 15
-2.211 17
-2.212 22
-2.213 25
-2.214 25
-2.215 16
-2.216 26
-2.217 18
-2.218 24
-2.219 32
-2.220 53
-2.221 9
-2.222 7
-2.223 14
-2.224 21
-2.225 19
-2.226 8
-2.227 14
-2.228 12
-2.229 13
-2.230 6
-2.231 10
-2.232 15
-2.233 12
-2.234 16
-2.235 11
-2.236 11
-2.237 16
-2.238 15
-2.239 14
-2.240 9
-2.241 13
-2.242 17
-2.243 14
-2.244 14
-2.245 8
-2.246 17
-2.247 15
-2.248 13
-2.249 10
-2.250 15
-2.251 17
-2.252 13
-2.253 5
-2.254 12
-2.255 13
-2.256 15
-2.257 12
-2.258 12
-2.259 20
-2.260 12
-2.261 18
-2.262 19
-2.263 14
-2.264 17
-2.265 14
-2.266 15
-2.267 23
-2.268 27
-2.269 18
-2.270 16
-2.271 21
-2.272 23
-2.273 22
-2.274 30
-2.275 29
-2.276 56
-2.277 14
-2.278 15
-2.279 6
-2.280 15
-2.281 12
-2.282 6
-2.283 17
-2.284 12
-2.285 14
-2.286 11
-2.287 11
-2.288 12
-2.289 14
-2.290 18
-2.291 9
-2.292 8
-2.293 8
-2.294 14
-2.295 11
-2.296 12
-2.297 10
-2.298 15
-2.299 14
-2.300 12
-2.301 11
-2.302 14
-2.303 15
-2.304 12
-2.305 13
-2.306 15
-2.307 14
-2.308 10
-2.309 15
-2.310 14
-2.311 10
-2.312 9
-2.313 21
-2.314 9
-2.315 16
-2.316 13
-2.317 8
-2.318 7
-2.319 13
-2.320 11
-2.321 11
-2.322 9
-2.323 10
-2.324 11
-2.325 7
-2.326 16
-2.327 12
-2.328 22
-2.329 16
-2.330 14
-2.331 17
-2.332 20
-2.333 22
-2.334 18
-2.335 19
-2.336 22
-2.337 32
-2.338 50
-2.339 5
-2.340 8
-2.341 2
-2.342 12
-2.343 10
-2.344 7
-2.345 8
-2.346 10
-2.347 12
-2.348 10
-2.349 8
-2.350 16
-2.351 4
-2.352 16
-2.353 6
-2.354 10
-2.355 10
-2.356 8
-2.357 13
-2.358 2
-2.359 9
-2.360 17
-2.361 9
-2.362 9
-2.363 12
-2.364 7
-2.365 8
-2.366 10
-2.367 9
-2.368 15
-2.369 10
-2.370 9
-2.371 10
-2.372 16
-2.373 12
-2.374 12
-2.375 10
-2.376 11
-2.377 14
-2.378 13
-2.379 12
-2.380 11
-2.381 6
-2.382 8
-2.383 10
-2.384 10
-2.385 9
-2.386 7
-2.387 8
-2.388 8
-2.389 13
-2.390 19
-2.391 10
-2.392 8
-2.393 12
-2.394 19
-2.395 13
-2.396 17
-2.397 13
-2.398 15
-2.399 25
-2.400 28
-2.401 15
-2.402 11
-2.403 18
-2.404 16
-2.405 23
-2.406 23
-2.407 35
-2.408 58
-2.409 16
-2.410 6
-2.411 3
-2.412 5
-2.413 9
-2.414 6
-2.415 7
-2.416 8
-2.417 5
-2.418 7
-2.419 6
-2.420 10
-2.421 12
-2.422 6
-2.423 8
-2.424 9
-2.425 6
-2.426 6
-2.427 9
-2.428 3
-2.429 7
-2.430 8
-2.431 10
-2.432 7
-2.433 11
-2.434 6
-2.435 4
-2.436 7
-2.437 9
-2.438 13
-2.439 7
-2.440 1
-2.441 8
-2.442 7
-2.443 7
-2.444 8
-2.445 5
-2.446 13
-2.447 8
-2.448 9
-2.449 12
-2.450 10
-2.451 10
-2.452 11
-2.453 11
-2.454 7
-2.455 10
-2.456 9
-2.457 15
-2.458 7
-2.459 12
-2.460 9
-2.461 12
-2.462 8
-2.463 6
-2.464 12
-2.465 12
-2.466 13
-2.467 9
-2.468 11
-2.469 12
-2.470 15
-2.471 11
-2.472 13
-2.473 9
-2.474 10
-2.475 9
-2.476 14
-2.477 23
-2.478 11
-2.479 17
-2.480 17
-2.481 13
-2.482 8
-2.483 15
-2.484 12
-2.485 16
-2.486 10
-2.487 18
-2.488 20
-2.489 31
-2.490 49
-2.491 6
-2.492 7
-2.493 6
-2.494 3
-2.495 7
-2.496 10
-2.497 6
-2.498 3
-2.499 8
-2.500 6
-2.501 4
-2.502 11
-2.503 8
-2.504 3
-2.505 6
-2.506 6
-2.507 5
-2.508 2
-2.509 6
-2.510 7
-2.511 7
-2.512 5
-2.513 7
-2.514 6
-2.515 8
-2.516 6
-2.517 4
-2.518 6
-2.519 4
-2.520 6
-2.521 4
-2.522 6
-2.523 3
-2.524 9
-2.525 6
-2.526 3
-2.527 3
-2.529 6
-2.530 9
-2.531 11
-2.532 2
-2.533 6
-2.534 14
-2.535 11
-2.536 5
-2.537 8
-2.538 3
-2.539 8
-2.540 7
-2.541 6
-2.542 4
-2.543 5
-2.544 13
-2.545 10
-2.546 6
-2.547 6
-2.548 8
-2.549 10
-2.550 5
-2.551 12
-2.552 8
-2.553 9
-2.554 11
-2.555 9
-2.556 6
-2.557 6
-2.558 8
-2.559 6
-2.560 10
-2.561 6
-2.562 10
-2.563 14
-2.564 8
-2.565 6
-2.566 5
-2.567 13
-2.568 7
-2.569 10
-2.570 9
-2.571 4
-2.572 4
-2.573 18
-2.574 6
-2.575 8
-2.576 13
-2.577 10
-2.578 11
-2.579 9
-2.580 13
-2.581 10
-2.582 12
-2.583 11
-2.584 13
-2.585 13
-2.586 16
-2.587 13
-2.588 18
-2.589 63
-2.590 7
-2.591 3
-2.592 1
-2.593 6
-2.594 2
-2.595 5
-2.596 6
-2.597 2
-2.598 5
-2.599 5
-2.600 2
-2.601 2
-2.602 5
-2.603 3
-2.604 5
-2.605 4
-2.606 1
-2.607 2
-2.608 5
-2.609 6
-2.610 7
-2.611 4
-2.612 5
-2.613 11
-2.614 7
-2.615 2
-2.616 2
-2.617 8
-2.618 3
-2.619 5
-2.620 6
-2.621 4
-2.622 4
-2.623 2
-2.624 4
-2.625 5
-2.626 2
-2.627 6
-2.628 4
-2.629 5
-2.630 1
-2.631 2
-2.632 2
-2.633 4
-2.634 2
-2.635 3
-2.636 5
-2.637 5
-2.638 2
-2.639 4
-2.640 8
-2.641 4
-2.642 1
-2.643 2
-2.644 5
-2.645 2
-2.646 7
-2.647 1
-2.648 6
-2.649 6
-2.650 3
-2.651 5
-2.652 3
-2.653 9
-2.654 2
-2.655 3
-2.656 2
-2.657 5
-2.658 7
-2.659 6
-2.660 8
-2.661 2
-2.662 4
-2.663 8
-2.664 4
-2.665 5
-2.666 3
-2.667 5
-2.668 7
-2.669 6
-2.670 6
-2.671 6
-2.672 6
-2.673 4
-2.674 5
-2.675 2
-2.676 6
-2.677 5
-2.678 6
-2.679 5
-2.680 3
-2.681 8
-2.682 7
-2.683 4
-2.684 11
-2.685 6
-2.686 9
-2.687 8
-2.688 6
-2.689 6
-2.690 4
-2.691 13
-2.692 7
-2.693 2
-2.694 8
-2.695 2
-2.696 9
-2.697 3
-2.698 8
-2.699 9
-2.700 13
-2.701 3
-2.702 7
-2.703 8
-2.704 9
-2.705 5
-2.706 7
-2.707 8
-2.708 19
-2.709 12
-2.710 10
-2.711 18
-2.712 10
-2.713 18
-2.714 15
-2.715 29
-2.716 43
-2.717 1
-2.718 2
-2.719 4
-2.720 6
-2.721 4
-2.722 3
-2.723 5
-2.724 5
-2.725 4
-2.726 2
-2.727 5
-2.728 1
-2.729 6
-2.730 4
-2.732 5
-2.733 3
-2.734 1
-2.735 3
-2.736 3
-2.737 1
-2.738 1
-2.739 3
-2.740 5
-2.742 2
-2.743 3
-2.744 4
-2.745 5
-2.746 2
-2.747 2
-2.748 3
-2.749 1
-2.750 5
-2.751 2
-2.752 3
-2.753 2
-2.754 4
-2.755 1
-2.756 9
-2.757 3
-2.758 3
-2.759 3
-2.760 3
-2.761 6
-2.762 3
-2.763 4
-2.764 6
-2.765 2
-2.766 2
-2.767 1
-2.768 2
-2.769 2
-2.770 2
-2.771 1
-2.772 4
-2.773 2
-2.774 2
-2.775 2
-2.776 3
-2.777 4
-2.778 2
-2.779 2
-2.780 4
-2.781 3
-2.782 1
-2.783 3
-2.784 1
-2.785 3
-2.786 3
-2.787 2
-2.788 3
-2.789 1
-2.790 4
-2.791 1
-2.792 4
-2.793 5
-2.794 3
-2.795 4
-2.796 3
-2.797 4
-2.798 4
-2.799 2
-2.800 4
-2.801 3
-2.802 3
-2.804 6
-2.805 3
-2.806 6
-2.807 3
-2.808 6
-2.809 2
-2.810 4
-2.811 6
-2.812 1
-2.813 2
-2.814 2
-2.815 2
-2.816 6
-2.817 6
-2.818 3
-2.819 4
-2.820 4
-2.821 4
-2.822 1
-2.824 3
-2.825 6
-2.826 3
-2.827 2
-2.828 3
-2.829 3
-2.830 8
-2.831 3
-2.832 4
-2.833 1
-2.834 1
-2.835 3
-2.836 7
-2.837 4
-2.838 3
-2.839 2
-2.840 4
-2.841 6
-2.842 1
-2.843 4
-2.844 3
-2.845 5
-2.846 5
-2.847 2
-2.848 2
-2.849 7
-2.850 4
-2.851 3
-2.852 2
-2.853 5
-2.854 3
-2.855 4
-2.856 4
-2.857 3
-2.858 7
-2.859 4
-2.860 6
-2.861 3
-2.862 7
-2.863 5
-2.864 5
-2.865 4
-2.866 9
-2.867 8
-2.868 5
-2.869 5
-2.870 6
-2.871 6
-2.872 7
-2.873 4
-2.874 7
-2.875 3
-2.876 3
-2.878 4
-2.879 6
-2.880 9
-2.881 5
-2.882 9
-2.883 10
-2.884 4
-2.885 5
-2.886 12
-2.887 6
-2.888 5
-2.889 4
-2.890 4
-2.891 7
-2.892 6
-2.893 7
-2.894 15
-2.895 11
-2.896 18
-2.897 27
-2.898 48
-2.899 2
-2.900 1
-2.901 2
-2.903 1
-2.904 2
-2.905 1
-2.907 1
-2.908 1
-2.909 1
-2.911 1
-2.912 1
-2.913 1
-2.914 1
-2.915 5
-2.916 1
-2.917 2
-2.918 1
-2.921 1
-2.922 1
-2.923 1
-2.924 1
-2.925 1
-2.926 1
-2.927 1
-2.928 1
-2.930 1
-2.931 1
-2.932 1
-2.933 1
-2.936 1
-2.941 2
-2.944 2
-2.945 2
-2.946 1
-2.947 1
-2.948 2
-2.949 2
-2.950 2
-2.951 1
-2.953 2
-2.954 2
-2.955 2
-2.957 2
-2.958 1
-2.959 3
-2.963 1
-2.964 1
-2.965 1
-2.966 2
-2.968 1
-2.969 1
-2.970 3
-2.972 1
-2.973 1
-2.975 1
-2.976 1
-2.977 2
-2.978 1
-2.979 1
-2.980 2
-2.982 1
-2.987 1
-2.988 1
-2.990 1
-2.991 2
-2.992 1
-2.993 2
-2.994 1
-2.995 1
-2.996 1
-2.998 1
-2.999 1
-3.001 1
-3.002 2
-3.003 2
-3.004 1
-3.005 1
-3.007 2
-3.008 2
-3.011 3
-3.013 2
-3.014 2
-3.015 1
-3.016 1
-3.018 3
-3.019 1
-3.020 2
-3.021 1
-3.022 2
-3.024 2
-3.025 1
-3.026 1
-3.027 3
-3.028 1
-3.029 1
-3.030 2
-3.032 2
-3.034 2
-3.035 1
-3.036 1
-3.037 2
-3.038 1
-3.039 1
-3.040 2
-3.041 1
-3.042 2
-3.043 1
-3.044 2
-3.046 2
-3.047 1
-3.048 1
-3.050 1
-3.051 2
-3.054 3
-3.055 1
-3.056 1
-3.057 1
-3.059 1
-3.060 4
-3.061 3
-3.062 2
-3.063 1
-3.064 1
-3.065 3
-3.067 1
-3.068 1
-3.069 3
-3.071 5
-3.073 1
-3.075 2
-3.076 2
-3.077 2
-3.078 3
-3.079 1
-3.080 2
-3.081 1
-3.082 2
-3.083 2
-3.084 2
-3.085 1
-3.086 1
-3.087 1
-3.088 2
-3.089 1
-3.090 1
-3.091 3
-3.092 1
-3.093 1
-3.096 1
-3.097 1
-3.098 2
-3.099 2
-3.100 3
-3.101 2
-3.103 1
-3.105 2
-3.106 1
-3.107 2
-3.109 1
-3.110 3
-3.111 6
-3.113 3
-3.114 1
-3.115 2
-3.116 2
-3.117 5
-3.118 1
-3.119 1
-3.120 2
-3.122 2
-3.123 1
-3.124 2
-3.125 1
-3.126 1
-3.127 3
-3.128 3
-3.129 2
-3.130 4
-3.131 2
-3.132 1
-3.133 2
-3.134 2
-3.135 5
-3.136 2
-3.138 2
-3.139 4
-3.140 3
-3.141 2
-3.142 3
-3.143 2
-3.144 1
-3.145 4
-3.146 1
-3.147 3
-3.148 3
-3.150 3
-3.151 2
-3.153 2
-3.154 5
-3.155 2
-3.156 1
-3.157 3
-3.160 4
-3.161 2
-3.162 3
-3.163 1
-3.164 2
-3.165 2
-3.166 1
-3.167 1
-3.168 1
-3.169 3
-3.170 2
-3.171 4
-3.172 1
-3.174 2
-3.175 2
-3.176 1
-3.177 3
-3.178 6
-3.179 2
-3.180 5
-3.181 2
-3.183 1
-3.185 4
-3.186 2
-3.187 1
-3.188 2
-3.189 1
-3.190 1
-3.191 2
-3.192 2
-3.193 2
-3.194 3
-3.195 4
-3.196 3
-3.197 1
-3.198 2
-3.199 2
-3.200 1
-3.201 1
-3.203 3
-3.205 1
-3.206 5
-3.207 1
-3.208 4
-3.210 2
-3.211 1
-3.212 4
-3.213 3
-3.214 5
-3.215 4
-3.216 3
-3.217 2
-3.218 5
-3.219 7
-3.220 3
-3.221 4
-3.222 6
-3.223 6
-3.224 8
-3.225 5
-3.226 5
-3.227 5
-3.228 5
-3.229 9
-3.230 5
-3.231 4
-3.232 4
-3.233 5
-3.234 3
-3.235 8
-3.236 3
-3.237 2
-3.238 4
-3.239 8
-3.240 9
-3.241 6
-3.242 9
-3.243 2
-3.244 9
-3.245 10
-3.246 5
-3.247 1
-3.248 10
-3.249 10
-3.250 8
-3.251 7
-3.252 6
-3.253 10
-3.254 9
-3.255 21
-3.256 18
-3.257 13
0.000 119
0.001 182
0.002 191
0.003 220
0.004 216
0.005 219
0.006 192
0.007 204
0.008 196
0.009 195
0.010 194
0.011 196
0.012 229
0.013 223
0.014 175
0.015 212
0.016 233
0.017 197
0.018 224
0.019 207
0.020 208
0.021 193
0.022 215
0.023 211
0.024 223
0.025 199
0.026 204
0.027 224
0.028 205
0.029 220
0.030 232
0.031 219
0.032 252
0.033 232
0.034 259
0.035 289
0.036 349
0.037 169
0.038 187
0.039 175
0.040 178
0.041 172
0.042 188
0.043 194
0.044 180
0.045 164
0.046 182
0.047 198
0.048 182
0.049 162
0.050 172
0.051 174
0.052 202
0.053 206
0.054 158
0.055 155
0.056 189
0.057 202
0.058 178
0.059 205
0.060 198
0.061 195
0.062 189
0.063 198
0.064 185
0.065 186
0.066 200
0.067 193
0.068 160
0.069 205
0.070 185
0.071 177
0.072 195
0.073 166
0.074 200
0.075 185
0.076 219
0.077 174
0.078 168
0.079 204
0.080 198
0.081 193
0.082 181
0.083 192
0.084 168
0.085 194
0.086 200
0.087 202
0.088 177
0.089 181
0.090 170
0.091 185
0.092 162
0.093 197
0.094 183
0.095 186
0.096 209
0.097 196
0.098 184
0.099 201
0.100 160
0.101 180
0.102 203
0.103 201
0.104 173
0.105 187
0.106 187
0.107 201
0.108 194
0.109 178
0.110 194
0.111 224
0.112 171
0.113 198
0.114 180
0.115 189
0.116 191
0.117 168
0.118 197
0.119 188
0.120 192
0.121 182
0.122 213
0.123 195
0.124 194
0.125 217
0.126 196
0.127 212
0.128 214
0.129 195
0.130 222
0.131 215
0.132 197
0.133 189
0.134 207
0.135 230
0.136 217
0.137 228
0.138 227
0.139 236
0.140 222
0.141 319
0.142 339
0.143 168
0.144 183
0.145 178
0.146 186
0.147 204
0.148 168
0.149 185
0.150 196
0.151 184
0.152 197
0.153 183
0.154 212
0.155 183
0.156 198
0.157 196
0.158 197
0.159 184
0.160 176
0.161 172
0.162 194
0.163 178
0.164 173
0.165 186
0.166 185
0.167 173
0.168 180
0.169 229
0.170 180
0.171 185
0.172 193
0.173 207
0.174 184
0.175 190
0.176 198
0.177 167
0.178 183
0.179 185
0.180 209
0.181 213
0.182 212
0.183 214
0.184 199
0.185 223
0.186 188
0.187 213
0.188 199
0.189 175
0.190 196
0.191 212
0.192 223
0.193 218
0.194 204
0.195 182
0.196 187
0.197 211
0.198 205
0.199 222
0.200 269
0.201 310
0.202 177
0.203 157
0.204 158
0.205 181
0.206 181
0.207 179
0.208 172
0.209 191
0.210 164
0.211 179
0.212 181
0.213 194
0.214 168
0.215 191
0.216 198
0.217 179
0.218 175
0.219 186
0.220 187
0.221 164
0.222 184
0.223 173
0.224 171
0.225 173
0.226 198
0.227 203
0.228 186
0.229 175
0.230 184
0.231 223
0.232 202
0.233 212
0.234 206
0.235 182
0.236 210
0.237 201
0.238 188
0.239 218
0.240 196
0.241 205
0.242 193
0.243 233
0.244 211
0.245 208
0.246 216
0.247 268
0.248 205
0.249 171
0.250 167
0.251 196
0.252 177
0.253 182
0.254 176
0.255 175
0.256 174
0.257 190
0.258 191
0.259 190
0.260 174
0.261 193
0.262 193
0.263 170
0.264 174
0.265 205
0.266 200
0.267 184
0.268 181
0.269 193
0.270 178
0.271 180
0.272 190
0.273 197
0.274 198
0.275 168
0.276 203
0.277 185
0.278 225
0.279 189
0.280 205
0.281 181
0.282 200
0.283 223
0.284 231
0.285 255
0.286 285
0.287 164
0.288 176
0.289 188
0.290 154
0.291 183
0.292 174
0.293 168
0.294 174
0.295 180
0.296 187
0.297 194
0.298 171
0.299 182
0.300 180
0.301 180
0.302 183
0.303 187
0.304 168
0.305 184
0.306 196
0.307 170
0.308 203
0.309 208
0.310 182
0.311 180
0.312 219
0.313 192
0.314 202
0.315 230
0.316 186
0.317 211
0.318 227
0.319 228
0.320 275
0.321 160
0.322 162
0.323 168
0.324 159
0.325 153
0.326 170
0.327 174
0.328 173
0.329 177
0.330 166
0.331 175
0.332 170
0.333 154
0.334 175
0.335 190
0.336 175
0.337 169
0.338 180
0.339 181
0.340 192
0.341 204
0.342 186
0.343 196
0.344 179
0.345 203
0.346 209
0.347 216
0.348 221
0.349 212
0.350 209
0.351 245
0.352 267
0.353 151
0.354 182
0.355 171
0.356 186
0.357 182
0.358 191
0.359 159
0.360 169
0.361 167
0.362 164
0.363 181
0.364 191
0.365 179
0.366 183
0.367 193
0.368 181
0.369 183
0.370 161
0.371 199
0.372 184
0.373 185
0.374 174
0.375 199
0.376 204
0.377 229
0.378 197
0.379 200
0.380 235
0.381 231
0.382 184
0.383 179
0.384 164
0.385 193
0.386 184
0.387 154
0.388 155
0.389 159
0.390 182
0.391 185
0.392 166
0.393 171
0.394 154
0.395 176
0.396 147
0.397 170
0.398 179
0.399 175
0.400 190
0.401 180
0.402 165
0.403 174
0.404 192
0.405 217
0.406 199
0.407 201
0.408 269
0.409 177
0.410 171
0.411 190
0.412 170
0.413 138
0.414 172
0.415 170
0.416 165
0.417 166
0.418 190
0.419 182
0.420 195
0.421 188
0.422 172
0.423 184
0.424 168
0.425 153
0.426 173
0.427 197
0.428 196
0.429 204
0.430 180
0.431 204
0.432 227
0.433 214
0.434 252
0.435 167
0.436 147
0.437 165
0.438 180
0.439 168
0.440 166
0.441 165
0.442 152
0.443 186
0.444 176
0.445 179
0.446 160
0.447 187
0.448 169
0.449 182
0.450 183
0.451 180
0.452 175
0.453 183
0.454 178
0.455 189
0.456 174
0.457 215
0.458 221
0.459 261
0.460 145
0.461 161
0.462 161
0.463 170
0.464 171
0.465 172
0.466 187
0.467 151
0.468 168
0.469 180
0.470 165
0.471 172
0.472 193
0.473 172
0.474 180
0.475 176
0.476 190
0.477 156
0.478 176
0.479 183
0.480 206
0.481 208
0.482 236
0.483 202
0.484 143
0.485 154
0.486 157
0.487 179
0.488 173
0.489 171
0.490 197
0.491 149
0.492 172
0.493 156
0.494 175
0.495 160
0.496 176
0.497 181
0.498 192
0.499 166
0.500 175
0.501 178
0.502 192
0.503 180
0.504 185
0.505 246
0.506 195
0.507 157
0.508 153
0.509 149
0.510 170
0.511 161
0.512 169
0.513 164
0.514 193
0.515 153
0.516 180
0.517 183
0.518 166
0.519 181
0.520 178
0.521 169
0.522 185
0.523 180
0.524 176
0.525 176
0.526 205
0.527 199
0.528 211
0.529 160
0.530 152
0.531 145
0.532 174
0.533 153
0.534 168
0.535 170
0.536 196
0.537 173
0.538 159
0.539 158
0.540 178
0.541 203
0.542 174
0.543 154
0.544 183
0.545 193
0.546 178
0.547 161
0.548 185
0.549 241
0.550 161
0.551 159
0.552 143
0.553 152
0.554 173
0.555 156
0.556 174
0.557 155
0.558 179
0.559 160
0.560 156
0.561 179
0.562 181
0.563 151
0.564 168
0.565 187
0.566 158
0.567 186
0.568 178
0.569 193
0.570 211
0.571 136
0.572 176
0.573 167
0.574 170
0.575 132
0.576 140
0.577 150
0.578 157
0.579 164
0.580 160
0.581 163
0.582 137
0.583 165
0.584 161
0.585 160
0.586 142
0.587 184
0.588 196
0.589 163
0.590 238
0.591 154
0.592 184
0.593 148
0.594 167
0.595 143
0.596 138
0.597 148
0.598 181
0.599 153
0.600 162
0.601 162
0.602 186
0.603 193
0.604 155
0.605 177
0.606 179
0.607 181
0.608 177
0.609 190
0.610 222
0.611 145
0.612 155
0.613 153
0.614 170
0.615 157
0.616 157
0.617 148
0.618 153
0.619 172
0.620 184
0.621 153
0.622 148
0.623 160
0.624 150
0.625 153
0.626 172
0.627 173
0.628 182
0.629 179
0.630 220
0.631 140
0.632 156
0.633 142
0.634 158
0.635 152
0.636 171
0.637 152
0.638 154
0.639 140
0.640 162
0.641 165
0.642 159
0.643 172
0.644 146
0.645 178
0.646 178
0.647 205
0.648 168
0.649 244
0.650 150
0.651 181
0.652 172
0.653 149
0.654 150
0.655 146
0.656 167
0.657 159
0.658 179
0.659 152
0.660 152
0.661 160
0.662 159
0.663 163
0.664 183
0.665 153
0.666 178
0.667 196
0.668 205
0.669 137
0.670 135
0.671 145
0.672 141
0.673 147
0.674 183
0.675 157
0.676 147
0.677 146
0.678 161
0.679 160
0.680 171
0.681 146
0.682 158
0.683 165
0.684 179
0.685 168
0.686 179
0.687 188
0.688 129
0.689 167
0.690 148
0.691 175
0.692 132
0.693 125
0.694 152
0.695 142
0.696 157
0.697 154
0.698 144
0.699 172
0.700 150
0.701 146
0.702 174
0.703 181
0.704 192
0.705 186
0.706 164
0.707 131
0.708 153
0.709 132
0.710 156
0.711 151
0.712 132
0.713 151
0.714 127
0.715 148
0.716 110
0.717 173
0.718 141
0.719 157
0.720 166
0.721 150
0.722 203
0.723 184
0.724 137
0.725 152
0.726 141
0.727 137
0.728 139
0.729 117
0.730 131
0.731 117
0.732 152
0.733 136
0.734 149
0.735 153
0.736 164
0.737 148
0.738 164
0.739 191
0.740 188
0.741 199
0.742 109
0.743 143
0.744 155
0.745 125
0.746 141
0.747 146
0.748 150
0.749 150
0.750 130
0.751 137
0.752 154
0.753 171
0.754 171
0.755 139
0.756 174
0.757 195
0.758 195
0.759 134
0.760 139
0.761 144
0.762 134
0.763 146
0.764 132
0.765 143
0.766 141
0.767 126
0.768 139
0.769 130
0.770 164
0.771 147
0.772 149
0.773 144
0.774 163
0.775 184
0.776 164
0.777 114
0.778 116
0.779 136
0.780 136
0.781 132
0.782 146
0.783 131
0.784 145
0.785 137
0.786 139
0.787 154
0.788 145
0.789 153
0.790 139
0.791 160
0.792 145
0.793 215
0.794 143
0.795 125
0.796 128
0.797 133
0.798 156
0.799 123
0.800 148
0.801 163
0.802 133
0.803 124
0.804 137
0.805 148
0.806 159
0.807 167
0.808 164
0.809 148
0.810 156
0.811 174
0.812 118
0.813 134
0.814 128
0.815 133
0.816 151
0.817 146
0.818 140
0.819 131
0.820 144
0.821 126
0.822 142
0.823 149
0.824 140
0.825 157
0.826 168
0.827 178
0.828 134
0.829 139
0.830 118
0.831 115
0.832 136
0.833 128
0.834 122
0.835 132
0.836 147
0.837 135
0.838 152
0.839 174
0.840 136
0.841 134
0.842 168
0.843 159
0.844 174
0.845 148
0.846 127
0.847 138
0.848 121
0.849 113
0.850 124
0.851 140
0.852 135
0.853 128
0.854 149
0.855 128
0.856 151
0.857 113
0.858 137
0.859 161
0.860 143
0.861 221
0.862 101
0.863 113
0.864 129
0.865 149
0.866 139
0.867 130
0.868 114
0.869 160
0.870 138
0.871 125
0.872 127
0.873 139
0.874 128
0.875 137
0.876 155
0.877 179
0.878 173
0.879 149
0.880 104
0.881 111
0.882 108
0.883 124
0.884 115
0.885 131
0.886 131
0.887 143
0.888 151
0.889 153
0.890 125
0.891 131
0.892 139
0.893 140
0.894 165
0.895 172
0.896 129
0.897 126
0.898 112
0.899 140
0.900 115
0.901 128
0.902 144
0.903 123
0.904 129
0.905 128
0.906 127
0.907 149
0.908 144
0.909 139
0.910 142
0.911 165
0.912 140
0.913 101
0.914 121
0.915 128
0.916 104
0.917 110
0.918 116
0.919 122
0.920 113
0.921 134
0.922 127
0.923 123
0.924 138
0.925 144
0.926 121
0.927 152
0.928 184
0.929 120
0.930 123
0.931 106
0.932 124
0.933 112
0.934 127
0.935 143
0.936 146
0.937 130
0.938 111
0.939 130
0.940 104
0.941 136
0.942 131
0.943 140
0.944 158
0.945 155
0.946 126
0.947 113
0.948 130
0.949 121
0.950 122
0.951 123
0.952 104
0.953 119
0.954 113
0.955 118
0.956 139
0.957 149
0.958 127
0.959 137
0.960 145
0.961 188
0.962 128
0.963 113
0.964 108
0.965 117
0.966 104
0.967 109
0.968 117
0.969 127
0.970 131
0.971 141
0.972 144
0.973 118
0.974 123
0.975 135
0.976 134
0.977 157
0.978 140
0.979 121
0.980 123
0.981 98
0.982 110
0.983 108
0.984 128
0.985 112
0.986 100
0.987 137
0.988 118
0.989 112
0.990 124
0.991 128
0.992 135
0.993 146
0.994 159
0.995 106
0.996 107
0.997 124
0.998 97
0.999 118
1.000 113
1.001 108
1.002 121
1.003 115
1.004 121
1.005 127
1.006 120
1.007 112
1.008 142
1.009 137
1.010 160
1.011 165
1.012 117
1.013 87
1.014 101
1.015 111
1.016 123
1.017 110
1.018 109
1.019 128
1.020 120
1.021 102
1.022 115
1.023 133
1.024 122
1.025 110
1.026 140
1.027 163
1.028 112
1.029 115
1.030 105
1.031 114
1.032 93
1.033 114
1.034 90
1.035 103
1.036 111
1.037 115
1.038 131
1.039 121
1.040 132
1.041 125
1.042 153
1.043 138
1.044 120
1.045 90
1.046 89
1.047 106
1.048 106
1.049 114
1.050 95
1.051 109
1.052 103
1.053 108
1.054 127
1.055 122
1.056 115
1.057 106
1.058 121
1.059 130
1.060 146
1.061 76
1.062 105
1.063 94
1.064 101
1.065 92
1.066 92
1.067 102
1.068 109
1.069 104
1.070 113
1.071 119
1.072 120
1.073 122
1.074 130
1.075 110
1.076 126
1.077 140
1.078 111
1.079 107
1.080 82
1.081 105
1.082 102
1.083 89
1.084 97
1.085 96
1.086 124
1.087 96
1.088 96
1.089 114
1.090 117
1.091 121
1.092 106
1.093 170
1.094 85
1.095 94
1.096 110
1.097 98
1.098 92
1.099 93
1.100 93
1.101 100
1.102 108
1.103 103
1.104 120
1.105 100
1.106 116
1.107 123
1.108 121
1.109 134
1.110 145
1.111 80
1.112 110
1.113 108
1.114 96
1.115 110
1.116 102
1.117 97
1.118 114
1.119 116
1.120 100
1.121 112
1.122 101
1.123 105
1.124 101
1.125 110
1.126 135
1.127 149
1.128 88
1.129 86
1.130 100
1.131 102
1.132 102
1.133 88
1.134 90
1.135 114
1.136 90
1.137 95
1.138 106
1.139 98
1.140 112
1.141 103
1.142 117
1.143 146
1.144 129
1.145 95
1.146 92
1.147 84
1.148 97
1.149 90
1.150 97
1.151 78
1.152 86
1.153 101
1.154 100
1.155 104
1.156 91
1.157 100
1.158 114
1.159 99
1.160 141
1.161 86
1.162 91
1.163 92
1.164 96
1.165 105
1.166 108
1.167 80
1.168 98
1.169 94
1.170 114
1.171 108
1.172 93
1.173 98
1.174 115
1.175 104
1.176 109
1.177 143
1.178 86
1.179 110
1.180 94
1.181 92
1.182 93
1.183 94
1.184 96
1.185 102
1.186 85
1.187 111
1.188 121
1.189 95
1.190 94
1.191 103
1.192 95
1.193 122
1.194 147
1.195 80
1.196 99
1.197 64
1.198 100
1.199 80
1.200 94
1.201 86
1.202 82
1.203 95
1.204 89
1.205 100
1.206 102
1.207 97
1.208 81
1.209 113
1.210 112
1.211 145
1.212 120
1.213 69
1.214 90
1.215 86
1.216 67
1.217 92
1.218 95
1.219 90
1.220 81
1.221 101
1.222 85
1.223 86
1.224 91
1.225 102
1.226 110
1.227 107
1.228 109
1.229 127
1.230 89
1.231 79
1.232 73
1.233 85
1.234 91
1.235 102
1.236 87
1.237 85
1.238 89
1.239 81
1.240 84
1.241 97
1.242 89
1.243 88
1.244 96
1.245 110
1.246 121
1.247 80
1.248 87
1.249 87
1.250 76
1.251 71
1.252 80
1.253 83
1.254 79
1.255 79
1.256 100
1.257 94
1.258 82
1.259 86
1.260 88
1.261 101
1.262 91
1.263 115
1.264 106
1.265 83
1.266 77
1.267 81
1.268 76
1.269 70
1.270 84
1.271 82
1.272 76
1.273 94
1.274 97
1.275 63
1.276 80
1.277 88
1.278 89
1.279 105
1.280 99
1.281 134
1.282 78
1.283 84
1.284 91
1.285 60
1.286 94
1.287 87
1.288 71
1.289 81
1.290 76
1.291 90
1.292 87
1.293 81
1.294 108
1.295 94
1.296 103
1.297 81
1.298 99
1.299 131
1.300 84
1.301 96
1.302 84
1.303 78
1.304 92
1.305 79
1.306 93
1.307 79
1.308 84
1.309 91
1.310 60
1.311 88
1.312 92
1.313 105
1.314 89
1.315 82
1.316 99
1.317 123
1.318 61
1.319 88
1.320 104
1.321 56
1.322 83
1.323 97
1.324 82
1.325 74
1.326 67
1.327 75
1.328 93
1.329 86
1.330 80
1.331 80
1.332 89
1.333 72
1.334 105
1.335 141
1.336 83
1.337 76
1.338 78
1.339 78
1.340 88
1.341 72
1.342 67
1.343 71
1.344 78
1.345 73
1.346 86
1.347 79
1.348 74
1.349 79
1.350 75
1.351 105
1.352 86
1.353 117
1.354 86
1.355 79
1.356 68
1.357 69
1.358 69
1.359 87
1.360 65
1.361 74
1.362 74
1.363 79
1.364 62
1.365 67
1.366 78
1.367 66
1.368 69
1.369 81
1.370 100
1.371 98
1.372 103
1.373 59
1.374 66
1.375 68
1.376 64
1.377 73
1.378 78
1.379 71
1.380 85
1.381 84
1.382 73
1.383 61
1.384 74
1.385 75
1.386 82
1.387 78
1.388 72
1.389 76
1.390 98
1.391 110
1.392 54
1.393 78
1.394 67
1.395 67
1.396 72
1.397 72
1.398 62
1.399 60
1.400 74
1.401 72
1.402 63
1.403 61
1.404 61
1.405 73
1.406 75
1.407 79
1.408 83
1.409 92
1.410 101
1.411 65
1.412 75
1.413 63
1.414 61
1.415 56
1.416 66
1.417 70
1.418 71
1.419 70
1.420 60
1.421 60
1.422 54
1.423 70
1.424 78
1.425 76
1.426 91
1.427 87
1.428 74
1.429 92
1.430 60
1.431 67
1.432 54
1.433 74
1.434 66
1.435 80
1.436 86
1.437 63
1.438 49
1.439 59
1.440 74
1.441 66
1.442 67
1.443 73
1.444 65
1.445 72
1.446 91
1.447 81
1.448 100
1.449 96
1.450 50
1.451 61
1.452 69
1.453 65
1.454 48
1.455 65
1.456 54
1.457 44
1.458 71
1.459 61
1.460 66
1.461 69
1.462 67
1.463 70
1.464 73
1.465 61
1.466 79
1.467 79
1.468 81
1.469 65
1.470 59
1.471 59
1.472 69
1.473 65
1.474 50
1.475 58
1.476 71
1.477 69
1.478 63
1.479 63
1.480 51
1.481 68
1.482 73
1.483 54
1.484 58
1.485 84
1.486 68
1.487 84
1.488 77
1.489 101
1.490 61
1.491 71
1.492 67
1.493 62
1.494 48
1.495 53
1.496 67
1.497 59
1.498 62
1.499 68
1.500 53
1.501 62
1.502 77
1.503 70
1.504 69
1.505 62
1.506 69
1.507 71
1.508 53
1.509 80
1.510 69
1.511 64
1.512 48
1.513 59
1.514 59
1.515 49
1.516 61
1.517 74
1.518 49
1.519 61
1.520 66
1.521 41
1.522 65
1.523 66
1.524 60
1.525 58
1.526 59
1.527 72
1.528 65
1.529 76
1.530 111
1.531 58
1.532 51
1.533 53
1.534 65
1.535 46
1.536 53
1.537 57
1.538 51
1.539 55
1.540 54
1.541 67
1.542 50
1.543 64
1.544 47
1.545 65
1.546 58
1.547 58
1.548 74
1.549 85
1.550 59
1.551 110
1.552 65
1.553 53
1.554 47
1.555 43
1.556 58
1.557 53
1.558 52
1.559 53
1.560 61
1.561 54
1.562 60
1.563 51
1.564 58
1.565 48
1.566 60
1.567 41
1.568 57
1.569 56
1.570 71
1.571 70
1.572 71
1.573 127
1.574 66
1.575 41
1.576 48
1.577 49
1.578 53
1.579 49
1.580 44
1.581 51
1.582 65
1.583 61
1.584 56
1.585 53
1.586 55
1.587 65
1.588 56
1.589 61
1.590 63
1.591 56
1.592 57
1.593 60
1.594 69
1.595 73
1.596 68
1.597 40
1.598 44
1.599 40
1.600 53
1.601 53
1.602 34
1.603 43
1.604 51
1.605 45
1.606 45
1.607 50
1.608 49
1.609 53
1.610 46
1.611 50
1.612 56
1.613 62
1.614 56
1.615 55
1.616 61
1.617 71
1.618 87
1.619 46
1.620 37
1.621 48
1.622 49
1.623 54
1.624 48
1.625 51
1.626 46
1.627 45
1.628 44
1.629 52
1.630 55
1.631 45
1.632 61
1.633 42
1.634 53
1.635 51
1.636 42
1.637 43
1.638 56
1.639 55
1.640 70
1.641 91
1.642 39
1.643 50
1.644 54
1.645 40
1.646 49
1.647 41
1.648 39
1.649 35
1.650 33
1.651 42
1.652 40
1.653 54
1.654 40
1.655 57
1.656 61
1.657 56
1.658 31
1.659 52
1.660 61
1.661 56
1.662 56
1.663 65
1.664 73
1.665 79
1.666 54
1.667 41
1.668 41
1.669 47
1.670 46
1.671 44
1.672 47
1.673 43
1.674 41
1.675 49
1.676 41
1.677 48
1.678 39
1.679 43
1.680 40
1.681 56
1.682 53
1.683 61
1.684 46
1.685 39
1.686 55
1.687 70
1.688 67
1.689 82
1.690 40
1.691 38
1.692 42
1.693 41
1.694 39
1.695 44
1.696 53
1.697 48
1.698 41
1.699 41
1.700 43
1.701 43
1.702 41
1.703 48
1.704 53
1.705 56
1.706 47
1.707 42
1.708 55
1.709 57
1.710 53
1.711 49
1.712 57
1.713 62
1.714 94
1.715 43
1.716 40
1.717 29
1.718 44
1.719 35
1.720 52
1.721 50
1.722 45
1.723 49
1.724 43
1.725 45
1.726 40
1.727 53
1.728 34
1.729 46
1.730 44
1.731 42
1.732 53
1.733 34
1.734 53
1.735 57
1.736 55
1.737 52
1.738 51
1.739 64
1.740 96
1.741 35
1.742 37
1.743 33
1.744 29
1.745 44
1.746 43
1.747 35
1.748 47
1.749 45
1.750 37
1.751 40
1.752 41
1.753 23
1.754 47
1.755 39
1.756 34
1.757 39
1.758 46
1.759 33
1.760 48
1.761 46
1.762 45
1.763 45
1.764 48
1.765 40
1.766 77
1.767 51
1.768 31
1.769 31
1.770 33
1.771 34
1.772 40
1.773 32
1.774 31
1.775 19
1.776 41
1.777 40
1.778 38
1.779 33
1.780 37
1.781 34
1.782 36
1.783 46
1.784 39
1.785 42
1.786 37
1.787 39
1.788 38
1.789 45
1.790 41
1.791 37
1.792 47
1.793 61
1.794 74
1.795 33
1.796 24
1.797 37
1.798 40
1.799 30
1.800 26
1.801 37
1.802 27
1.803 31
1.804 26
1.805 34
1.806 33
1.807 35
1.808 29
1.809 32
1.810 34
1.811 33
1.812 35
1.813 35
1.814 46
1.815 24
1.816 39
1.817 45
1.818 47
1.819 42
1.820 52
1.821 44
1.822 86
1.823 30
1.824 27
1.825 34
1.826 31
1.827 32
1.828 24
1.829 26
1.830 23
1.831 29
1.832 33
1.833 27
1.834 42
1.835 36
1.836 34
1.837 45
1.838 45
1.839 33
1.840 31
1.841 38
1.842 29
1.843 33
1.844 37
1.845 28
1.846 45
1.847 49
1.848 50
1.849 41
1.850 40
1.851 57
1.852 52
1.853 35
1.854 24
1.855 30
1.856 29
1.857 44
1.858 31
1.859 32
1.860 40
1.861 41
1.862 36
1.863 40
1.864 17
1.865 31
1.866 31
1.867 30
1.868 36
1.869 23
1.870 32
1.871 32
1.872 34
1.873 47
1.874 41
1.875 29
1.876 26
1.877 31
1.878 34
1.879 34
1.880 43
1.881 46
1.882 92
1.883 35
1.884 34
1.885 25
1.886 24
1.887 27
1.888 22
1.889 31
1.890 34
1.891 32
1.892 32
1.893 25
1.894 33
1.895 24
1.896 30
1.897 21
1.898 27
1.899 26
1.900 25
1.901 24
1.902 31
1.903 39
1.904 36
1.905 29
1.906 27
1.907 37
1.908 32
1.909 43
1.910 29
1.911 31
1.912 32
1.913 35
1.914 74
1.915 29
1.916 16
1.917 26
1.918 15
1.919 32
1.920 29
1.921 23
1.922 30
1.923 19
1.924 31
1.925 25
1.926 24
1.927 29
1.928 36
1.929 25
1.930 27
1.931 30
1.932 22
1.933 28
1.934 37
1.935 32
1.936 22
1.937 40
1.938 39
1.939 26
1.940 36
1.941 31
1.942 33
1.943 44
1.944 30
1.945 36
1.946 39
1.947 44
1.948 43
1.949 26
1.950 14
1.951 25
1.952 28
1.953 27
1.954 25
1.955 19
1.956 22
1.957 30
1.958 26
1.959 32
1.960 21
1.961 17
1.962 18
1.963 33
1.964 32
1.965 36
1.966 25
1.967 20
1.968 28
1.969 21
1.970 30
1.971 30
1.972 27
1.973 34
1.974 31
1.975 41
1.976 33
1.977 21
1.978 25
1.979 30
1.980 36
1.981 32
1.982 52
1.983 59
1.984 26
1.985 17
1.986 26
1.987 15
1.988 26
1.989 19
1.990 21
1.991 21
1.992 30
1.993 21
1.994 20
1.995 20
1.996 23
1.997 21
1.998 22
1.999 26
2.000 31
2.001 29
2.002 26
2.003 26
2.004 18
2.005 23
2.006 28
2.007 38
2.008 26
2.009 27
2.010 27
2.011 32
2.012 25
2.013 17
2.014 30
2.015 30
2.016 39
2.017 29
2.018 26
2.019 54
2.020 59
2.021 20
2.022 22
2.023 30
2.024 26
2.025 19
2.026 26
2.027 25
2.028 29
2.029 19
2.030 25
2.031 21
2.032 17
2.033 19
2.034 17
2.035 20
2.036 11
2.037 25
2.038 18
2.039 22
2.040 27
2.041 24
2.042 15
2.043 29
2.044 16
2.045 23
2.046 21
2.047 19
2.048 18
2.049 31
2.050 18
2.051 30
2.052 24
2.053 30
2.054 23
2.055 32
2.056 27
2.057 37
2.058 40
2.059 67
2.060 15
2.061 16
2.062 28
2.063 17
2.064 27
2.065 23
2.066 11
2.067 19
2.068 16
2.069 22
2.070 22
2.071 24
2.072 23
2.073 17
2.074 19
2.075 15
2.076 19
2.077 15
2.078 24
2.079 18
2.080 20
2.081 25
2.082 31
2.083 19
2.084 26
2.085 16
2.086 24
2.087 21
2.088 22
2.089 24
2.090 22
2.091 19
2.092 26
2.093 23
2.094 21
2.095 24
2.096 35
2.097 31
2.098 28
2.099 27
2.100 36
2.101 61
2.102 21
2.103 11
2.104 20
2.105 15
2.106 14
2.107 18
2.108 14
2.109 22
2.110 16
2.111 18
2.112 15
2.113 13
2.114 19
2.115 14
2.116 11
2.117 15
2.118 19
2.119 28
2.120 22
2.121 16
2.122 16
2.123 23
2.124 19
2.125 13
2.126 22
2.127 25
2.128 19
2.129 15
2.130 18
2.131 26
2.132 25
2.133 22
2.134 20
2.135 27
2.136 30
2.137 31
2.138 22
2.139 31
2.140 21
2.141 28
2.142 21
2.143 22
2.144 30
2.145 47
2.146 51
2.147 15
2.148 17
2.149 16
2.150 16
2.151 14
2.152 15
2.153 14
2.154 23
2.155 12
2.156 18
2.157 20
2.158 16
2.159 21
2.160 17
2.161 16
2.162 11
2.163 18
2.164 14
2.165 16
2.166 20
2.167 17
2.168 15
2.169 18
2.170 18
2.171 13
2.172 9
2.173 14
2.174 13
2.175 13
2.176 28
2.177 20
2.178 12
2.179 16
2.180 15
2.181 20
2.182 17
2.183 18
2.184 25
2.185 23
2.186 32
2.187 23
2.188 29
2.189 13
2.190 19
2.191 25
2.192 31
2.193 28
2.194 67
2.195 26
2.196 13
2.197 12
2.198 11
2.199 10
2.200 13
2.201 8
2.202 19
2.203 8
2.204 10
2.205 14
2.206 13
2.207 12
2.208 6
2.209 11
2.210 8
2.211 10
2.212 11
2.213 19
2.214 12
2.215 25
2.216 15
2.217 8
2.218 24
2.219 9
2.220 12
2.221 18
2.222 15
2.223 16
2.224 10
2.225 12
2.226 11
2.227 20
2.228 19
2.229 19
2.230 17
2.231 19
2.232 22
2.233 14
2.234 18
2.235 16
2.236 14
2.237 20
2.238 14
2.239 23
2.240 25
2.241 14
2.242 20
2.243 25
2.244 22
2.245 24
2.246 35
2.247 39
2.248 22
2.249 17
2.250 7
2.251 6
2.252 10
2.253 13
2.254 8
2.255 10
2.256 23
2.257 19
2.258 14
2.259 16
2.260 15
2.261 15
2.262 16
2.263 9
2.264 8
2.265 11
2.266 14
2.267 12
2.268 4
2.269 13
2.270 14
2.271 15
2.272 6
2.273 15
2.274 14
2.275 13
2.276 14
2.277 20
2.278 7
2.279 6
2.280 13
2.281 15
2.282 18
2.283 18
2.284 15
2.285 12
2.286 17
2.287 15
2.288 12
2.289 16
2.290 14
2.291 12
2.292 14
2.293 16
2.294 23
2.295 19
2.296 9
2.297 19
2.298 19
2.299 16
2.300 29
2.301 18
2.302 21
2.303 21
2.304 31
2.305 25
2.306 42
2.307 10
2.308 10
2.309 11
2.310 12
2.311 11
2.312 6
2.313 12
2.314 9
2.315 11
2.316 10
2.317 11
2.318 9
2.319 13
2.320 9
2.321 9
2.322 13
2.323 11
2.324 8
2.325 8
2.326 15
2.327 12
2.328 9
2.329 13
2.330 4
2.331 11
2.332 11
2.333 11
2.334 13
2.335 5
2.336 7
2.337 13
2.338 12
2.339 13
2.340 7
2.341 8
2.342 12
2.343 16
2.344 9
2.345 11
2.346 10
2.347 10
2.348 10
2.349 15
2.350 13
2.351 10
2.352 13
2.353 15
2.354 9
2.355 9
2.356 17
2.357 15
2.358 16
2.359 11
2.360 14
2.361 16
2.362 8
2.363 20
2.364 16
2.365 15
2.366 8
2.367 23
2.368 21
2.369 29
2.370 38
2.371 32
2.372 46
2.373 6
2.374 8
2.375 8
2.376 10
2.377 6
2.378 8
2.379 11
2.380 13
2.381 6
2.382 6
2.383 6
2.384 4
2.385 9
2.386 7
2.387 9
2.388 7
2.389 6
2.390 9
2.391 9
2.392 15
2.393 4
2.394 16
2.395 10
2.396 8
2.397 11
2.398 9
2.399 5
2.400 5
2.401 9
2.402 8
2.403 10
2.404 11
2.405 9
2.406 9
2.407 13
2.408 8
2.409 12
2.410 7
2.411 12
2.412 9
2.413 6
2.414 17
2.415 10
2.416 11
2.417 11
2.418 5
2.419 11
2.420 10
2.421 12
2.422 11
2.423 12
2.424 13
2.425 9
2.426 17
2.427 9
2.428 4
2.429 4
2.430 9
2.431 18
2.432 6
2.433 7
2.434 19
2.435 10
2.436 10
2.437 11
2.438 10
2.439 9
2.440 13
2.441 18
2.442 21
2.443 17
2.444 21
2.445 22
2.446 18
2.447 28
2.448 33
2.449 4
2.450 6
2.451 5
2.452 7
2.453 7
2.454 9
2.455 5
2.456 4
2.457 8
2.458 5
2.459 4
2.460 5
2.461 8
2.462 8
2.463 3
2.464 3
2.465 8
2.466 7
2.467 11
2.468 7
2.469 7
2.470 9
2.471 3
2.472 6
2.473 7
2.474 10
2.475 5
2.476 3
2.477 8
2.478 7
2.479 8
2.480 5
2.481 6
2.482 4
2.483 8
2.484 6
2.485 5
2.486 9
2.487 5
2.488 10
2.489 3
2.490 3
2.491 11
2.492 9
2.493 9
2.494 6
2.495 9
2.496 5
2.497 8
2.498 8
2.499 5
2.500 6
2.501 9
2.502 3
2.503 4
2.504 8
2.505 7
2.506 9
2.507 6
2.508 6
2.509 10
2.510 10
2.511 7
2.512 6
2.513 6
2.514 8
2.515 10
2.516 9
2.517 12
2.518 13
2.519 14
2.520 13
2.521 7
2.522 7
2.523 6
2.524 7
2.525 14
2.526 12
2.527 9
2.528 7
2.529 8
2.530 12
2.531 15
2.532 22
2.533 12
2.534 17
2.535 15
2.536 37
2.537 50
2.538 2
2.539 3
2.540 7
2.541 3
2.542 4
2.543 5
2.544 4
2.545 4
2.546 3
2.547 10
2.548 2
2.549 3
2.550 4
2.551 5
2.552 7
2.553 5
2.554 4
2.555 4
2.556 6
2.557 6
2.558 8
2.559 1
2.560 4
2.561 5
2.562 3
2.563 6
2.564 3
2.565 3
2.566 2
2.567 2
2.568 3
2.569 7
2.570 4
2.571 9
2.572 6
2.573 5
2.574 5
2.575 3
2.576 5
2.577 7
2.578 7
2.579 6
2.580 4
2.581 7
2.582 2
2.583 7
2.584 6
2.585 6
2.586 6
2.587 3
2.588 7
2.589 3
2.590 6
2.591 9
2.592 5
2.593 7
2.594 7
2.595 10
2.596 4
2.597 4
2.598 8
2.599 10
2.600 8
2.601 3
2.602 7
2.603 7
2.604 4
2.605 4
2.606 1
2.607 4
2.608 6
2.609 10
2.610 5
2.611 3
2.612 6
2.613 4
2.614 9
2.615 9
2.616 12
2.617 7
2.618 7
2.619 5
2.620 6
2.621 8
2.622 7
2.623 8
2.624 6
2.625 6
2.626 9
2.627 7
2.628 5
2.629 3
2.630 8
2.631 4
2.632 6
2.633 8
2.634 10
2.635 6
2.636 10
2.637 10
2.638 9
2.639 9
2.640 10
2.641 19
2.642 17
2.643 13
2.644 19
2.645 17
2.646 19
2.647 15
2.648 40
2.650 2
2.651 3
2.652 2
2.653 4
2.654 3
2.655 2
2.656 1
2.657 4
2.658 2
2.659 2
2.660 4
2.661 2
2.662 6
2.663 6
2.664 2
2.665 4
2.666 3
2.667 5
2.668 2
2.669 4
2.670 4
2.671 4
2.672 2
2.673 2
2.674 4
2.675 3
2.676 3
2.677 2
2.678 7
2.679 5
2.680 2
2.681 1
2.682 4
2.683 3
2.684 4
2.685 6
2.686 4
2.687 1
2.688 4
2.689 1
2.690 1
2.691 3
2.692 7
2.693 3
2.694 5
2.695 4
2.696 1
2.697 4
2.698 4
2.699 2
2.700 2
2.701 5
2.702 2
2.703 3
2.704 2
2.705 5
2.706 3
2.707 3
2.708 2
2.709 2
2.710 7
2.711 2
2.712 4
2.713 3
2.714 3
2.715 2
2.716 4
2.717 1
2.718 6
2.719 4
2.720 5
2.721 5
2.722 5
2.723 4
2.724 3
2.725 2
2.726 8
2.727 5
2.728 4
2.729 6
2.730 2
2.731 2
2.732 4
2.733 4
2.734 2
2.735 2
2.736 4
2.737 4
2.738 3
2.739 1
2.740 1
2.741 6
2.742 2
2.743 5
2.744 6
2.745 7
2.747 4
2.748 3
2.749 2
2.750 4
2.751 2
2.752 5
2.753 5
2.754 3
2.755 5
2.756 3
2.757 5
2.758 9
2.759 11
2.760 7
2.761 8
2.762 4
2.763 5
2.764 9
2.765 4
2.766 3
2.767 5
2.768 6
2.769 10
2.770 6
2.771 4
2.772 2
2.773 4
2.774 5
2.775 10
2.776 7
2.777 5
2.778 5
2.779 4
2.780 4
2.781 9
2.782 7
2.783 9
2.784 12
2.785 9
2.786 7
2.787 8
2.788 11
2.789 9
2.790 8
2.791 9
2.792 14
2.793 10
2.794 14
2.795 17
2.796 18
2.797 47
2.798 1
2.799 1
2.800 3
2.801 1
2.802 1
2.803 2
2.804 1
2.806 4
2.807 5
2.809 3
2.810 2
2.811 3
2.812 1
2.813 3
2.814 3
2.815 2
2.816 1
2.817 2
2.818 2
2.819 3
2.820 1
2.822 1
2.823 1
2.824 5
2.825 2
2.826 1
2.827 2
2.828 5
2.829 3
2.830 2
2.831 2
2.832 3
2.833 1
2.834 3
2.835 1
2.836 1
2.837 2
2.838 1
2.839 1
2.840 1
2.842 2
2.843 4
2.844 3
2.846 3
2.847 3
2.848 4
2.849 1
2.850 5
2.851 1
2.852 1
2.853 2
2.854 3
2.856 1
2.857 2
2.859 2
2.860 1
2.862 5
2.863 1
2.865 3
2.867 2
2.868 2
2.869 2
2.870 1
2.871 1
2.873 3
2.874 2
2.876 3
2.877 3
2.878 4
2.880 2
2.881 1
2.882 2
2.883 1
2.884 3
2.885 1
2.886 2
2.887 2
2.889 4
2.890 1
2.891 3
2.892 4
2.893 1
2.894 4
2.895 2
2.896 1
2.897 1
2.898 6
2.899 4
2.900 2
2.901 3
2.903 1
2.904 1
2.905 1
2.906 2
2.907 1
2.908 1
2.909 3
2.910 3
2.911 5
2.912 1
2.913 1
2.914 5
2.916 3
2.917 2
2.918 2
2.919 3
2.920 1
2.921 2
2.922 5
2.923 2
2.924 4
2.925 1
2.926 1
2.927 2
2.928 2
2.929 1
2.930 4
2.931 1
2.932 1
2.933 1
2.934 7
2.935 1
2.936 1
2.937 3
2.938 1
2.939 2
2.940 4
2.941 1
2.942 2
2.943 2
2.944 2
2.945 2
2.946 2
2.947 3
2.948 3
2.949 5
2.950 3
2.951 3
2.952 1
2.954 3
2.955 3
2.956 3
2.957 2
2.958 3
2.959 5
2.960 3
2.961 2
2.962 4
2.963 1
2.964 2
2.965 5
2.966 5
2.967 4
2.968 6
2.969 1
2.970 2
2.971 3
2.972 4
2.973 2
2.974 2
2.976 1
2.977 2
2.978 3
2.979 3
2.980 1
2.981 5
2.982 2
2.983 6
2.984 4
2.985 4
2.986 2
2.987 3
2.988 2
2.989 5
2.990 7
2.991 3
2.992 5
2.993 2
2.994 3
2.995 1
2.996 2
2.997 2
2.998 4
2.999 4
3.000 3
3.001 4
3.002 2
3.003 3
3.004 4
3.005 5
3.006 3
3.007 4
3.008 3
3.009 4
3.010 2
3.011 9
3.012 8
3.013 3
3.014 4
3.015 7
3.016 6
3.017 5
3.018 4
3.019 10
3.020 2
3.021 4
3.022 3
3.023 6
3.024 4
3.025 8
3.026 7
3.027 8
3.028 9
3.029 7
3.030 10
3.031 6
3.032 9
3.033 10
3.034 18
3.035 30
3.037 1
3.039 2
3.040 1
3.041 2
3.042 1
3.043 2
3.046 1
3.050 1
3.064 1
3.065 1
3.066 2
3.068 1
3.069 1
3.070 1
3.071 1
3.075 1
3.077 1
3.084 1
3.088 1
3.090 2
3.091 1
3.105 1
3.106 1
3.108 1
3.109 1
3.116 1
3.128 2
3.135 1
3.140 1
3.152 1
3.155 1
3.156 2
3.159 2
3.160 1
3.165 1
3.168 1
3.173 1
3.177 1
3.178 1
3.179 1
3.182 1
3.189 1
3.190 1
3.192 1
3.193 2
3.194 1
3.195 1
3.200 1
3.206 1
3.214 1
3.216 1
3.218 1
3.220 1
3.221 1
3.223 1
3.224 1
3.229 1
3.232 1
3.233 1
3.236 1
3.237 2
3.241 1
3.243 2
3.244 1
3.246 1
3.258 1
3.266 1
3.270 2
3.274 1
3.277 1
3.284 1
3.291 2
3.294 1
3.297 1
3.298 1
3.299 1
3.300 1
3.302 1
3.305 2
3.308 1
3.309 1
3.315 1
3.318 2
3.319 1
3.321 1
3.338 1
3.339 1
3.341 1
3.344 3
3.353 1
3.355 1
3.356 2
3.361 1
3.364 1
3.384 1
3.387 1
3.388 1
3.395 1
3.397 1
3.403 1
3.405 1
3.409 1
3.415 1
3.424 1
3.426 1
3.429 1
3.432 1
3.435 2
3.439 1
3.440 1
3.444 1
3.446 1
3.462 1
3.464 1
3.465 1
3.466 1
3.467 1
3.469 1
3.474 1
3.479 1
3.481 3
3.482 1
3.483 1
3.486 1
3.489 2
3.490 1
3.492 1
3.499 1
3.503 1
3.505 2
3.506 1
3.507 1
3.509 3
3.511 1
3.514 1
3.517 1
3.518 1
3.528 1
3.530 1
3.532 1
3.535 1
3.536 1
3.537 1
3.538 1
3.539 1
3.540 1
3.541 1
3.543 1
3.544 1
3.552 1
3.553 1
3.554 1
3.558 1
3.559 1
3.562 1
3.563 1
3.565 1
3.566 1
3.567 1
3.569 3
3.571 1
3.576 1
3.579 2
3.581 1
3.582 1
3.584 2
3.588 1
3.592 1
3.593 1
3.596 2
3.602 1
3.603 1
3.604 1
3.606 1
3.608 2
3.612 1
3.615 1
3.623 1
3.624 2
3.625 1
3.626 2
3.629 1
3.632 1
3.633 1
3.635 1
3.636 1
3.639 1
3.640 1
3.641 1
3.642 1
3.644 1
3.645 1
3.646 1
3.650 1
3.651 2
3.652 1
3.657 1
3.660 3
3.661 1
3.663 2
3.667 2
3.669 1
3.675 1
3.679 2
3.686 1
3.689 1
3.691 1
3.692 1
3.696 1
3.700 1
3.701 1
3.706 1
3.712 1
3.717 1
3.719 1
3.726 1
3.728 1
3.730 1
3.733 1
3.748 1
3.750 1
3.751 1
3.759 1
3.760 2
3.761 1
3.768 1
3.772 1
3.773 1
3.778 2
3.779 1
3.781 1
3.782 3
3.783 1
3.785 2
3.790 1
3.792 1
3.793 1
3.795 1
3.796 1
3.798 2
3.805 1
3.813 1
3.816 1
3.819 1
3.827 1
3.843 2
3.850 1
3.855 1
3.858 1
3.859 1
3.860 2
3.861 1
3.862 1
3.865 1
3.866 1
3.875 1
3.877 1
3.878 1
3.879 2
3.882 1
3.889 1
3.891 1
3.894 1
3.895 1
3.897 1
3.898 1
3.901 1
3.904 1
3.908 1
3.909 2
3.915 1
3.916 1
3.920 1
3.923 1
3.925 1
3.931 1
3.942 1
3.943 1
3.944 1
3.946 1
3.951 1
3.952 1
3.956 1
3.962 1
3.966 2
3.968 1
3.971 1
3.973 1
3.976 1
3.983 1
3.988 2
3.989 1
3.990 2
3.992 1
3.994 1
3.997 1
4.000 1
4.006 1
4.011 1
4.013 1
4.015 2
4.020 1
4.024 1
4.025 1
4.029 2
4.031 1
4.032 1
4.033 1
4.039 1
4.042 1
4.044 3
4.046 1
4.053 1
4.055 1
4.063 2
4.064 1
4.069 2
4.070 1
4.071 1
4.075 1
4.076 2
4.078 1
4.081 1
4.084 2
4.089 1
4.093 1
4.096 2
4.097 1
4.099 1
4.105 2
4.108 1
4.111 2
4.115 2
4.123 1
4.125 1
4.126 1
4.129 1
4.130 1
4.132 1
4.133 1
4.140 2
4.143 1
4.144 1
4.145 1
4.148 1
4.151 2
4.153 1
4.155 1
4.157 2
4.159 1
4.160 1
4.168 1
4.170 1
4.171 1
4.173 1
4.174 1
4.183 1
4.186 1
4.189 1
4.199 1
4.202 1
4.208 1
4.209 1
4.213 1
4.221 1
4.223 1
4.225 1
4.226 1
4.228 1
4.235 1
4.237 1
4.243 1
4.248 1
4.251 1
4.261 1
4.268 1
4.269 1
4.270 1
4.274 1
4.278 1
4.292 1
4.303 1
4.304 1
4.305 1
4.307 1
4.309 1
4.310 1
4.317 1
4.321 1
4.322 1
4.327 1
4.347 2
4.356 1
4.367 2
4.369 1
4.380 1
4.398 1
4.406 2
4.413 1
4.424 1
4.428 1
4.431 1
4.436 1
4.452 1
4.470 1
4.471 1
4.480 1
4.484 1
4.488 1
4.498 1
4.504 1
4.516 1
4.523 1
4.537 1
4.554 2
4.567 1
4.577 1
4.634 1
4.644 1
4.682 1
4.710 1
4.714 1
4.801 1
4.822 1
4.827 1
4.849 1
4.858 1
4.865 1
4.867 1
4.895 1
4.950 1
4.991 1
5.003 1
