0.000 1
0.001 3
0.004 3
0.005 2
0.006 1
0.007 1
0.008 1
0.009 4
0.010 1
0.011 3
0.012 1
0.013 4
0.014 3
0.017 2
0.018 5
0.019 2
0.020 2
0.021 2
0.022 4
0.023 2
0.025 1
0.026 3
0.027 4
0.028 5
0.029 1
0.030 3
0.031 2
0.032 4
0.033 3
0.034 4
0.035 2
0.036 3
0.037 2
0.039 5
0.040 4
0.041 6
0.042 1
0.043 3
0.044 3
0.045 5
0.046 4
0.047 2
0.048 2
0.049 5
0.050 6
0.051 4
0.052 6
0.053 6
0.054 8
0.055 5
0.056 7
0.057 6
0.058 12
0.059 4
0.060 11
0.061 10
0.062 6
0.063 6
0.064 10
0.065 4
0.066 9
0.067 8
0.068 5
0.069 7
0.070 7
0.071 7
0.072 9
0.073 10
0.074 7
0.075 9
0.076 13
0.077 14
0.078 10
0.079 5
0.080 4
0.081 8
0.082 11
0.083 13
0.084 6
0.085 6
0.086 6
0.087 16
0.088 8
0.089 7
0.090 7
0.091 10
0.092 8
0.093 11
0.094 9
0.095 9
0.096 6
0.097 10
0.098 9
0.099 7
0.100 5
0.101 7
0.102 9
0.103 18
0.104 9
0.105 13
0.106 14
0.107 9
0.108 10
0.109 13
0.110 12
0.111 8
0.112 9
0.113 12
0.114 11
0.115 11
0.116 11
0.117 15
0.118 21
0.119 21
0.120 16
0.121 15
0.122 12
0.123 11
0.124 9
0.125 10
0.126 8
0.127 12
0.128 10
0.129 13
0.130 11
0.131 11
0.132 15
0.133 15
0.134 16
0.135 11
0.136 9
0.137 14
0.138 18
0.139 12
0.140 13
0.141 18
0.142 12
0.143 20
0.144 12
0.145 24
0.146 8
0.147 12
0.148 15
0.149 15
0.150 14
0.151 12
0.152 14
0.153 17
0.154 11
0.155 12
0.156 12
0.157 16
0.158 19
0.159 14
0.160 14
0.161 14
0.162 18
0.163 16
0.164 20
0.165 17
0.166 18
0.167 13
0.168 26
0.169 14
0.170 20
0.171 18
0.172 22
0.173 22
0.174 9
0.175 18
0.176 17
0.177 18
0.178 14
0.179 20
0.180 20
0.181 16
0.182 17
0.183 16
0.184 20
0.185 15
0.186 10
0.187 25
0.188 31
0.189 14
0.190 25
0.191 15
0.192 16
0.193 12
0.194 21
0.195 29
0.196 26
0.197 23
0.198 18
0.199 18
0.200 17
0.201 24
0.202 25
0.203 18
0.204 24
0.205 17
0.206 17
0.207 19
0.208 20
0.209 24
0.210 19
0.211 24
0.212 23
0.213 22
0.214 23
0.215 23
0.216 25
0.217 15
0.218 22
0.219 19
0.220 22
0.221 25
0.222 21
0.223 26
0.224 25
0.225 20
0.226 29
0.227 20
0.228 17
0.229 20
0.230 24
0.231 24
0.232 24
0.233 28
0.234 19
0.235 22
0.236 23
0.237 25
0.238 27
0.239 28
0.240 23
0.241 22
0.242 28
0.243 23
0.244 25
0.245 21
0.246 34
0.247 25
0.248 23
0.249 23
0.250 31
0.251 26
0.252 24
0.253 27
0.254 31
0.255 23
0.256 22
0.257 30
0.258 25
0.259 39
0.260 27
0.261 28
0.262 21
0.263 36
0.264 32
0.265 22
0.266 25
0.267 25
0.268 35
0.269 38
0.270 30
0.271 26
0.272 34
0.273 28
0.274 29
0.275 24
0.276 29
0.277 33
0.278 23
0.279 27
0.280 35
0.281 26
0.282 34
0.283 32
0.284 20
0.285 20
0.286 26
0.287 23
0.288 36
0.289 35
0.290 29
0.291 32
0.292 35
0.293 25
0.294 28
0.295 25
0.296 29
0.297 30
0.298 23
0.299 47
0.300 22
0.301 23
0.302 30
0.303 30
0.304 25
0.305 40
0.306 26
0.307 33
0.308 42
0.309 35
0.310 40
0.311 34
0.312 30
0.313 32
0.314 35
0.315 23
0.316 29
0.317 41
0.318 37
0.319 37
0.320 38
0.321 30
0.322 38
0.323 37
0.324 40
0.325 26
0.326 43
0.327 30
0.328 17
0.329 32
0.330 35
0.331 25
0.332 40
0.333 25
0.334 27
0.335 28
0.336 39
0.337 37
0.338 34
0.339 33
0.340 36
0.341 32
0.342 28
0.343 34
0.344 41
0.345 35
0.346 31
0.347 37
0.348 42
0.349 38
0.350 27
0.351 36
0.352 30
0.353 34
0.354 33
0.355 35
0.356 37
0.357 35
0.358 35
0.359 46
0.360 22
0.361 37
0.362 36
0.363 32
0.364 47
0.365 39
0.366 34
0.367 47
0.368 39
0.369 27
0.370 42
0.371 42
0.372 40
0.373 34
0.374 44
0.375 48
0.376 39
0.377 35
0.378 46
0.379 34
0.380 44
0.381 43
0.382 49
0.383 37
0.384 41
0.385 41
0.386 33
0.387 48
0.388 37
0.389 26
0.390 33
0.391 46
0.392 49
0.393 48
0.394 33
0.395 40
0.396 33
0.397 38
0.398 37
0.399 30
0.400 40
0.401 46
0.402 27
0.403 39
0.404 41
0.405 33
0.406 38
0.407 47
0.408 41
0.409 36
0.410 51
0.411 34
0.412 39
0.413 35
0.414 42
0.415 34
0.416 45
0.417 46
0.418 37
0.419 33
0.420 33
0.421 39
0.422 37
0.423 46
0.424 45
0.425 45
0.426 51
0.427 32
0.428 34
0.429 42
0.430 40
0.431 52
0.432 36
0.433 48
0.434 46
0.435 47
0.436 44
0.437 44
0.438 45
0.439 34
0.440 37
0.441 49
0.442 33
0.443 43
0.444 49
0.445 52
0.446 40
0.447 58
0.448 57
0.449 51
0.450 42
0.451 37
0.452 46
0.453 48
0.454 37
0.455 46
0.456 53
0.457 44
0.458 40
0.459 48
0.460 34
0.461 41
0.462 40
0.463 37
0.464 52
0.465 52
0.466 46
0.467 42
0.468 43
0.469 35
0.470 39
0.471 43
0.472 46
0.473 55
0.474 45
0.475 51
0.476 39
0.477 46
0.478 44
0.479 52
0.480 45
0.481 45
0.482 42
0.483 38
0.484 54
0.485 60
0.486 46
0.487 42
0.488 49
0.489 52
0.490 47
0.491 43
0.492 42
0.493 59
0.494 46
0.495 38
0.496 46
0.497 31
0.498 45
0.499 44
0.500 39
0.501 54
0.502 61
0.503 47
0.504 57
0.505 48
0.506 54
0.507 47
0.508 62
0.509 36
0.510 45
0.511 62
0.512 55
0.513 41
0.514 52
0.515 47
0.516 51
0.517 50
0.518 56
0.519 52
0.520 51
0.521 54
0.522 49
0.523 52
0.524 66
0.525 59
0.526 48
0.527 49
0.528 47
0.529 54
0.530 45
0.531 58
0.532 54
0.533 54
0.534 63
0.535 57
0.536 52
0.537 58
0.538 46
0.539 63
0.540 57
0.541 42
0.542 56
0.543 64
0.544 57
0.545 47
0.546 57
0.547 53
0.548 51
0.549 53
0.550 60
0.551 52
0.552 58
0.553 52
0.554 60
0.555 49
0.556 48
0.557 59
0.558 49
0.559 53
0.560 51
0.561 66
0.562 43
0.563 57
0.564 52
0.565 54
0.566 55
0.567 58
0.568 56
0.569 54
0.570 62
0.571 60
0.572 65
0.573 64
0.574 63
0.575 50
0.576 57
0.577 71
0.578 35
0.579 66
0.580 67
0.581 61
0.582 57
0.583 46
0.584 63
0.585 66
0.586 60
0.587 50
0.588 55
0.589 78
0.590 55
0.591 54
0.592 60
0.593 59
0.594 51
0.595 60
0.596 47
0.597 59
0.598 49
0.599 65
0.600 52
0.601 60
0.602 53
0.603 63
0.604 51
0.605 51
0.606 65
0.607 53
0.608 64
0.609 56
0.610 53
0.611 53
0.612 62
0.613 56
0.614 48
0.615 53
0.616 63
0.617 56
0.618 71
0.619 61
0.620 74
0.621 60
0.622 65
0.623 79
0.624 87
0.625 68
0.626 71
0.627 81
0.628 58
0.629 67
0.630 63
0.631 61
0.632 60
0.633 60
0.634 60
0.635 68
0.636 73
0.637 63
0.638 73
0.639 71
0.640 60
0.641 62
0.642 67
0.643 61
0.644 79
0.645 75
0.646 65
0.647 64
0.648 61
0.649 76
0.650 61
0.651 58
0.652 66
0.653 64
0.654 68
0.655 67
0.656 65
0.657 74
0.658 70
0.659 56
0.660 69
0.661 60
0.662 72
0.663 78
0.664 73
0.665 70
0.666 63
0.667 62
0.668 71
0.669 78
0.670 86
0.671 71
0.672 66
0.673 68
0.674 70
0.675 68
0.676 52
0.677 66
0.678 75
0.679 63
0.680 79
0.681 69
0.682 68
0.683 80
0.684 69
0.685 75
0.686 59
0.687 68
0.688 92
0.689 64
0.690 64
0.691 70
0.692 71
0.693 60
0.694 73
0.695 78
0.696 71
0.697 81
0.698 78
0.699 77
0.700 62
0.701 74
0.702 80
0.703 61
0.704 72
0.705 71
0.706 62
0.707 75
0.708 78
0.709 78
0.710 71
0.711 66
0.712 78
0.713 74
0.714 78
0.715 87
0.716 61
0.717 82
0.718 76
0.719 78
0.720 73
0.721 89
0.722 82
0.723 63
0.724 70
0.725 97
0.726 71
0.727 73
0.728 63
0.729 83
0.730 74
0.731 78
0.732 71
0.733 75
0.734 72
0.735 72
0.736 74
0.737 73
0.738 71
0.739 73
0.740 70
0.741 68
0.742 82
0.743 66
0.744 67
0.745 81
0.746 66
0.747 84
0.748 76
0.749 64
0.750 65
0.751 76
0.752 67
0.753 93
0.754 86
0.755 69
0.756 84
0.757 78
0.758 65
0.759 75
0.760 69
0.761 57
0.762 74
0.763 74
0.764 80
0.765 89
0.766 72
0.767 72
0.768 75
0.769 74
0.770 83
0.771 71
0.772 81
0.773 85
0.774 80
0.775 77
0.776 68
0.777 85
0.778 78
0.779 82
0.780 71
0.781 79
0.782 64
0.783 62
0.784 63
0.785 72
0.786 72
0.787 99
0.788 67
0.789 80
0.790 87
0.791 74
0.792 58
0.793 80
0.794 82
0.795 80
0.796 75
0.797 65
0.798 90
0.799 90
0.800 63
0.801 63
0.802 94
0.803 87
0.804 83
0.805 71
0.806 70
0.807 77
0.808 74
0.809 86
0.810 85
0.811 77
0.812 83
0.813 77
0.814 97
0.815 78
0.816 87
0.817 76
0.818 77
0.819 69
0.820 65
0.821 92
0.822 88
0.823 75
0.824 72
0.825 86
0.826 67
0.827 82
0.828 84
0.829 87
0.830 85
0.831 82
0.832 90
0.833 82
0.834 88
0.835 86
0.836 94
0.837 90
0.838 79
0.839 87
0.840 83
0.841 77
0.842 88
0.843 78
0.844 83
0.845 78
0.846 85
0.847 77
0.848 96
0.849 83
0.850 70
0.851 93
0.852 88
0.853 68
0.854 102
0.855 79
0.856 93
0.857 95
0.858 83
0.859 82
0.860 87
0.861 91
0.862 80
0.863 82
0.864 87
0.865 103
0.866 97
0.867 66
0.868 86
0.869 98
0.870 62
0.871 83
0.872 78
0.873 73
0.874 79
0.875 77
0.876 74
0.877 82
0.878 91
0.879 89
0.880 90
0.881 101
0.882 84
0.883 78
0.884 81
0.885 102
0.886 88
0.887 91
0.888 97
0.889 95
0.890 91
0.891 80
0.892 97
0.893 89
0.894 97
0.895 89
0.896 70
0.897 81
0.898 80
0.899 108
0.900 80
0.901 103
0.902 85
0.903 84
0.904 89
0.905 92
0.906 79
0.907 88
0.908 109
0.909 89
0.910 85
0.911 115
0.912 79
0.913 88
0.914 93
0.915 91
0.916 104
0.917 88
0.918 96
0.919 64
0.920 112
0.921 102
0.922 101
0.923 95
0.924 100
0.925 89
0.926 81
0.927 83
0.928 103
0.929 94
0.930 81
0.931 78
0.932 92
0.933 91
0.934 87
0.935 93
0.936 113
0.937 89
0.938 81
0.939 96
0.940 77
0.941 84
0.942 89
0.943 90
0.944 105
0.945 84
0.946 108
0.947 81
0.948 79
0.949 102
0.950 103
0.951 115
0.952 108
0.953 88
0.954 86
0.955 84
0.956 84
0.957 87
0.958 93
0.959 97
0.960 73
0.961 99
0.962 90
0.963 99
0.964 93
0.965 83
0.966 86
0.967 107
0.968 99
0.969 117
0.970 98
0.971 99
0.972 114
0.973 99
0.974 98
0.975 109
0.976 81
0.977 92
0.978 81
0.979 96
0.980 104
0.981 88
0.982 92
0.983 92
0.984 88
0.985 111
0.986 114
0.987 109
0.988 93
0.989 87
0.990 109
0.991 94
0.992 88
0.993 90
0.994 117
0.995 90
0.996 105
0.997 95
0.998 91
0.999 109
1.000 98
1.001 88
1.002 98
1.003 105
1.004 102
1.005 100
1.006 113
1.007 87
1.008 67
1.009 105
1.010 97
1.011 98
1.012 87
1.013 102
1.014 107
1.015 97
1.016 85
1.017 109
1.018 111
1.019 92
1.020 107
1.021 89
1.022 104
1.023 81
1.024 90
1.025 98
1.026 105
1.027 105
1.028 92
1.029 100
1.030 91
1.031 94
1.032 92
1.033 90
1.034 86
1.035 88
1.036 109
1.037 84
1.038 83
1.039 103
1.040 96
1.041 93
1.042 91
1.043 103
1.044 87
1.045 93
1.046 79
1.047 79
1.048 93
1.049 95
1.050 105
1.051 93
1.052 86
1.053 81
1.054 80
1.055 112
1.056 95
1.057 97
1.058 102
1.059 93
1.060 97
1.061 82
1.062 97
1.063 106
1.064 97
1.065 92
1.066 82
1.067 93
1.068 84
1.069 82
1.070 87
1.071 103
1.072 82
1.073 90
1.074 89
1.075 98
1.076 93
1.077 88
1.078 85
1.079 102
1.080 86
1.081 75
1.082 103
1.083 91
1.084 85
1.085 87
1.086 90
1.087 83
1.088 81
1.089 92
1.090 97
1.091 95
1.092 84
1.093 90
1.094 83
1.095 102
1.096 87
1.097 84
1.098 95
1.099 103
1.100 80
1.101 78
1.102 93
1.103 93
1.104 83
1.105 87
1.106 87
1.107 78
1.108 87
1.109 86
1.110 88
1.111 83
1.112 89
1.113 84
1.114 89
1.115 88
1.116 81
1.117 88
1.118 80
1.119 81
1.120 79
1.121 80
1.122 78
1.123 76
1.124 82
1.125 80
1.126 85
1.127 86
1.128 82
1.129 78
1.130 83
1.131 85
1.132 82
1.133 104
1.134 95
1.135 103
1.136 92
1.137 79
1.138 88
1.139 77
1.140 81
1.141 85
1.142 69
1.143 84
1.144 77
1.145 87
1.146 88
1.147 85
1.148 82
1.149 79
1.150 108
1.151 64
1.152 95
1.153 79
1.154 79
1.155 87
1.156 81
1.157 83
1.158 86
1.159 73
1.160 95
1.161 93
1.162 89
1.163 67
1.164 79
1.165 86
1.166 92
1.167 83
1.168 89
1.169 88
1.170 90
1.171 85
1.172 82
1.173 95
1.174 79
1.175 79
1.176 91
1.177 72
1.178 77
1.179 92
1.180 76
1.181 66
1.182 67
1.183 98
1.184 88
1.185 76
1.186 85
1.187 106
1.188 88
1.189 98
1.190 80
1.191 85
1.192 89
1.193 91
1.194 83
1.195 67
1.196 73
1.197 77
1.198 83
1.199 81
1.200 91
1.201 87
1.202 77
1.203 86
1.204 81
1.205 73
1.206 90
1.207 70
1.208 110
1.209 69
1.210 77
1.211 83
1.212 85
1.213 62
1.214 75
1.215 80
1.216 96
1.217 67
1.218 69
1.219 91
1.220 76
1.221 81
1.222 69
1.223 89
1.224 82
1.225 60
1.226 75
1.227 82
1.228 67
1.229 83
1.230 83
1.231 86
1.232 71
1.233 82
1.234 82
1.235 64
1.236 53
1.237 80
1.238 66
1.239 70
1.240 83
1.241 69
1.242 67
1.243 88
1.244 65
1.245 68
1.246 85
1.247 69
1.248 76
1.249 75
1.250 86
1.251 74
1.252 71
1.253 66
1.254 63
1.255 80
1.256 80
1.257 73
1.258 63
1.259 74
1.260 65
1.261 64
1.262 72
1.263 61
1.264 65
1.265 79
1.266 77
1.267 84
1.268 80
1.269 69
1.270 68
1.271 80
1.272 70
1.273 83
1.274 58
1.275 58
1.276 68
1.277 78
1.278 78
1.279 70
1.280 74
1.281 69
1.282 57
1.283 63
1.284 77
1.285 78
1.286 84
1.287 89
1.288 86
1.289 69
1.290 81
1.291 89
1.292 66
1.293 77
1.294 78
1.295 73
1.296 61
1.297 67
1.298 78
1.299 77
1.300 76
1.301 60
1.302 78
1.303 77
1.304 65
1.305 77
1.306 75
1.307 71
1.308 77
1.309 63
1.310 74
1.311 76
1.312 67
1.313 73
1.314 70
1.315 65
1.316 73
1.317 78
1.318 57
1.319 54
1.320 91
1.321 77
1.322 61
1.323 65
1.324 71
1.325 88
1.326 70
1.327 62
1.328 76
1.329 53
1.330 69
1.331 60
1.332 70
1.333 68
1.334 82
1.335 79
1.336 64
1.337 76
1.338 66
1.339 53
1.340 58
1.341 57
1.342 61
1.343 74
1.344 77
1.345 66
1.346 69
1.347 56
1.348 80
1.349 72
1.350 72
1.351 74
1.352 73
1.353 65
1.354 55
1.355 57
1.356 75
1.357 78
1.358 64
1.359 64
1.360 77
1.361 59
1.362 57
1.363 69
1.364 58
1.365 69
1.366 63
1.367 61
1.368 59
1.369 61
1.370 47
1.371 62
1.372 58
1.373 59
1.374 64
1.375 61
1.376 62
1.377 66
1.378 66
1.379 61
1.380 67
1.381 51
1.382 67
1.383 76
1.384 59
1.385 62
1.386 63
1.387 66
1.388 54
1.389 64
1.390 56
1.391 67
1.392 56
1.393 52
1.394 53
1.395 56
1.396 73
1.397 64
1.398 58
1.399 57
1.400 66
1.401 70
1.402 57
1.403 44
1.404 65
1.405 67
1.406 55
1.407 58
1.408 65
1.409 71
1.410 58
1.411 73
1.412 57
1.413 61
1.414 64
1.415 56
1.416 66
1.417 45
1.418 55
1.419 64
1.420 59
1.421 61
1.422 53
1.423 46
1.424 57
1.425 53
1.426 66
1.427 46
1.428 62
1.429 66
1.430 45
1.431 68
1.432 45
1.433 43
1.434 53
1.435 66
1.436 49
1.437 68
1.438 64
1.439 50
1.440 51
1.441 75
1.442 44
1.443 46
1.444 62
1.445 57
1.446 67
1.447 58
1.448 44
1.449 56
1.450 52
1.451 45
1.452 55
1.453 50
1.454 61
1.455 62
1.456 63
1.457 52
1.458 56
1.459 54
1.460 68
1.461 59
1.462 66
1.463 49
1.464 45
1.465 66
1.466 55
1.467 63
1.468 67
1.469 50
1.470 53
1.471 54
1.472 45
1.473 46
1.474 54
1.475 47
1.476 61
1.477 55
1.478 63
1.479 46
1.480 45
1.481 53
1.482 32
1.483 56
1.484 48
1.485 50
1.486 50
1.487 45
1.488 58
1.489 49
1.490 62
1.491 47
1.492 53
1.493 67
1.494 58
1.495 46
1.496 52
1.497 57
1.498 40
1.499 47
1.500 62
1.501 46
1.502 40
1.503 57
1.504 53
1.505 63
1.506 52
1.507 59
1.508 43
1.509 41
1.510 34
1.511 42
1.512 64
1.513 49
1.514 34
1.515 50
1.516 45
1.517 45
1.518 60
1.519 46
1.520 51
1.521 46
1.522 62
1.523 55
1.524 58
1.525 46
1.526 41
1.527 49
1.528 43
1.529 54
1.530 50
1.531 44
1.532 40
1.533 41
1.534 45
1.535 53
1.536 47
1.537 48
1.538 63
1.539 45
1.540 39
1.541 40
1.542 39
1.543 49
1.544 46
1.545 49
1.546 40
1.547 45
1.548 35
1.549 50
1.550 46
1.551 45
1.552 41
1.553 45
1.554 44
1.555 38
1.556 42
1.557 39
1.558 39
1.559 47
1.560 42
1.561 46
1.562 43
1.563 44
1.564 49
1.565 28
1.566 46
1.567 46
1.568 35
1.569 46
1.570 43
1.571 52
1.572 46
1.573 46
1.574 37
1.575 37
1.576 32
1.577 38
1.578 58
1.579 56
1.580 50
1.581 45
1.582 39
1.583 40
1.584 44
1.585 31
1.586 32
1.587 44
1.588 39
1.589 45
1.590 40
1.591 41
1.592 42
1.593 40
1.594 40
1.595 35
1.596 44
1.597 41
1.598 36
1.599 40
1.600 46
1.601 36
1.602 44
1.603 38
1.604 49
1.605 32
1.606 43
1.607 43
1.608 38
1.609 46
1.610 43
1.611 39
1.612 30
1.613 37
1.614 40
1.615 46
1.616 36
1.617 29
1.618 38
1.619 40
1.620 35
1.621 43
1.622 35
1.623 41
1.624 27
1.625 34
1.626 29
1.627 46
1.628 38
1.629 42
1.630 36
1.631 36
1.632 24
1.633 37
1.634 38
1.635 44
1.636 32
1.637 38
1.638 26
1.639 40
1.640 37
1.641 30
1.642 24
1.643 31
1.644 36
1.645 39
1.646 39
1.647 37
1.648 32
1.649 32
1.650 39
1.651 34
1.652 52
1.653 37
1.654 35
1.655 31
1.656 33
1.657 28
1.658 35
1.659 36
1.660 41
1.661 32
1.662 29
1.663 47
1.664 56
1.665 36
1.666 26
1.667 36
1.668 34
1.669 33
1.670 30
1.671 27
1.672 35
1.673 22
1.674 36
1.675 31
1.676 33
1.677 32
1.678 39
1.679 30
1.680 38
1.681 41
1.682 34
1.683 45
1.684 29
1.685 29
1.686 31
1.687 31
1.688 39
1.689 38
1.690 19
1.691 35
1.692 41
1.693 32
1.694 29
1.695 26
1.696 35
1.697 30
1.698 23
1.699 25
1.700 31
1.701 32
1.702 32
1.703 28
1.704 37
1.705 32
1.706 19
1.707 29
1.708 27
1.709 31
1.710 30
1.711 19
1.712 23
1.713 35
1.714 29
1.715 26
1.716 29
1.717 29
1.718 38
1.719 23
1.720 31
1.721 35
1.722 16
1.723 27
1.724 26
1.725 34
1.726 35
1.727 24
1.728 31
1.729 22
1.730 31
1.731 21
1.732 24
1.733 22
1.734 26
1.735 34
1.736 31
1.737 17
1.738 26
1.739 23
1.740 26
1.741 30
1.742 21
1.743 34
1.744 23
1.745 32
1.746 29
1.747 23
1.748 23
1.749 26
1.750 29
1.751 22
1.752 24
1.753 22
1.754 20
1.755 38
1.756 19
1.757 21
1.758 19
1.759 22
1.760 27
1.761 23
1.762 22
1.763 37
1.764 16
1.765 30
1.766 30
1.767 26
1.768 30
1.769 22
1.770 16
1.771 31
1.772 16
1.773 19
1.774 21
1.775 18
1.776 21
1.777 21
1.778 25
1.779 30
1.780 22
1.781 30
1.782 25
1.783 32
1.784 10
1.785 20
1.786 20
1.787 26
1.788 19
1.789 18
1.790 28
1.791 15
1.792 19
1.793 23
1.794 24
1.795 24
1.796 25
1.797 23
1.798 9
1.799 22
1.800 23
1.801 28
1.802 13
1.803 23
1.804 24
1.805 22
1.806 13
1.807 25
1.808 26
1.809 25
1.810 18
1.811 19
1.812 20
1.813 17
1.814 25
1.815 21
1.816 18
1.817 18
1.818 20
1.819 20
1.820 16
1.821 20
1.822 17
1.823 19
1.824 19
1.825 24
1.826 25
1.827 19
1.828 24
1.829 21
1.830 16
1.831 26
1.832 26
1.833 16
1.834 13
1.835 17
1.836 17
1.837 19
1.838 19
1.839 22
1.840 13
1.841 11
1.842 24
1.843 16
1.844 24
1.845 13
1.846 9
1.847 12
1.848 21
1.849 15
1.850 13
1.851 17
1.852 16
1.853 14
1.854 12
1.855 16
1.856 10
1.857 15
1.858 16
1.859 14
1.860 14
1.861 17
1.862 10
1.863 8
1.864 12
1.865 10
1.866 9
1.867 15
1.868 8
1.869 16
1.870 10
1.871 9
1.872 15
1.873 6
1.874 14
1.875 17
1.876 10
1.877 13
1.878 12
1.879 11
1.880 13
1.881 12
1.882 7
1.883 15
1.884 16
1.885 16
1.886 9
1.887 12
1.888 10
1.889 4
1.890 10
1.891 9
1.892 10
1.893 10
1.894 13
1.895 9
1.896 10
1.897 12
1.898 6
1.899 17
1.900 14
1.901 8
1.902 12
1.903 5
1.904 10
1.905 7
1.906 9
1.907 11
1.908 11
1.909 8
1.910 11
1.911 8
1.912 7
1.913 9
1.914 11
1.915 8
1.916 5
1.917 13
1.918 8
1.919 10
1.920 12
1.921 14
1.922 8
1.923 5
1.924 6
1.925 11
1.926 10
1.927 12
1.928 9
1.929 9
1.930 10
1.931 6
1.932 8
1.933 3
1.934 10
1.935 5
1.936 4
1.937 6
1.938 9
1.939 6
1.940 6
1.941 8
1.942 7
1.943 4
1.944 8
1.945 8
1.946 5
1.947 5
1.948 5
1.949 6
1.950 8
1.951 5
1.952 4
1.953 6
1.954 7
1.955 8
1.956 6
1.957 3
1.958 2
1.959 4
1.960 3
1.961 6
1.962 3
1.963 6
1.964 7
1.965 5
1.966 3
1.967 3
1.968 2
1.969 2
1.970 2
1.971 2
1.972 3
1.973 5
1.974 2
1.975 4
1.976 5
1.977 1
1.978 4
1.979 5
1.980 4
1.981 2
1.982 2
1.983 2
1.984 1
1.985 1
1.987 3
1.988 5
1.989 1
1.990 1
1.991 4
1.993 2
1.994 4
1.996 1
1.999 1
2.000 1
