0.000 520
0.001 995
0.002 1009
0.003 992
0.004 1003
0.005 1022
0.006 978
0.007 995
0.008 1003
0.009 1027
0.010 921
0.011 1053
0.012 1039
0.013 1029
0.014 959
0.015 1007
0.016 1021
0.017 989
0.018 985
0.019 924
0.020 950
0.021 1030
0.022 976
0.023 982
0.024 954
0.025 981
0.026 1019
0.027 921
0.028 1019
0.029 966
0.030 1002
0.031 1053
0.032 1014
0.033 978
0.034 904
0.035 1014
0.036 994
0.037 1009
0.038 999
0.039 962
0.040 1001
0.041 966
0.042 973
0.043 1007
0.044 968
0.045 1026
0.046 1024
0.047 1053
0.048 1054
0.049 995
0.050 1015
0.051 968
0.052 990
0.053 989
0.054 1009
0.055 998
0.056 1027
0.057 1071
0.058 986
0.059 1002
0.060 996
0.061 1007
0.062 986
0.063 1030
0.064 1022
0.065 958
0.066 995
0.067 993
0.068 1011
0.069 1035
0.070 1040
0.071 1051
0.072 1042
0.073 1063
0.074 997
0.075 1006
0.076 986
0.077 1007
0.078 973
0.079 957
0.080 997
0.081 1005
0.082 1005
0.083 941
0.084 1056
0.085 1020
0.086 1048
0.087 940
0.088 1016
0.089 1010
0.090 1020
0.091 973
0.092 1002
0.093 1031
0.094 1025
0.095 944
0.096 996
0.097 974
0.098 1000
0.099 1010
0.100 1012
0.101 958
0.102 997
0.103 974
0.104 986
0.105 966
0.106 1002
0.107 1027
0.108 1021
0.109 1036
0.110 1009
0.111 963
0.112 1001
0.113 992
0.114 1001
0.115 1010
0.116 1008
0.117 983
0.118 1006
0.119 1046
0.120 994
0.121 977
0.122 981
0.123 986
0.124 995
0.125 1012
0.126 958
0.127 975
0.128 986
0.129 1003
0.130 1008
0.131 993
0.132 955
0.133 1034
0.134 1008
0.135 967
0.136 1001
0.137 1046
0.138 1042
0.139 978
0.140 1011
0.141 1036
0.142 1024
0.143 963
0.144 1028
0.145 988
0.146 985
0.147 981
0.148 940
0.149 1005
0.150 931
0.151 1000
0.152 973
0.153 1031
0.154 1008
0.155 1038
0.156 961
0.157 1008
0.158 982
0.159 984
0.160 953
0.161 967
0.162 1035
0.163 967
0.164 936
0.165 1037
0.166 993
0.167 975
0.168 1066
0.169 1009
0.170 977
0.171 1010
0.172 1007
0.173 964
0.174 945
0.175 1044
0.176 1043
0.177 943
0.178 1006
0.179 1014
0.180 996
0.181 948
0.182 1011
0.183 1007
0.184 994
0.185 1015
0.186 989
0.187 1028
0.188 963
0.189 1073
0.190 1004
0.191 1052
0.192 1004
0.193 1037
0.194 1027
0.195 1095
0.196 1031
0.197 997
0.198 1001
0.199 1009
0.200 975
0.201 982
0.202 958
0.203 1036
0.204 1002
0.205 991
0.206 1005
0.207 907
0.208 994
0.209 993
0.210 996
0.211 977
0.212 1024
0.213 992
0.214 1041
0.215 995
0.216 1005
0.217 1031
0.218 1030
0.219 992
0.220 1062
0.221 983
0.222 936
0.223 948
0.224 1002
0.225 1018
0.226 1014
0.227 1029
0.228 994
0.229 1015
0.230 991
0.231 969
0.232 994
0.233 1014
0.234 972
0.235 951
0.236 1055
0.237 929
0.238 1014
0.239 1024
0.240 988
0.241 993
0.242 983
0.243 1070
0.244 997
0.245 1046
0.246 1021
0.247 990
0.248 1021
0.249 1043
0.250 963
0.251 1002
0.252 988
0.253 976
0.254 982
0.255 1016
0.256 985
0.257 1031
0.258 967
0.259 1024
0.260 924
0.261 969
0.262 1003
0.263 1041
0.264 988
0.265 1034
0.266 987
0.267 1015
0.268 1060
0.269 1017
0.270 966
0.271 1029
0.272 989
0.273 980
0.274 1006
0.275 1046
0.276 983
0.277 977
0.278 977
0.279 1002
0.280 1081
0.281 988
0.282 988
0.283 1007
0.284 988
0.285 963
0.286 978
0.287 1020
0.288 981
0.289 1017
0.290 1008
0.291 996
0.292 962
0.293 1055
0.294 996
0.295 958
0.296 983
0.297 977
0.298 1010
0.299 992
0.300 1038
0.301 1043
0.302 991
0.303 967
0.304 1020
0.305 1015
0.306 1008
0.307 982
0.308 1017
0.309 986
0.310 1011
0.311 983
0.312 1033
0.313 1010
0.314 981
0.315 983
0.316 1032
0.317 1063
0.318 985
0.319 1036
0.320 1011
0.321 1035
0.322 997
0.323 997
0.324 972
0.325 980
0.326 995
0.327 1028
0.328 1009
0.329 1032
0.330 1018
0.331 1001
0.332 975
0.333 977
0.334 993
0.335 1038
0.336 1058
0.337 985
0.338 1047
0.339 1024
0.340 993
0.341 989
0.342 958
0.343 911
0.344 984
0.345 1027
0.346 991
0.347 1002
0.348 1046
0.349 999
0.350 987
0.351 1002
0.352 971
0.353 1003
0.354 999
0.355 1014
0.356 995
0.357 971
0.358 972
0.359 985
0.360 979
0.361 966
0.362 948
0.363 987
0.364 979
0.365 992
0.366 1065
0.367 931
0.368 1017
0.369 999
0.370 993
0.371 965
0.372 957
0.373 986
0.374 981
0.375 982
0.376 953
0.377 1011
0.378 976
0.379 995
0.380 1024
0.381 928
0.382 990
0.383 1002
0.384 935
0.385 1007
0.386 975
0.387 983
0.388 1057
0.389 1000
0.390 1005
0.391 1001
0.392 997
0.393 971
0.394 996
0.395 1003
0.396 966
0.397 994
0.398 1062
0.399 1010
0.400 1023
0.401 950
0.402 1007
0.403 1020
0.404 979
0.405 1056
0.406 1025
0.407 992
0.408 946
0.409 976
0.410 1080
0.411 935
0.412 968
0.413 1069
0.414 1038
0.415 982
0.416 997
0.417 1018
0.418 986
0.419 1049
0.420 1031
0.421 1022
0.422 987
0.423 1037
0.424 1001
0.425 992
0.426 1019
0.427 1002
0.428 1035
0.429 993
0.430 1005
0.431 920
0.432 1035
0.433 993
0.434 971
0.435 1041
0.436 961
0.437 972
0.438 1035
0.439 989
0.440 981
0.441 1020
0.442 992
0.443 1019
0.444 990
0.445 914
0.446 1029
0.447 1064
0.448 983
0.449 1013
0.450 1025
0.451 1001
0.452 951
0.453 984
0.454 987
0.455 1026
0.456 982
0.457 977
0.458 989
0.459 1007
0.460 965
0.461 973
0.462 1011
0.463 1052
0.464 1034
0.465 984
0.466 1063
0.467 1015
0.468 1045
0.469 1006
0.470 1022
0.471 959
0.472 974
0.473 1030
0.474 992
0.475 954
0.476 1023
0.477 1008
0.478 1051
0.479 951
0.480 1038
0.481 969
0.482 1018
0.483 949
0.484 984
0.485 1052
0.486 1039
0.487 962
0.488 1041
0.489 979
0.490 986
0.491 977
0.492 988
0.493 974
0.494 916
0.495 1023
0.496 974
0.497 981
0.498 949
0.499 1008
0.500 1062
0.501 993
0.502 981
0.503 984
0.504 1014
0.505 1005
0.506 1031
0.507 957
0.508 1018
0.509 980
0.510 968
0.511 1036
0.512 993
0.513 1077
0.514 1027
0.515 1034
0.516 997
0.517 1016
0.518 995
0.519 1030
0.520 1046
0.521 986
0.522 990
0.523 954
0.524 1021
0.525 985
0.526 1014
0.527 1073
0.528 993
0.529 1018
0.530 1027
0.531 1007
0.532 1029
0.533 1003
0.534 982
0.535 952
0.536 1011
0.537 1019
0.538 974
0.539 979
0.540 1005
0.541 1022
0.542 1035
0.543 1034
0.544 1019
0.545 994
0.546 1004
0.547 1033
0.548 1030
0.549 966
0.550 1065
0.551 1021
0.552 1031
0.553 967
0.554 971
0.555 927
0.556 973
0.557 1032
0.558 969
0.559 962
0.560 980
0.561 979
0.562 986
0.563 1021
0.564 990
0.565 998
0.566 1049
0.567 996
0.568 1009
0.569 966
0.570 996
0.571 996
0.572 985
0.573 1026
0.574 1023
0.575 1035
0.576 1023
0.577 1045
0.578 1013
0.579 990
0.580 990
0.581 1102
0.582 1024
0.583 1003
0.584 1013
0.585 1013
0.586 971
0.587 1022
0.588 972
0.589 1043
0.590 1073
0.591 1031
0.592 977
0.593 1012
0.594 977
0.595 1006
0.596 948
0.597 1043
0.598 973
0.599 980
0.600 958
0.601 987
0.602 1012
0.603 1027
0.604 982
0.605 1037
0.606 997
0.607 1013
0.608 965
0.609 1043
0.610 1034
0.611 1044
0.612 994
0.613 939
0.614 1031
0.615 901
0.616 989
0.617 974
0.618 932
0.619 1005
0.620 961
0.621 959
0.622 991
0.623 979
0.624 977
0.625 1014
0.626 993
0.627 990
0.628 1018
0.629 1019
0.630 1027
0.631 1050
0.632 1031
0.633 954
0.634 966
0.635 976
0.636 1006
0.637 1021
0.638 971
0.639 968
0.640 1054
0.641 1033
0.642 1018
0.643 954
0.644 1030
0.645 979
0.646 1001
0.647 1054
0.648 984
0.649 1020
0.650 1046
0.651 1021
0.652 991
0.653 977
0.654 1026
0.655 982
0.656 976
0.657 945
0.658 1025
0.659 1038
0.660 1041
0.661 980
0.662 1005
0.663 1028
0.664 1014
0.665 1011
0.666 1001
0.667 969
0.668 1059
0.669 1005
0.670 1022
0.671 1016
0.672 995
0.673 1034
0.674 1005
0.675 1005
0.676 1027
0.677 1015
0.678 994
0.679 978
0.680 1053
0.681 1015
0.682 1025
0.683 994
0.684 972
0.685 944
0.686 1009
0.687 1023
0.688 1013
0.689 1000
0.690 1018
0.691 1027
0.692 1050
0.693 999
0.694 1014
0.695 982
0.696 1065
0.697 1016
0.698 1042
0.699 1037
0.700 1060
0.701 992
0.702 960
0.703 1043
0.704 954
0.705 987
0.706 994
0.707 932
0.708 950
0.709 983
0.710 1023
0.711 976
0.712 997
0.713 991
0.714 949
0.715 1014
0.716 961
0.717 993
0.718 1034
0.719 992
0.720 959
0.721 967
0.722 963
0.723 996
0.724 1006
0.725 991
0.726 1009
0.727 977
0.728 1025
0.729 951
0.730 988
0.731 1024
0.732 997
0.733 996
0.734 977
0.735 994
0.736 1071
0.737 971
0.738 967
0.739 970
0.740 956
0.741 1027
0.742 989
0.743 1077
0.744 1004
0.745 1030
0.746 985
0.747 1032
0.748 971
0.749 1014
0.750 1005
0.751 1051
0.752 993
0.753 965
0.754 1036
0.755 1056
0.756 981
0.757 1021
0.758 1021
0.759 1120
0.760 985
0.761 1015
0.762 1012
0.763 966
0.764 1011
0.765 1120
0.766 1038
0.767 995
0.768 942
0.769 1045
0.770 955
0.771 1000
0.772 1054
0.773 1052
0.774 984
0.775 967
0.776 981
0.777 971
0.778 1020
0.779 994
0.780 1032
0.781 977
0.782 932
0.783 1023
0.784 998
0.785 966
0.786 987
0.787 918
0.788 993
0.789 993
0.790 1029
0.791 1012
0.792 979
0.793 986
0.794 1011
0.795 937
0.796 970
0.797 1040
0.798 1076
0.799 1007
0.800 1015
0.801 1019
0.802 967
0.803 1039
0.804 1008
0.805 1030
0.806 1058
0.807 956
0.808 985
0.809 958
0.810 977
0.811 1025
0.812 980
0.813 1009
0.814 960
0.815 996
0.816 982
0.817 985
0.818 1072
0.819 987
0.820 993
0.821 1064
0.822 982
0.823 1007
0.824 975
0.825 987
0.826 954
0.827 1025
0.828 934
0.829 1022
0.830 970
0.831 939
0.832 1026
0.833 1058
0.834 968
0.835 1008
0.836 1031
0.837 1003
0.838 978
0.839 1021
0.840 968
0.841 977
0.842 1009
0.843 962
0.844 1003
0.845 1078
0.846 1003
0.847 1072
0.848 1000
0.849 1021
0.850 979
0.851 977
0.852 956
0.853 986
0.854 982
0.855 966
0.856 1007
0.857 973
0.858 933
0.859 987
0.860 1017
0.861 1022
0.862 980
0.863 970
0.864 1001
0.865 1007
0.866 974
0.867 1003
0.868 1051
0.869 1025
0.870 1033
0.871 940
0.872 1054
0.873 1003
0.874 1016
0.875 1054
0.876 1070
0.877 1005
0.878 990
0.879 962
0.880 962
0.881 1021
0.882 1032
0.883 1027
0.884 962
0.885 998
0.886 937
0.887 1002
0.888 965
0.889 1012
0.890 962
0.891 971
0.892 936
0.893 1015
0.894 998
0.895 1066
0.896 974
0.897 984
0.898 997
0.899 1064
0.900 1061
0.901 969
0.902 1003
0.903 997
0.904 995
0.905 989
0.906 979
0.907 1032
0.908 998
0.909 988
0.910 1007
0.911 1013
0.912 954
0.913 964
0.914 1011
0.915 1035
0.916 1003
0.917 961
0.918 909
0.919 1032
0.920 965
0.921 991
0.922 986
0.923 996
0.924 982
0.925 962
0.926 941
0.927 1025
0.928 981
0.929 986
0.930 947
0.931 1009
0.932 957
0.933 1031
0.934 1061
0.935 1046
0.936 971
0.937 1035
0.938 1021
0.939 1000
0.940 979
0.941 987
0.942 988
0.943 984
0.944 1020
0.945 925
0.946 1024
0.947 1046
0.948 1001
0.949 995
0.950 1048
0.951 1021
0.952 1027
0.953 978
0.954 1061
0.955 964
0.956 999
0.957 1046
0.958 1005
0.959 1007
0.960 964
0.961 950
0.962 984
0.963 1010
0.964 1010
0.965 1010
0.966 975
0.967 1069
0.968 979
0.969 958
0.970 995
0.971 1004
0.972 977
0.973 979
0.974 978
0.975 978
0.976 1029
0.977 1010
0.978 1000
0.979 1003
0.980 995
0.981 1024
0.982 1006
0.983 963
0.984 1010
0.985 1004
0.986 1000
0.987 983
0.988 1002
0.989 1051
0.990 1047
0.991 982
0.992 1015
0.993 975
0.994 964
0.995 959
0.996 1005
0.997 972
0.998 1059
0.999 979
1.000 495
