0.0 19.739206872112497
0.1 19.739207337867352
0.2 19.73921725093587
0.30000000000000004 19.739236571082138
0.4 19.73926502647374
0.5 19.739302120371754
0.6 19.739347143356248
0.7 19.73939919078666
0.7999999999999999 19.73945718506804
0.8999999999999999 19.73951990217557
0.9999999999999999 19.739586001785156
1.0999999999999999 19.739654060268936
1.2 19.73972260574403
1.3 19.739790154311855
1.4000000000000001 19.7398552465959
1.5000000000000002 19.739916483678535
1.6000000000000003 19.739972561551273
1.7000000000000004 19.740022303230095
1.8000000000000005 19.74006468774416
1.9000000000000006 19.740098875283294
2.0000000000000004 19.740124227884426
2.1000000000000005 19.740140325146594
2.2000000000000006 19.74014697458711
2.3000000000000007 19.740144216383293
2.400000000000001 19.74013232238287
2.500000000000001 19.74011178940739
2.600000000000001 19.740083327013824
2.700000000000001 19.740047840016278
2.800000000000001 19.740006406198702
2.9000000000000012 19.739960249768284
3.0000000000000013 19.73991071120401
3.1000000000000014 19.739859214243396
3.2000000000000015 19.739807230821157
3.3000000000000016 19.73975624482336
3.4000000000000017 19.739707715549855
3.5000000000000018 19.739663041784652
3.600000000000002 19.739623527358518
3.700000000000002 19.73959034905139
3.800000000000002 19.739564527624186
3.900000000000002 19.739546902692545
4.000000000000002 19.73953811206035
4.100000000000001 19.739538576021268
4.200000000000001 19.73954848701407
4.300000000000001 19.739567804886164
4.4 19.739596257881736
4.5 19.739633349330173
4.6 19.739678369870454
4.699999999999999 19.73973041491103
4.799999999999999 19.739788406895915
4.899999999999999 19.73985112182962
4.999999999999998 19.7399172194085
5.099999999999998 19.739985276017485
5.1999999999999975 19.74005381978018
5.299999999999997 19.740121366799887
5.399999999999997 19.740186457699224
5.4999999999999964 19.74024769355864
5.599999999999996 19.740303770368563
5.699999999999996 19.740353511146317
5.799999999999995 19.74039589492622
5.899999999999995 19.740430081908304
5.999999999999995 19.740455434145424
6.099999999999994 19.740471531258766
6.199999999999994 19.740478180793897
6.299999999999994 19.740475422962106
6.399999999999993 19.740463529649876
6.499999999999993 19.740442997721033
6.5999999999999925 19.740414536776683
6.699999999999992 19.74037905167494
6.799999999999992 19.740337620241466
6.8999999999999915 19.740291466720493
6.999999999999991 19.740241931620936
7.099999999999991 19.74019043870078
7.19999999999999 19.740138459903427
7.29999999999999 19.74008747910985
7.39999999999999 19.74003895559933
7.499999999999989 19.739994288118467
7.599999999999989 19.73995478044307
7.699999999999989 19.73992160928022
7.799999999999988 19.739895795300466
7.899999999999988 19.739878178012518
7.999999999999988 19.73986939509837
8.099999999999987 19.73986986671702
8.199999999999987 19.739879785162636
8.299999999999986 19.73989911013139
8.399999999999986 19.739927569713323
8.499999999999986 19.739964667084983
8.599999999999985 19.740009692738134
8.699999999999985 19.740061741944142
8.799999999999985 19.74011973702459
8.899999999999984 19.74018245388053
8.999999999999984 19.740248552127905
9.099999999999984 19.740316608097935
9.199999999999983 19.740385149890265
9.299999999999983 19.740452693616437
9.399999999999983 19.740517779941115
9.499999999999982 19.7405790100214
9.599999999999982 19.74063507995881
9.699999999999982 19.74068481291506
9.799999999999981 19.740727188100088
9.89999999999998 19.740761365917685
