0 0
0.173205 0.0998774
0.34641 0.19951
0.519615 0.298896
0.69282 0.398038
0.866025 0.496934
1.03923 0.595586
1.21244 0.693991
1.38564 0.792152
1.55885 0.890067
1.73205 0.987738
1.90526 1.08516
2.07846 1.18234
2.25167 1.27928
2.42487 1.37597
2.59808 1.47241
2.77128 1.56861
2.94449 1.66456
3.11769 1.76027
3.2909 1.85573
3.4641 1.95095
3.63731 2.04592
3.81051 2.14065
3.98372 2.23513
4.15692 2.32937
4.33013 2.42336
4.50333 2.51711
4.67654 2.61061
4.84974 2.70386
5.02295 2.79687
5.19615 2.88964
5.36936 2.98216
5.54256 3.07443
5.71577 3.16646
5.88897 3.25825
6.06218 3.34978
6.23538 3.44108
6.40859 3.53213
6.58179 3.62293
6.755 3.71349
6.9282 3.8038
7.10141 3.89387
7.27461 3.98369
7.44782 4.07327
7.62102 4.1626
7.79423 4.25168
7.96743 4.34053
8.14064 4.42912
8.31384 4.51747
8.48705 4.60558
8.66025 4.69344
8.83346 4.78105
9.00666 4.86842
9.17987 4.95555
9.35307 5.04243
9.52628 5.12906
9.69948 5.21545
9.87269 5.30159
10.0459 5.38749
10.2191 5.47314
10.3923 5.55855
10.5655 5.64371
10.7387 5.72863
10.9119 5.8133
11.0851 5.89773
11.2583 5.98191
11.4315 6.06585
11.6047 6.14954
11.7779 6.23298
11.9512 6.31618
12.1244 6.39914
12.2976 6.48185
12.4708 6.56431
12.644 6.64653
12.8172 6.72851
12.9904 6.81023
13.1636 6.89172
13.3368 6.97296
13.51 7.05395
13.6832 7.1347
13.8564 7.2152
14.0296 7.29546
14.2028 7.37547
14.376 7.45524
14.5492 7.53476
14.7224 7.61403
14.8956 7.69307
15.0688 7.77185
15.242 7.85039
15.4153 7.92869
15.5885 8.00674
15.7617 8.08454
15.9349 8.1621
16.1081 8.23942
16.2813 8.31649
16.4545 8.39331
16.6277 8.46989
16.8009 8.54622
16.9741 8.62231
17.1473 8.69815
17.3205 8.77375
17.4937 8.8491
17.6669 8.92421
17.8401 8.99907
18.0133 9.07369
18.1865 9.14806
18.3597 9.22219
18.5329 9.29607
18.7061 9.3697
18.8794 9.44309
19.0526 9.51624
19.2258 9.58914
19.399 9.66179
19.5722 9.7342
19.7454 9.80637
19.9186 9.87828
20.0918 9.94996
20.265 10.0214
20.4382 10.0926
20.6114 10.1635
20.7846 10.2342
20.9578 10.3046
21.131 10.3748
21.3042 10.4448
21.4774 10.5145
21.6506 10.584
21.8238 10.6532
21.997 10.7222
22.1703 10.7909
22.3435 10.8594
22.5167 10.9276
22.6899 10.9956
22.8631 11.0634
23.0363 11.1309
23.2095 11.1981
23.3827 11.2652
23.5559 11.3319
23.7291 11.3985
23.9023 11.4647
24.0755 11.5308
24.2487 11.5966
24.4219 11.6621
24.5951 11.7274
24.7683 11.7924
24.9415 11.8572
25.1147 11.9218
25.2879 11.9861
25.4611 12.0502
25.6344 12.114
25.8076 12.1776
25.9808 12.2409
26.154 12.304
26.3272 12.3669
26.5004 12.4295
26.6736 12.4918
26.8468 12.5539
27.02 12.6158
27.1932 12.6774
27.3664 12.7388
27.5396 12.7999
27.7128 12.8608
27.886 12.9214
28.0592 12.9818
28.2324 13.042
28.4056 13.1019
28.5788 13.1615
28.752 13.2209
28.9252 13.2801
29.0985 13.339
29.2717 13.3977
29.4449 13.4561
29.6181 13.5143
29.7913 13.5723
29.9645 13.63
30.1377 13.6874
30.3109 13.7446
30.4841 13.8016
30.6573 13.8583
30.8305 13.9147
31.0037 13.971
31.1769 14.027
31.3501 14.0827
31.5233 14.1382
31.6965 14.1934
31.8697 14.2484
32.0429 14.3032
32.2161 14.3577
32.3894 14.4119
32.5626 14.4659
32.7358 14.5197
32.909 14.5732
33.0822 14.6265
33.2554 14.6796
33.4286 14.7323
33.6018 14.7849
33.775 14.8372
33.9482 14.8892
34.1214 14.941
34.2946 14.9926
34.4678 15.0439
34.641 15.095
34.8142 15.1458
34.9874 15.1964
35.1606 15.2467
35.3338 15.2968
35.507 15.3467
35.6802 15.3963
35.8535 15.4456
36.0267 15.4948
36.1999 15.5436
36.3731 15.5922
36.5463 15.6406
36.7195 15.6887
36.8927 15.7366
37.0659 15.7843
37.2391 15.8317
37.4123 15.8788
37.5855 15.9257
37.7587 15.9724
37.9319 16.0188
38.1051 16.065
38.2783 16.1109
38.4515 16.1565
38.6247 16.202
38.7979 16.2472
38.9711 16.2921
39.1443 16.3368
39.3176 16.3813
39.4908 16.4255
39.664 16.4694
39.8372 16.5131
40.0104 16.5566
40.1836 16.5998
40.3568 16.6428
40.53 16.6855
40.7032 16.728
40.8764 16.7703
41.0496 16.8123
41.2228 16.854
41.396 16.8955
41.5692 16.9368
41.7424 16.9778
41.9156 17.0186
42.0888 17.0591
42.262 17.0994
42.4352 17.1394
42.6084 17.1792
42.7817 17.2188
42.9549 17.2581
43.1281 17.2971
43.3013 17.3359
43.4745 17.3745
43.6477 17.4128
43.8209 17.4509
43.9941 17.4887
44.1673 17.5263
44.3405 17.5636
44.5137 17.6007
44.6869 17.6376
44.8601 17.6742
45.0333 17.7106
45.2065 17.7467
45.3797 17.7825
45.5529 17.8182
45.7261 17.8535
45.8993 17.8887
46.0726 17.9235
46.2458 17.9582
46.419 17.9926
46.5922 18.0267
46.7654 18.0606
46.9386 18.0943
47.1118 18.1277
47.285 18.1609
47.4582 18.1938
47.6314 18.2265
47.8046 18.2589
47.9778 18.2911
48.151 18.323
48.3242 18.3547
48.4974 18.3862
48.6706 18.4174
48.8438 18.4484
49.017 18.4791
49.1902 18.5096
49.3634 18.5398
49.5367 18.5698
49.7099 18.5995
49.8831 18.629
50.0563 18.6582
50.2295 18.6872
50.4027 18.716
50.5759 18.7445
50.7491 18.7728
50.9223 18.8008
51.0955 18.8286
51.2687 18.8561
51.4419 18.8834
51.6151 18.9104
51.7883 18.9372
51.9615 18.9638
52.1347 18.9901
52.3079 19.0161
52.4811 19.0419
52.6543 19.0675
52.8275 19.0928
53.0008 19.1179
53.174 19.1427
53.3472 19.1673
53.5204 19.1916
53.6936 19.2157
53.8668 19.2396
54.04 19.2632
54.2132 19.2866
54.3864 19.3097
54.5596 19.3325
54.7328 19.3552
54.906 19.3775
55.0792 19.3997
55.2524 19.4216
55.4256 19.4432
55.5988 19.4646
55.772 19.4857
55.9452 19.5067
56.1184 19.5273
56.2917 19.5477
56.4649 19.5679
56.6381 19.5878
56.8113 19.6075
56.9845 19.6269
57.1577 19.6461
57.3309 19.6651
57.5041 19.6838
57.6773 19.7022
57.8505 19.7204
58.0237 19.7384
58.1969 19.7561
58.3701 19.7736
58.5433 19.7908
58.7165 19.8078
58.8897 19.8246
59.0629 19.841
59.2361 19.8573
59.4093 19.8733
59.5825 19.889
59.7558 19.9046
59.929 19.9198
60.1022 19.9348
60.2754 19.9496
60.4486 19.9642
60.6218 19.9784
60.795 19.9925
60.9682 20.0063
61.1414 20.0198
61.3146 20.0331
61.4878 20.0462
61.661 20.059
61.8342 20.0716
62.0074 20.0839
62.1806 20.096
62.3538 20.1078
62.527 20.1194
62.7002 20.1307
62.8734 20.1418
63.0466 20.1527
63.2199 20.1633
63.3931 20.1736
63.5663 20.1838
63.7395 20.1936
63.9127 20.2033
64.0859 20.2126
64.2591 20.2218
64.4323 20.2307
64.6055 20.2393
64.7787 20.2477
64.9519 20.2559
65.1251 20.2638
65.2983 20.2714
65.4715 20.2788
65.6447 20.286
65.8179 20.293
65.9911 20.2996
66.1643 20.3061
66.3375 20.3123
66.5108 20.3182
66.684 20.3239
66.8572 20.3294
67.0304 20.3346
67.2036 20.3395
67.3768 20.3443
67.55 20.3487
67.7232 20.353
67.8964 20.357
68.0696 20.3607
68.2428 20.3642
68.416 20.3674
68.5892 20.3704
68.7624 20.3732
68.9356 20.3757
69.1088 20.378
69.282 20.38
69.4552 20.3818
69.6284 20.3833
69.8016 20.3846
69.9749 20.3856
70.1481 20.3864
70.3213 20.387
70.4945 20.3873
70.6677 20.3874
70.8409 20.3872
71.0141 20.3867
71.1873 20.3861
71.3605 20.3851
71.5337 20.384
71.7069 20.3826
71.8801 20.3809
72.0533 20.379
72.2265 20.3769
72.3997 20.3745
72.5729 20.3718
72.7461 20.369
72.9193 20.3658
73.0925 20.3624
73.2657 20.3588
73.439 20.355
73.6122 20.3509
73.7854 20.3465
73.9586 20.3419
74.1318 20.3371
74.305 20.332
74.4782 20.3266
74.6514 20.3211
74.8246 20.3152
74.9978 20.3092
75.171 20.3028
75.3442 20.2963
75.5174 20.2895
75.6906 20.2824
75.8638 20.2751
76.037 20.2676
76.2102 20.2598
76.3834 20.2518
76.5566 20.2435
76.7299 20.235
76.9031 20.2262
77.0763 20.2172
77.2495 20.2079
77.4227 20.1984
77.5959 20.1887
77.7691 20.1787
77.9423 20.1684
78.1155 20.158
78.2887 20.1472
78.4619 20.1362
78.6351 20.125
78.8083 20.1136
78.9815 20.1018
79.1547 20.0899
79.3279 20.0777
79.5011 20.0652
79.6743 20.0526
79.8475 20.0396
80.0207 20.0264
80.194 20.013
80.3672 19.9993
80.5404 19.9854
80.7136 19.9712
80.8868 19.9568
81.06 19.9422
81.2332 19.9273
81.4064 19.9121
81.5796 19.8967
81.7528 19.8811
81.926 19.8652
82.0992 19.8491
82.2724 19.8327
82.4456 19.8161
82.6188 19.7993
82.792 19.7821
82.9652 19.7648
83.1384 19.7472
83.3116 19.7294
83.4848 19.7113
83.6581 19.6929
83.8313 19.6744
84.0045 19.6555
84.1777 19.6365
84.3509 19.6172
84.5241 19.5976
84.6973 19.5778
84.8705 19.5577
85.0437 19.5374
85.2169 19.5169
85.3901 19.4961
85.5633 19.4751
85.7365 19.4538
85.9097 19.4323
86.0829 19.4105
86.2561 19.3885
86.4293 19.3663
86.6025 19.3438
86.7757 19.321
86.949 19.298
87.1222 19.2748
87.2954 19.2513
87.4686 19.2276
87.6418 19.2036
87.815 19.1794
87.9882 19.1549
88.1614 19.1302
88.3346 19.1052
88.5078 19.08
88.681 19.0546
88.8542 19.0289
89.0274 19.003
89.2006 18.9768
89.3738 18.9504
89.547 18.9237
89.7202 18.8968
89.8934 18.8696
90.0666 18.8422
90.2398 18.8145
90.4131 18.7866
90.5863 18.7585
90.7595 18.7301
90.9327 18.7015
91.1059 18.6726
91.2791 18.6435
91.4523 18.6141
91.6255 18.5845
91.7987 18.5546
91.9719 18.5245
92.1451 18.4942
92.3183 18.4636
92.4915 18.4327
92.6647 18.4017
92.8379 18.3703
93.0111 18.3388
93.1843 18.3069
93.3575 18.2749
93.5307 18.2426
93.7039 18.21
93.8772 18.1772
94.0504 18.1441
94.2236 18.1108
94.3968 18.0773
94.57 18.0435
94.7432 18.0095
94.9164 17.9752
95.0896 17.9407
95.2628 17.9059
95.436 17.8709
95.6092 17.8357
95.7824 17.8002
95.9556 17.7644
96.1288 17.7284
96.302 17.6922
96.4752 17.6557
96.6484 17.619
96.8216 17.582
96.9948 17.5448
97.1681 17.5073
97.3413 17.4696
97.5145 17.4317
97.6877 17.3935
97.8609 17.355
98.0341 17.3163
98.2073 17.2774
98.3805 17.2382
98.5537 17.1988
98.7269 17.1591
98.9001 17.1192
99.0733 17.0791
99.2465 17.0387
99.4197 16.998
99.5929 16.9571
99.7661 16.916
99.9393 16.8746
100.113 16.8329
100.286 16.7911
100.459 16.749
100.632 16.7066
100.805 16.664
100.979 16.6211
101.152 16.578
101.325 16.5347
101.498 16.4911
101.671 16.4472
101.845 16.4031
102.018 16.3588
102.191 16.3142
102.364 16.2694
102.537 16.2244
102.711 16.179
102.884 16.1335
103.057 16.0877
103.23 16.0416
103.403 15.9953
103.577 15.9488
103.75 15.902
103.923 15.855
104.096 15.8077
104.269 15.7602
104.443 15.7124
104.616 15.6644
104.789 15.6162
104.962 15.5677
105.135 15.5189
105.309 15.47
105.482 15.4207
105.655 15.3712
105.828 15.3215
106.002 15.2715
106.175 15.2213
106.348 15.1709
106.521 15.1202
106.694 15.0692
106.868 15.018
107.041 14.9666
107.214 14.9149
107.387 14.863
107.56 14.8108
107.734 14.7583
107.907 14.7057
108.08 14.6528
108.253 14.5996
108.426 14.5462
108.6 14.4926
108.773 14.4387
108.946 14.3845
109.119 14.3301
109.292 14.2755
109.466 14.2206
109.639 14.1655
109.812 14.1101
109.985 14.0545
110.158 13.9987
110.332 13.9426
110.505 13.8862
110.678 13.8296
110.851 13.7728
111.024 13.7157
111.198 13.6584
111.371 13.6008
111.544 13.543
111.717 13.4849
111.89 13.4266
112.064 13.3681
112.237 13.3093
112.41 13.2502
112.583 13.1909
112.757 13.1314
112.93 13.0716
113.103 13.0116
113.276 12.9513
113.449 12.8908
113.623 12.83
113.796 12.769
113.969 12.7078
114.142 12.6463
114.315 12.5846
114.489 12.5226
114.662 12.4603
114.835 12.3979
115.008 12.3351
115.181 12.2722
115.355 12.2089
115.528 12.1455
115.701 12.0818
115.874 12.0178
116.047 11.9536
116.221 11.8892
116.394 11.8245
116.567 11.7596
116.74 11.6944
116.913 11.629
117.087 11.5633
117.26 11.4974
117.433 11.4312
117.606 11.3648
117.779 11.2982
117.953 11.2313
118.126 11.1642
118.299 11.0968
118.472 11.0292
118.645 10.9613
118.819 10.8932
118.992 10.8248
119.165 10.7562
119.338 10.6873
119.512 10.6182
119.685 10.5489
119.858 10.4793
120.031 10.4095
120.204 10.3394
120.378 10.2691
120.551 10.1985
120.724 10.1277
120.897 10.0566
121.07 9.9853
121.244 9.91375
121.417 9.84195
121.59 9.76991
121.763 9.69762
121.936 9.62509
122.11 9.55231
122.283 9.47929
122.456 9.40602
122.629 9.3325
122.802 9.25874
122.976 9.18474
123.149 9.11049
123.322 9.03599
123.495 8.96125
123.668 8.88627
123.842 8.81103
124.015 8.73556
124.188 8.65984
124.361 8.58387
124.534 8.50766
124.708 8.4312
124.881 8.3545
125.054 8.27755
125.227 8.20036
125.4 8.12292
125.574 8.04523
125.747 7.96731
125.92 7.88913
126.093 7.81071
126.267 7.73205
126.44 7.65314
126.613 7.57398
126.786 7.49458
126.959 7.41494
127.133 7.33505
127.306 7.25491
127.479 7.17453
127.652 7.0939
127.825 7.01303
127.999 6.93191
128.172 6.85055
128.345 6.76894
128.518 6.68709
128.691 6.60499
128.865 6.52265
129.038 6.44006
129.211 6.35723
129.384 6.27415
129.557 6.19082
129.731 6.10725
129.904 6.02344
130.077 5.93938
130.25 5.85507
130.423 5.77052
130.597 5.68573
130.77 5.60068
130.943 5.5154
131.116 5.42987
131.289 5.34409
131.463 5.25807
131.636 5.1718
131.809 5.08529
131.982 4.99853
132.155 4.91153
132.329 4.82428
132.502 4.73678
132.675 4.64905
132.848 4.56106
133.022 4.47283
133.195 4.38436
133.368 4.29564
133.541 4.20667
133.714 4.11746
133.888 4.02801
134.061 3.93831
134.234 3.84836
134.407 3.75817
134.58 3.66773
134.754 3.57705
134.927 3.48612
135.1 3.39495
135.273 3.30353
135.446 3.21187
135.62 3.11996
135.793 3.02781
135.966 2.93541
136.139 2.84277
136.312 2.74988
136.486 2.65674
136.659 2.56336
136.832 2.46974
137.005 2.37587
137.178 2.28175
137.352 2.18739
137.525 2.09279
137.698 1.99793
137.871 1.90284
138.044 1.8075
138.218 1.71191
138.391 1.61608
138.564 1.52
138.737 1.42368
138.91 1.32711
139.084 1.2303
139.257 1.13324
139.43 1.03593
139.603 0.938386
139.777 0.840591
139.95 0.742552
140.123 0.644267
140.296 0.545738
140.469 0.446962
140.643 0.347942
140.816 0.248676
140.989 0.149166
141.162 0.0494094
141.335 -0.050592
