7.83543e-13, 1.23451e-12, 4.62348e-11, 8.53463e-10, 1.04261e-08, 9.34004e-08, 6.49896e-07, 3.65016e-06, 1.701e-05, 6.71257e-05, 0.000227811, 0.000672814, 0.00174487, 0.0040006, 0.00814893, 0.014794, 0.0239765, 0.0346909, 0.0447328, 0.0512138, 0.0517317, 0.0517317
2.18771e-11, 3.3323e-13, 2.15737e-12, 5.90685e-11, 9.32175e-10, 1.03238e-08, 8.66337e-08, 5.771e-07, 3.15086e-06, 1.44336e-05, 5.64623e-05, 0.000191193, 0.000566337, 0.00147938, 0.0034288, 0.00708255, 0.0130764, 0.0216108, 0.0319693, 0.0422636, 0.0497554, 0.0497554
4.81544e-10, 1.1613e-11, 8.82154e-14, 3.33523e-12, 7.12595e-11, 9.87751e-10, 1.00648e-08, 7.97852e-08, 5.11258e-07, 2.72069e-06, 1.22672e-05, 4.75913e-05, 0.00016078, 0.000477451, 0.00125539, 0.00293889, 0.00615026, 0.0115361, 0.0194199, 0.0293387, 0.0397159, 0.0397159
8.35607e-09, 3.32999e-10, 4.51614e-12, 5.39439e-14, 4.79176e-12, 8.18959e-11, 1.02101e-09, 9.68914e-09, 7.30408e-08, 4.52011e-07, 2.34983e-06, 1.04408e-05, 4.01889e-05, 0.000135451, 0.000403102, 0.00106624, 0.00251929, 0.00533677, 0.0101601, 0.0174041, 0.0268228, 0.0268228
1.14311e-07, 7.07929e-09, 1.96073e-10, 1.46911e-12, 3.11229e-13, 6.5404e-12, 8.99437e-11, 1.03356e-09, 9.23346e-09, 6.65359e-08, 3.98916e-07, 2.02991e-06, 8.89759e-06, 3.39954e-05, 0.000114304, 0.000340795, 0.000906349, 0.00215998, 0.00462808, 0.00893509, 0.0155598, 0.0155598
1.2328e-06, 1.12561e-07, 5.56149e-09, 9.81174e-11, 3.16994e-12, 1.33854e-12, 8.57432e-12, 9.35696e-11, 1.02655e-09, 8.73382e-09, 6.03789e-08, 3.51495e-07, 1.75368e-06, 7.5909e-06, 2.88011e-05, 9.66096e-05, 0.000288489, 0.000771068, 0.00185231, 0.00401151, 0.00784757, 0.00784757
1.04813e-05, 1.35064e-06, 1.07834e-07, 4.02981e-09, 8.58001e-11, 1.22934e-11, 5.50656e-12, 1.12491e-11, 8.90231e-11, 9.9759e-10, 8.2282e-09, 5.46855e-08, 3.09311e-07, 1.51483e-06, 6.48182e-06, 2.44348e-05, 8.17746e-05, 0.000244512, 0.000656502, 0.00158885, 0.00347564, 0.00347564
7.02524e-05, 1.2322e-05, 1.47597e-06, 1.00826e-07, 3.07402e-09, 2.59343e-10, 4.68106e-11, 2.40046e-11, 1.82922e-11, 7.01111e-11, 9.33323e-10, 7.7503e-09, 4.96201e-08, 2.72123e-07, 1.30801e-06, 5.53743e-06, 2.07548e-05, 6.93138e-05, 0.00020749, 0.000559406, 0.00136322, 0.00136322
0.000371214, 8.60052e-05, 1.46066e-05, 1.61816e-06, 9.49821e-08, 4.20696e-09, 9.03066e-10, 2.00328e-10, 1.0705e-10, 5.23461e-11, 3.56223e-11, 7.98205e-10, 7.29819e-09, 4.54028e-08, 2.40101e-07, 1.1293e-06, 4.7301e-06, 1.76415e-05, 5.88226e-05, 0.000176284, 0.000477074, 0.000477074
0.00154635, 0.000461713, 0.000106436, 1.75426e-05, 1.80443e-06, 1.0091e-07, 1.1391e-08, 2.93791e-09, 8.7068e-10, 4.61241e-10, 2.17985e-10, 3.299e-11, 5.38145e-10, 6.76808e-09, 4.21981e-08, 2.13919e-07, 9.76952e-07, 4.03856e-06, 1.49941e-05, 4.99567e-05, 0.000149935, 0.000149935
0.0050782, 0.00191523, 0.000579309, 0.000133505, 2.14936e-05, 2.10279e-06, 1.46729e-07, 3.50103e-08, 9.29397e-09, 3.49625e-09, 1.84528e-09, 9.11833e-10, 3.17736e-10, 1.67055e-10, 5.89838e-09, 3.98291e-08, 1.94391e-07, 8.51818e-07, 3.45018e-06, 1.2733e-05, 4.24229e-05, 4.24229e-05
0.0131472, 0.00616346, 0.00238261, 0.000733707, 0.00017019, 2.71011e-05, 2.66679e-06, 3.00249e-07, 1.01349e-07, 2.8504e-08, 1.25679e-08, 6.72017e-09, 3.41281e-09, 1.80017e-09, 9.63611e-11, 4.37805e-09, 3.74463e-08, 1.81429e-07, 7.56232e-07, 2.96227e-06, 1.08061e-05, 1.08061e-05
0.0268333, 0.0154438, 0.00747666, 0.00297506, 0.000938129, 0.000220979, 3.54738e-05, 3.81266e-06, 7.11499e-07, 2.72877e-07, 8.28099e-08, 4.0266e-08, 2.21307e-08, 1.1316e-08, 7.05544e-09, 1.99442e-09, 2.397e-09, 3.35496e-08, 1.72716e-07, 6.90702e-07, 2.57873e-06, 2.57873e-06
0.0431752, 0.0302298, 0.0180487, 0.00905215, 0.00372398, 0.00121012, 0.000292487, 4.84553e-05, 6.13476e-06, 1.68409e-06, 6.86789e-07, 2.24045e-07, 1.15407e-07, 6.59169e-08, 3.36514e-08, 2.2204e-08, 1.05563e-08, 2.01345e-09, 2.68938e-08, 1.63296e-07, 6.49905e-07, 6.49905e-07
0.0547665, 0.0463637, 0.0337588, 0.0209536, 0.01092, 0.00466452, 0.00157208, 0.000394138, 6.89573e-05, 1.06512e-05, 3.77736e-06, 1.61975e-06, 5.61225e-07, 2.97773e-07, 1.781e-07, 9.114e-08, 5.98782e-08, 3.64164e-08, 9.8091e-09, 1.85921e-08, 1.4701e-07, 1.4701e-07
0.0547665, 0.0558748, 0.0492389, 0.0373272, 0.0241287, 0.0131009, 0.00583328, 0.00205135, 0.000538815, 0.000101327, 1.89515e-05, 7.92555e-06, 3.58346e-06, 1.3044e-06, 6.97041e-07, 4.38094e-07, 2.27885e-07, 1.43744e-07, 9.98339e-08, 4.11818e-08, 1.55962e-08, 1.55962e-08
0.0431752, 0.0530542, 0.05633, 0.051686, 0.0408247, 0.0275201, 0.015601, 0.00726485, 0.00267946, 0.000743334, 0.000151714, 3.33075e-05, 1.55386e-05, 7.44584e-06, 2.83081e-06, 1.49425e-06, 9.84839e-07, 5.30636e-07, 3.15775e-07, 2.33603e-07, 1.2599e-07, 1.2599e-07
0.0268333, 0.0397945, 0.0508184, 0.0561197, 0.0536081, 0.044132, 0.0310509, 0.0184073, 0.00898745, 0.00349052, 0.00102863, 0.000228411, 5.67194e-05, 2.85318e-05, 1.45551e-05, 5.7795e-06, 2.96516e-06, 2.03114e-06, 1.15556e-06, 6.51273e-07, 4.85046e-07, 4.85046e-07
0.0131472, 0.0236395, 0.0363378, 0.0481613, 0.0552686, 0.0549361, 0.0471318, 0.0346252, 0.0214853, 0.0110185, 0.00451876, 0.00141953, 0.000342192, 9.2913e-05, 4.92312e-05, 2.68197e-05, 1.11783e-05, 5.51732e-06, 3.86381e-06, 2.35409e-06, 1.28434e-06, 1.28434e-06
0.0050782, 0.0111498, 0.0206948, 0.032907, 0.0451956, 0.0538335, 0.0556339, 0.0497194, 0.0381354, 0.0247788, 0.0133605, 0.00579547, 0.00194407, 0.000506634, 0.00014637, 8.01514e-05, 4.66829e-05, 2.05845e-05, 9.7543e-06, 6.82211e-06, 4.48086e-06, 4.48086e-06
0.00154635, 0.00418625, 0.00943133, 0.0180236, 0.0295845, 0.0420335, 0.0518951, 0.0556992, 0.0518112, 0.041471, 0.0282131, 0.0159987, 0.00734555, 0.00263229, 0.00073842, 0.000222478, 0.000123673, 7.69196e-05, 3.61987e-05, 1.66002e-05, 1.12788e-05, 1.12788e-05
0.000371214, 0.00125441, 0.00345538, 0.00796458, 0.0156325, 0.0264315, 0.0387783, 0.0495481, 0.0551607, 0.0533505, 0.0445277, 0.0316995, 0.0188999, 0.0091842, 0.00351439, 0.00105751, 0.000327948, 0.000181791, 0.000120256, 6.08718e-05, 2.74758e-05, 2.74758e-05
7.02524e-05, 0.000300796, 0.00102238, 0.00285713, 0.00671992, 0.0135144, 0.0234886, 0.035519, 0.0468925, 0.0540712, 0.0543091, 0.0472143, 0.0351421, 0.0220136, 0.0113143, 0.00461854, 0.00148703, 0.000471435, 0.000256054, 0.00017884, 9.79223e-05, 9.79223e-05
1.04813e-05, 5.78784e-05, 0.00024541, 0.000837012, 0.00236725, 0.00566789, 0.011654, 0.0207792, 0.0323277, 0.0440251, 0.0525012, 0.054686, 0.0494589, 0.0384443, 0.0252745, 0.0137243, 0.00596818, 0.00205266, 0.000664326, 0.000347859, 0.000253721, 0.000253721
1.2328e-06, 8.96229e-06, 4.80079e-05, 0.000201412, 0.000688131, 0.00196561, 0.00478098, 0.0100304, 0.0183124, 0.0292595, 0.041035, 0.0505309, 0.0545045, 0.0512114, 0.0415152, 0.0286064, 0.0163878, 0.00757946, 0.00278144, 0.000921437, 0.000459181, 0.000459181
1.14311e-07, 1.12015e-06, 7.68882e-06, 4.00358e-05, 0.00016615, 0.000567911, 0.00163566, 0.00403436, 0.00862062, 0.016087, 0.0263532, 0.0379998, 0.0482439, 0.0538067, 0.0524446, 0.044275, 0.0319272, 0.0192641, 0.00945875, 0.0037, 0.00126139, 0.00126139
8.35607e-09, 1.13356e-07, 1.01284e-06, 6.61057e-06, 3.35336e-05, 0.00013767, 0.000470347, 0.00136403, 0.00340634, 0.00740128, 0.0140942, 0.0236343, 0.0349841, 0.0457222, 0.0526482, 0.0531527, 0.0466585, 0.0351537, 0.0223, 0.011601, 0.00483226, 0.00483226
4.81544e-10, 9.31789e-09, 1.10237e-07, 9.11538e-07, 5.69127e-06, 2.81864e-05, 0.000114509, 0.000390784, 0.00113986, 0.00287815, 0.00634974, 0.0123208, 0.0211169, 0.0320398, 0.0430421, 0.0510936, 0.0533489, 0.0486177, 0.0382064, 0.0254325, 0.0139886, 0.0139886
2.18771e-11, 6.24982e-10, 9.96764e-09, 1.05572e-07, 8.17123e-07, 4.90488e-06, 2.37625e-05, 9.55634e-05, 0.000325619, 0.000954417, 0.00243382, 0.00544489, 0.0107505, 0.0188062, 0.0292063, 0.0402723, 0.049211, 0.0530624, 0.0501224, 0.0410134, 0.0285927, 0.0285927
7.83543e-13, 3.42127e-11, 7.52234e-10, 1.03266e-08, 9.98287e-08, 7.29883e-07, 4.2302e-06, 2.00833e-05, 7.9988e-05, 0.000272035, 0.000800634, 0.00205985, 0.00466757, 0.00936581, 0.0167007, 0.0265121, 0.0374719, 0.0470688, 0.0523343, 0.0511595, 0.0435135, 0.0435135
