0.0 -39.47841760435743
0.1 -39.47842634768008
0.2 -39.4784445382467
0.30000000000000004 -39.478472135844065
0.4 -39.47850886866448
0.5 -39.47855423999513
0.6 -39.478607540442944
0.7 -39.478667865394364
0.7999999999999999 -39.47873413728084
0.8999999999999999 -39.47880513210274
0.9999999999999999 -39.478879509559356
1.0999999999999999 -39.47895584604379
1.2 -39.479032669691186
1.3 -39.4791084966176
1.4000000000000001 -39.47918186745749
1.5000000000000002 -39.47925138330014
1.6000000000000003 -39.479315740139825
1.7000000000000004 -39.47937376099107
1.8000000000000005 -39.47942442487734
1.9000000000000006 -39.479466891978696
2.0000000000000004 -39.479500524318524
2.1000000000000005 -39.4795249014788
2.2000000000000006 -39.479539830956696
2.3000000000000007 -39.479545352906854
2.400000000000001 -39.47954173915226
2.500000000000001 -39.47952948648833
2.600000000000001 -39.479509304445195
2.700000000000001 -39.479482097809935
2.800000000000001 -39.479448944340085
2.9000000000000012 -39.479411068217644
3.0000000000000013 -39.4793698098982
3.1000000000000014 -39.479326593098335
3.2000000000000015 -39.479282889734726
3.3000000000000016 -39.47924018367878
3.4000000000000017 -39.47919993421943
3.5000000000000018 -39.47916354013375
3.600000000000002 -39.479132305249756
3.700000000000002 -39.47910740634888
3.800000000000002 -39.479089864197725
3.900000000000002 -39.47908051842166
4.000000000000002 -39.479080006838174
4.100000000000001 -39.47908874975796
4.200000000000001 -39.47910693963993
4.300000000000001 -39.47913453635419
4.4 -39.47917126816964
4.5 -39.47921663844176
4.6 -39.47926993783645
4.699999999999999 -39.4793302617891
4.799999999999999 -39.479396532770174
4.899999999999999 -39.47946752680936
4.999999999999998 -39.479541903626405
5.099999999999998 -39.47961823962718
5.1999999999999975 -39.47969506295333
5.299999999999997 -39.479770889722836
5.399999999999997 -39.47984426056923
5.4999999999999964 -39.479913776579906
5.599999999999996 -39.479978133748055
5.699999999999996 -39.480036155089515
5.799999999999995 -39.480086819632945
5.899999999999995 -39.480129287568595
5.999999999999995 -39.48016292093579
6.099999999999994 -39.480187299338624
6.199999999999994 -39.48020223030255
6.299999999999994 -39.48020775401614
6.399999999999993 -39.48020414234117
6.499999999999993 -39.48019189211532
6.5999999999999925 -39.48017171291283
6.699999999999992 -39.48014450956481
6.799999999999992 -39.480111359870506
6.8999999999999915 -39.48007348804894
6.999999999999991 -39.48003223458565
7.099999999999991 -39.47998902321766
7.19999999999999 -39.47994532587035
7.29999999999999 -39.47990262641003
7.39999999999999 -39.47986238410505
7.499999999999989 -39.479825997695094
7.599999999999989 -39.47979477095321
7.699999999999989 -39.47976988058799
7.799999999999988 -39.47975234727566
7.899999999999988 -39.47974301053467
7.999999999999988 -39.4797425080606
8.099999999999987 -39.47975126002952
8.199999999999987 -39.47976945875573
8.299999999999986 -39.47979706395809
8.399999999999986 -39.47983380375136
8.499999999999986 -39.47987918133821
8.599999999999985 -39.479932487237285
8.699999999999985 -39.479992816746936
8.799999999999985 -39.480059092215164
8.899999999999984 -39.48013008956823
8.999999999999984 -39.48020446844545
9.099999999999984 -39.48028080519898
9.199999999999983 -39.480357627946525
9.299999999999983 -39.48043345281428
9.399999999999983 -39.48050682047785
9.499999999999982 -39.48057633210126
9.599999999999982 -39.480640683788785
9.699999999999982 -39.480698698700664
9.799999999999981 -39.480749356041144
9.89999999999998 -39.48079181620426
