0.0 1.0
0.1570788259183086 0.9999997785290992
0.31415772601537184 0.9999993177570803
0.4712367754626482 0.999998618703215
0.6283160481875708 0.9999976882534407
0.7853956150535442 0.999996538990844
0.9424755421153398 0.9999951888858968
1.0995558889928296 0.9999936608540647
1.2566367074030833 0.9999919821916705
1.4137180398869682 0.9999901839038945
1.5707999187616064 0.9999882999414457
1.727882365324495 0.9999863663646917
1.8849653893288978 0.9999844204558177
2.042048988743454 0.99998249980087
2.1991331498019444 0.999980641364286
2.3562178473420166 0.9999788805786967
2.513303045424559 0.9999772504724168
2.6703886982184835 0.999975780856114
2.82747475112916 0.9999744975886916
2.9845611421427076 0.9999734219404701
-3.1415375038265267 0.9999725700693598
-2.9844506445454084 0.9999719526229323
-2.827363661763351 0.9999715744761952
-2.6702766306575834 0.9999714346115351
-2.513189625161379 0.9999715261437873
-2.356102716143344 0.9999718364898122
-2.1990159696622125 0.9999723476784035
-2.0419294453401258 0.9999730367928874
-1.8848431948944826 0.9999738765355082
-1.7277572608645053 0.9999748358996923
-1.5706716755638812 0.999975880933628
-1.4135864602852597 0.9999769755763498
-1.2565016247761764 0.9999780825457313
-1.0994171669992874 0.9999791642565176
-0.9423330731827936 0.9999801837457876
-0.7852493181597863 0.9999811055830613
-0.6281658659881381 0.9999818967426437
-0.4710826708356518 0.9999825274167333
-0.31399967810866186 0.9999829717492829
-0.1569168257962899 0.9999832084725498
0.00016595400274245568 0.999983221430676
0.1572487334083294 0.9999829999774112
0.31433158698337427 0.9999825392381964
0.47141458989805907 0.9999818402301577
0.6284978160791678 0.9999809098370611
0.7855813363900068 0.9999797606398412
0.9426652168857169 0.999978410606874
1.099749517186914 0.9999768826516149
1.2568342890116961 0.9999752040684835
1.4139195749021527 0.9999734058608766
1.5710054071767403 0.9999715219778458
1.7280918071343288 0.9999695884782255
1.8851787845295342 0.9999676426427847
2.0422663373322805 0.9999657220562606
2.1993544517775385 0.9999638636818732
2.356443102704038 0.9999621029511123
2.5135322541736445 0.9999604728912125
2.6706218603561673 0.9999590033118074
2.827711866657821 0.9999577200708007
2.9848022110655714 0.9999566444375423
-3.1412924815053356 0.9999557925689959
-2.9842016688207496 0.9999551751118156
-2.82711073262889 0.9999547969401295
-2.6700197481055454 0.9999546570354982
-2.512928789182251 0.9999547485120062
-2.3558379267255254 0.9999550587858657
-2.1987472267916286 0.9999555698853553
-2.0416567489998227 0.9999562588934556
-1.884566545064218 0.9999570985122703
-1.7274766575203566 0.9999580577353281
-1.5703871186778917 0.9999591026111979
-1.4132979498251441 0.9999601970796065
-1.256209160705107 0.9999613038594581
-1.0991207492757789 0.9999623853668879
-0.9420327017607064 0.9999634046407366
-0.7849449929884611 0.9999643262526601
-0.6278575870126718 0.9999651171794642
-0.4707704379973242 0.9999657476161932
-0.31368349134551116 0.9999661917099559
-0.15659668504383664 0.9999664281964328
0.0004900488106330996 0.999966440923395
0.15757678233846084 0.9999662192483608
0.3146635901021256 0.9999657583005972
0.4717505472702109 0.9999650591010278
0.628837727766674 0.9999641285370914
0.785925202450745 0.9999629791931716
0.943013037372251 0.9999616290407705
1.100101292145306 0.9999601009960458
1.2571900184804043 0.9999584223556024
1.4142792589110533 0.9999566241244162
1.5713690457463076 0.999954740252436
1.7284594002750062 0.9999528067986461
1.8855503322413267 0.9999508610431704
2.0426418396045927 0.9999489405692756
2.1997339085892733 0.9999470823378758
2.3568265140239752 0.99994532177733
2.513919619961097 0.9999436919109504
2.671013180561915 0.9999422225437133
2.8281071412253134 0.999940939528207
2.9852014399323763 0.999939864127906
