0
0.0313897
0.0627794
0.0941692
0.125559
0.156948
0.188337
0.219725
0.251111
0.282496
0.313877
0.345255
0.376629
0.407998
0.439361
0.470716
0.502063
0.533401
0.564728
0.596042
0.627343
0.658629
0.689898
0.721148
0.752379
0.783588
0.814773
0.845933
0.877065
0.908168
0.93924
0.970279
1.00128
1.03225
1.06318
1.09406
1.1249
1.1557
1.18644
1.21714
1.24779
1.27838
1.30891
1.33938
1.3698
1.40015
1.43043
1.46065
1.49079
1.52087
1.55087
1.58079
1.61064
1.64041
1.67009
1.6997
1.72921
1.75864
1.78798
1.81723
1.84639
1.87546
1.90443
1.9333
1.96207
1.99075
2.01932
2.0478
2.07617
2.10443
2.13259
2.16065
2.1886
2.21644
2.24417
2.27179
2.2993
2.3267
2.35399
2.38117
2.40824
2.4352
2.46204
2.48877
2.51539
2.54189
2.56828
2.59456
2.62072
2.64678
2.67272
2.69854
2.72426
2.74986
2.77535
2.80073
2.826
2.85116
2.87621
2.90115
2.92598
2.95071
2.97532
2.99983
3.02423
3.04853
3.07272
3.09681
3.1208
-3.1385
-3.11472
-3.09103
-3.06745
-3.04396
-3.02058
-2.99729
-2.97409
-2.95099
-2.92798
-2.90507
-2.88224
-2.85951
-2.83686
-2.81431
-2.79184
-2.76945
-2.74716
-2.72494
-2.70281
-2.68076
-2.65879
-2.6369
-2.61508
-2.59335
-2.57169
-2.5501
-2.52859
-2.50715
-2.48578
-2.46448
-2.44325
-2.42209
-2.401
-2.37997
-2.359
-2.3381
-2.31726
-2.29648
-2.27576
-2.2551
-2.23449
-2.21394
-2.19345
-2.17301
-2.15263
-2.13229
-2.11201
-2.09178
-2.07159
-2.05145
-2.03136
-2.01131
-1.99131
-1.97135
-1.95143
-1.93156
-1.91172
-1.89192
-1.87216
-1.85244
-1.83275
-1.8131
-1.79348
-1.7739
-1.75434
-1.73482
-1.71532
-1.69586
-1.67642
-1.65701
-1.63762
-1.61826
-1.59892
-1.57961
-1.56032
-1.54105
-1.5218
-1.50256
-1.48335
-1.46416
-1.44498
-1.42581
-1.40666
-1.38753
-1.36841
-1.3493
-1.3302
-1.31111
-1.29203
-1.27296
-1.2539
-1.23485
-1.2158
-1.19676
-1.17772
-1.15869
-1.13966
-1.12063
-1.1016
-1.08258
-1.06355
-1.04453
-1.0255
-1.00648
-0.987445
-0.968412
-0.949374
-0.930332
-0.911285
-0.892231
-0.873171
-0.854104
-0.83503
-0.815946
-0.796854
-0.777752
-0.75864
-0.739517
-0.720383
-0.701237
-0.682079
-0.662907
-0.643722
-0.624524
-0.60531
-0.586082
-0.566838
-0.547579
-0.528303
-0.509011
-0.489701
-0.470374
-0.451029
-0.431665
-0.412283
-0.392882
-0.373461
-0.354021
-0.33456
-0.31508
-0.295579
-0.276057
-0.256514
-0.236949
-0.217363
-0.197756
-0.178126
-0.158475
-0.138801
-0.119105
-0.0993863
-0.0796451
-0.0598813
-0.0400948
-0.0202856
-0.000453529
0.0194013
0.0392789
0.0591792
0.0791023
0.099048
0.119016
0.139007
0.15902
0.179055
0.199112
0.219191
0.239292
0.259414
0.279558
0.299722
0.319907
0.340112
0.360337
0.380582
0.400847
0.42113
0.441432
0.461752
0.48209
0.502445
0.522817
0.543205
0.563609
0.584029
0.604463
0.624911
0.645373
0.665848
0.686335
0.706834
0.727344
0.747864
0.768394
0.788934
0.809481
0.830037
0.850599
0.871167
0.89174
0.912319
0.932901
0.953485
0.974072
0.994661
1.01525
1.03584
1.05643
1.07701
1.09759
1.11817
1.13874
1.15931
1.17987
1.20043
1.22097
1.24151
1.26204
1.28255
1.30305
1.32354
1.34402
1.36448
1.38493
1.40536
1.42577
1.44616
1.46653
1.48689
1.50722
1.52753
1.54782
1.56808
1.58832
1.60853
1.62872
1.64887
1.66901
1.68911
1.70918
1.72922
1.74923
1.76921
1.78915
1.80906
1.82894
1.84878
1.86858
1.88835
1.90808
1.92777
1.94743
1.96704
1.98661
2.00615
2.02564
2.04509
2.0645
2.08386
2.10318
2.12246
2.14169
2.16088
2.18002
2.19912
2.21816
2.23717
2.25612
2.27503
2.29389
2.3127
2.33146
2.35018
2.36884
2.38745
2.40602
2.42453
2.443
2.46141
2.47978
2.49809
2.51635
2.53456
2.55272
2.57082
2.58888
2.60688
2.62484
2.64274
2.66059
2.67838
2.69613
2.71382
2.73146
2.74905
2.76659
2.78407
2.80151
2.81889
2.83622
2.8535
2.87073
2.88791
2.90503
2.92211
2.93913
2.95611
2.97303
2.98991
3.00673
3.0235
3.04023
3.0569
3.07353
3.09011
3.10663
3.12311
3.13955
-3.12726
-3.11092
-3.09463
-3.07839
-3.06219
-3.04604
-3.02994
-3.01388
-2.99787
-2.98191
-2.96599
-2.95011
-2.93428
-2.91849
-2.90274
-2.88704
-2.87138
-2.85576
-2.84019
-2.82465
-2.80916
-2.79371
-2.7783
-2.76293
-2.7476
-2.7323
-2.71705
-2.70184
-2.68666
-2.67152
-2.65642
-2.64136
-2.62633
-2.61134
-2.59639
-2.58147
-2.56659
-2.55174
-2.53692
-2.52214
-2.50739
-2.49268
-2.478
-2.46335
-2.44873
-2.43414
-2.41959
-2.40506
-2.39057
-2.3761
-2.36167
-2.34726
-2.33288
-2.31853
-2.30421
-2.28992
-2.27565
-2.26141
-2.24719
-2.233
-2.21884
-2.2047
-2.19058
-2.17649
-2.16243
-2.14838
-2.13436
-2.12036
-2.10639
-2.09243
-2.0785
-2.06458
-2.05069
-2.03682
-2.02297
-2.00913
-1.99532
-1.98152
-1.96774
-1.95398
-1.94024
-1.92651
-1.9128
-1.89911
-1.88543
-1.87177
-1.85812
-1.84449
-1.83087
-1.81727
-1.80368
-1.7901
-1.77653
-1.76298
-1.74944
-1.73591
-1.72239
-1.70888
-1.69538
-1.6819
-1.66842
-1.65495
-1.64149
-1.62804
-1.6146
-1.60117
-1.58774
-1.57432
-1.56091
-1.5475
-1.5341
-1.52071
-1.50732
-1.49394
-1.48056
-1.46718
-1.45381
-1.44045
-1.42708
-1.41372
-1.40037
-1.38701
-1.37366
-1.36031
-1.34696
-1.33361
-1.32026
-1.30691
-1.29356
-1.28021
-1.26686
-1.25352
-1.24016
-1.22681
-1.21346
-1.2001
-1.18674
-1.17338
-1.16001
-1.14664
-1.13327
-1.1199
-1.10651
-1.09313
-1.07974
-1.06634
-1.05294
-1.03953
-1.02612
-1.0127
-0.999274
-0.98584
-0.972399
-0.958951
-0.945494
-0.93203
-0.918557
-0.905075
-0.891584
-0.878084
-0.864575
-0.851056
-0.837526
-0.823987
-0.810436
-0.796875
-0.783303
-0.76972
-0.756125
-0.742518
-0.728899
-0.715268
-0.701624
-0.687968
-0.674298
-0.660615
-0.646919
-0.633209
-0.619485
-0.605747
-0.591995
-0.578228
-0.564447
-0.55065
-0.536838
-0.523011
-0.509168
-0.49531
-0.481436
-0.467545
-0.453638
-0.439715
-0.425775
-0.411818
-0.397845
-0.383854
-0.369846
-0.35582
-0.341777
-0.327716
-0.313638
-0.299541
-0.285426
-0.271293
-0.257141
-0.242971
-0.228783
-0.214575
-0.200349
-0.186104
-0.17184
-0.157557
-0.143255
-0.128934
-0.114593
-0.100233
-0.085853
-0.071454
-0.0570354
-0.0425973
-0.0281395
-0.0136622
0.000834799
0.0153515
0.0298878
0.0444438
0.0590195
0.0736149
0.0882299
0.102865
0.117519
0.132193
0.146886
0.161599
0.176331
0.191083
0.205854
0.220644
0.235453
0.250282
0.265129
0.279995
0.29488
0.309784
0.324706
0.339646
0.354605
0.369582
0.384577
0.399589
0.414619
0.429667
0.444732
0.459814
0.474912
0.490028
0.50516
0.520308
0.535472
0.550652
0.565847
0.581058
0.596284
0.611524
0.62678
0.642049
0.657332
0.672629
0.687939
0.703262
0.718599
0.733947
0.749308
0.76468
0.780064
0.795459
0.810864
0.82628
0.841706
0.857142
0.872587
0.888041
0.903503
0.918974
0.934452
0.949938
0.96543
0.980929
0.996435
1.01195
1.02746
1.04298
1.05851
1.07404
1.08957
1.10511
1.12064
1.13619
1.15173
1.16727
1.18282
1.19836
1.21391
1.22945
1.24499
1.26054
1.27607
1.29161
1.30715
1.32268
1.3382
1.35373
1.36924
1.38476
1.40026
1.41576
1.43126
1.44674
1.46222
1.47769
1.49315
1.50861
1.52405
1.53948
1.5549
1.57032
1.58572
1.6011
1.61648
1.63184
1.64719
1.66253
1.67785
1.69316
1.70845
1.72372
1.73898
1.75423
1.76945
1.78466
1.79986
1.81503
1.83019
1.84532
1.86044
1.87554
1.89062
1.90568
1.92071
1.93573
1.95072
1.9657
1.98065
1.99558
2.01048
2.02536
2.04022
2.05506
2.06987
2.08466
2.09942
2.11416
2.12887
2.14355
2.15821
2.17285
2.18746
2.20204
2.21659
2.23112
2.24562
2.26009
2.27454
2.28896
2.30335
2.31771
2.33204
2.34634
2.36062
2.37486
2.38908
2.40327
2.41743
2.43155
2.44565
2.45972
2.47376
2.48777
2.50175
2.5157
2.52961
2.5435
2.55736
2.57118
2.58498
2.59875
2.61248
2.62618
2.63985
2.6535
2.66711
2.68069
2.69423
2.70775
2.72124
2.73469
2.74812
2.76151
2.77487
2.7882
2.8015
2.81477
2.82801
2.84122
2.85439
2.86754
2.88065
2.89374
2.90679
2.91981
2.93281
2.94577
2.9587
2.9716
2.98447
2.99731
3.01012
3.0229
3.03565
3.04837
3.06106
3.07373
3.08636
3.09896
3.11153
3.12408
3.13659
-3.13411
-3.12165
-3.10922
-3.09682
-3.08445
-3.0721
-3.05978
-3.0475
-3.03524
-3.023
-3.0108
-2.99862
-2.98647
-2.97435
-2.96225
-2.95018
-2.93813
-2.92612
-2.91413
-2.90216
-2.89022
-2.87831
-2.86642
-2.85456
-2.84272
-2.83091
-2.81912
-2.80736
-2.79562
-2.78391
-2.77222
-2.76055
-2.74891
-2.73729
-2.7257
-2.71412
-2.70257
-2.69105
-2.67955
-2.66806
-2.65661
-2.64517
-2.63375
-2.62236
-2.61099
-2.59964
-2.58831
-2.577
-2.56572
-2.55445
-2.5432
-2.53198
-2.52077
-2.50958
-2.49842
-2.48727
-2.47614
-2.46503
-2.45394
-2.44287
-2.43182
-2.42078
-2.40976
-2.39876
-2.38778
-2.37682
-2.36587
-2.35494
-2.34402
-2.33313
-2.32225
-2.31138
-2.30053
-2.2897
-2.27888
-2.26808
-2.2573
-2.24652
-2.23577
-2.22503
-2.2143
-2.20359
-2.19289
-2.1822
-2.17153
-2.16087
-2.15023
-2.13959
-2.12898
-2.11837
-2.10778
-2.09719
-2.08662
-2.07607
-2.06552
-2.05499
-2.04446
-2.03395
-2.02345
-2.01296
-2.00248
-1.99201
-1.98155
-1.97111
-1.96067
-1.95024
-1.93982
-1.92941
-1.919
-1.90861
-1.89823
-1.88785
-1.87748
-1.86712
-1.85677
-1.84643
-1.83609
-1.82576
-1.81544
-1.80512
-1.79482
-1.78452
-1.77422
-1.76393
-1.75365
-1.74337
-1.7331
-1.72284
-1.71257
-1.70232
-1.69207
-1.68182
-1.67158
-1.66135
-1.65112
