0.0 -19.739210732244935
0.1 -19.739219009812725
0.2 -19.73922728731083
0.30000000000000004 -19.739235564761927
0.4 -19.73924384219074
0.5 -19.739252119623373
0.6 -19.739260397086696
0.7 -19.739268674607704
0.7999999999999999 -19.739276952212798
0.8999999999999999 -19.739285229927173
0.9999999999999999 -19.7392935077742
1.0999999999999999 -19.739301785774853
1.2 -19.739310063947155
1.3 -19.739318342305744
1.4000000000000001 -19.73932662086159
1.5000000000000002 -19.739334899621603
1.6000000000000003 -19.739343178588552
1.7000000000000004 -19.73935145776098
1.8000000000000005 -19.739359737133178
1.9000000000000006 -19.7393680166954
2.0000000000000004 -19.7393762964341
2.1000000000000005 -19.739384576332203
2.2000000000000006 -19.739392856369587
2.3000000000000007 -19.73940113652356
2.400000000000001 -19.73940941676939
2.500000000000001 -19.739417697080942
2.600000000000001 -19.73942597743137
2.700000000000001 -19.739434257793658
2.800000000000001 -19.739442538141382
2.9000000000000012 -19.73945081844936
3.0000000000000013 -19.73945909869419
3.1000000000000014 -19.73946737885494
3.2000000000000015 -19.73947565891357
3.3000000000000016 -19.73948393885542
3.4000000000000017 -19.739492218669575
3.5000000000000018 -19.739500498349095
3.600000000000002 -19.73950877789124
3.700000000000002 -19.73951705729749
3.800000000000002 -19.73952533657354
3.900000000000002 -19.739533615729115
4.000000000000002 -19.739541894777823
4.100000000000001 -19.739550173736696
4.200000000000001 -19.739558452625857
4.300000000000001 -19.739566731468024
4.4 -19.7395750102879
4.5 -19.73958328911159
4.6 -19.739591567965995
4.699999999999999 -19.739599846878072
4.799999999999999 -19.73960812587426
4.899999999999999 -19.73961640497974
4.999999999999998 -19.739624684217905
5.099999999999998 -19.739632963609694
5.1999999999999975 -19.739641243173153
5.299999999999997 -19.73964952292295
5.399999999999997 -19.739657802870006
5.4999999999999964 -19.739666083021266
5.599999999999996 -19.739674363379493
5.699999999999996 -19.739682643943198
5.799999999999995 -19.739690924706725
5.899999999999995 -19.73969920566029
5.999999999999995 -19.739707486790365
6.099999999999994 -19.739715768079858
6.199999999999994 -19.739724049508656
6.299999999999994 -19.739732331054036
6.399999999999993 -19.739740612691296
6.499999999999993 -19.73974889439429
6.5999999999999925 -19.739757176136145
6.699999999999992 -19.73976545788987
6.799999999999992 -19.73977373962904
6.8999999999999915 -19.739782021328445
6.999999999999991 -19.739790302964714
7.099999999999991 -19.739798584516883
7.19999999999999 -19.73980686596692
7.29999999999999 -19.73981514730018
7.39999999999999 -19.739823428505716
7.499999999999989 -19.739831709576627
7.599999999999989 -19.73983999051014
7.699999999999989 -19.739848271307768
7.799999999999988 -19.73985655197519
7.899999999999988 -19.73986483252215
7.999999999999988 -19.739873112962233
8.099999999999987 -19.739881393312505
8.199999999999987 -19.739889673593098
8.299999999999986 -19.7398979538267
8.399999999999986 -19.73990623403804
8.499999999999986 -19.73991451425323
8.599999999999985 -19.73992279449915
8.699999999999985 -19.739931074802794
8.799999999999985 -19.739939355190575
8.899999999999984 -19.7399476356877
8.999999999999984 -19.739955916317545
9.099999999999984 -19.739964197101045
9.199999999999983 -19.73997247805626
9.299999999999983 -19.739980759197845
9.399999999999983 -19.739989040536734
9.499999999999982 -19.73999732207986
9.599999999999982 -19.740005603829974
9.699999999999982 -19.740013885785604
9.799999999999981 -19.740022167941056
9.89999999999998 -19.740030450286575
