0.0 1.0
0.1 0.9999997785290992
0.2 0.9999993177570803
0.30000000000000004 0.999998618703215
0.4 0.9999976882534407
0.5 0.999996538990844
0.6 0.9999951888858968
0.7 0.9999936608540647
0.7999999999999999 0.9999919821916705
0.8999999999999999 0.9999901839038945
0.9999999999999999 0.9999882999414457
1.0999999999999999 0.9999863663646917
1.2 0.9999844204558177
1.3 0.99998249980087
1.4000000000000001 0.999980641364286
1.5000000000000002 0.9999788805786967
1.6000000000000003 0.9999772504724168
1.7000000000000004 0.999975780856114
1.8000000000000005 0.9999744975886916
1.9000000000000006 0.9999734219404701
2.0000000000000004 0.9999725700693598
2.1000000000000005 0.9999719526229323
2.2000000000000006 0.9999715744761952
2.3000000000000007 0.9999714346115351
2.400000000000001 0.9999715261437873
2.500000000000001 0.9999718364898122
2.600000000000001 0.9999723476784035
2.700000000000001 0.9999730367928874
2.800000000000001 0.9999738765355082
2.9000000000000012 0.9999748358996923
3.0000000000000013 0.999975880933628
3.1000000000000014 0.9999769755763498
3.2000000000000015 0.9999780825457313
3.3000000000000016 0.9999791642565176
3.4000000000000017 0.9999801837457876
3.5000000000000018 0.9999811055830613
3.600000000000002 0.9999818967426437
3.700000000000002 0.9999825274167333
3.800000000000002 0.9999829717492829
3.900000000000002 0.9999832084725498
4.000000000000002 0.999983221430676
4.100000000000001 0.9999829999774112
4.200000000000001 0.9999825392381964
4.300000000000001 0.9999818402301577
4.4 0.9999809098370611
4.5 0.9999797606398412
4.6 0.999978410606874
4.699999999999999 0.9999768826516149
4.799999999999999 0.9999752040684835
4.899999999999999 0.9999734058608766
4.999999999999998 0.9999715219778458
5.099999999999998 0.9999695884782255
5.1999999999999975 0.9999676426427847
5.299999999999997 0.9999657220562606
5.399999999999997 0.9999638636818732
5.4999999999999964 0.9999621029511123
5.599999999999996 0.9999604728912125
5.699999999999996 0.9999590033118074
5.799999999999995 0.9999577200708007
5.899999999999995 0.9999566444375423
5.999999999999995 0.9999557925689959
6.099999999999994 0.9999551751118156
6.199999999999994 0.9999547969401295
6.299999999999994 0.9999546570354982
6.399999999999993 0.9999547485120062
6.499999999999993 0.9999550587858657
6.5999999999999925 0.9999555698853553
6.699999999999992 0.9999562588934556
6.799999999999992 0.9999570985122703
6.8999999999999915 0.9999580577353281
6.999999999999991 0.9999591026111979
7.099999999999991 0.9999601970796065
7.19999999999999 0.9999613038594581
7.29999999999999 0.9999623853668879
7.39999999999999 0.9999634046407366
7.499999999999989 0.9999643262526601
7.599999999999989 0.9999651171794642
7.699999999999989 0.9999657476161932
7.799999999999988 0.9999661917099559
7.899999999999988 0.9999664281964328
7.999999999999988 0.999966440923395
8.099999999999987 0.9999662192483608
8.199999999999987 0.9999657583005972
8.299999999999986 0.9999650591010278
8.399999999999986 0.9999641285370914
8.499999999999986 0.9999629791931716
8.599999999999985 0.9999616290407705
8.699999999999985 0.9999601009960458
8.799999999999985 0.9999584223556024
8.899999999999984 0.9999566241244162
8.999999999999984 0.999954740252436
9.099999999999984 0.9999528067986461
9.199999999999983 0.9999508610431704
9.299999999999983 0.9999489405692756
9.399999999999983 0.9999470823378758
9.499999999999982 0.99994532177733
9.599999999999982 0.9999436919109504
9.699999999999982 0.9999422225437133
9.799999999999981 0.999940939528207
9.89999999999998 0.999939864127906
