412.971
412.971
448.479
412.971
114.604
412.971
427.384
412.971
154.124
203.503
372.615
412.971
412.971
412.971
436.411
584.402
373.748
412.971
412.971
412.971
497.898
304.216
268.245
551.249
540.934
412.971
492.069
508.779
522.364
391.758
472.313
320.003
412.971
358.126
226.571
412.971
412.971
392.134
464.264
412.971
391.385
412.971
398.112
548.241
381.969
412.971
412.971
312.796
170.766
330.532
446.525
533.239
335.529
616.723
367.124
412.971
412.971
423.61
410.668
439.483
412.971
412.971
412.971
634.58
349.346
188.426
412.971
417.349
412.971
412.971
439.903
412.971
412.971
412.971
412.971
412.971
486.301
432.52
412.971
412.971
412.971
500.206
412.971
412.971
438.614
412.971
412.971
444.196
412.971
412.971
502.246
433.287
475.668
412.971
412.971
378.793
412.971
421.713
412.971
412.971
386.017
319.745
412.971
412.971
365.235
361.584
412.971
465.358
412.971
487.06
412.971
99.8538
541.235
412.971
482.228
412.971
412.971
412.971
412.971
338.704
673.664
419.996
412.971
389.634
412.971
412.971
412.948
412.971
412.971
370.862
412.971
412.971
412.971
412.971
462.568
412.971
412.971
345.307
412.971
412.971
381.06
549.964
412.971
374.991
458.238
412.971
412.971
412.971
545.843
412.971
412.971
412.971
412.971
479.716
517.305
412.971
412.971
448.334
412.971
412.971
330.184
412.971
562.295
485.903
131.691
443.285
412.971
412.971
412.971
412.971
497.699
412.971
412.971
412.971
408.809
451.769
412.971
412.971
412.971
352.925
412.971
247.549
412.971
412.971
412.971
337.389
156.526
412.971
412.971
283.752
453.348
508.892
315.513
412.971
412.971
412.971
412.971
412.971
412.971
388.997
412.971
453.664
523.422
456.972
412.971
412.971
472.281
589.345
427.294
412.971
534.893
495.263
305.143
262.898
412.971
412.971
412.971
412.971
412.971
334.748
412.971
327.144
412.971
502.834
72.577
384.276
412.971
473.387
412.971
412.971
235.475
412.971
369.217
308.58
412.971
412.971
412.971
412.971
412.971
412.971
412.971
412.971
491.087
412.971
412.971
271.407
479.376
412.971
412.971
412.971
412.971
412.971
412.971
583.314
412.971
145.216
395.976
335.428
458.23
412.971
412.971
289.129
412.971
412.971
412.971
465.868
198.932
390.007
597.229
412.971
412.971
412.971
412.971
412.971
412.971
412.971
582.11
427.23
412.971
412.971
425.77
412.971
412.971
412.971
412.971
454.418
412.971
459.765
412.971
412.971
326.411
412.971
412.971
379.817
152.801
296.206
412.971
412.971
412.971
399.229
487.722
412.971
412.971
557.605
569.033
375.552
375.273
412.971
423.724
441.203
412.971
327.284
346.592
173.466
412.971
425.732
511.964
522.321
412.971
412.971
412.971
498.541
412.971
396.106
412.971
412.971
412.971
412.971
499.464
412.971
412.971
412.971
412.971
412.971
369.711
412.971
412.971
415.26
412.971
444.697
412.971
412.971
523.531
412.971
412.971
412.971
412.971
328.105
238.432
503.867
412.971
670.698
320.367
412.971
412.971
412.971
379.237
412.971
412.971
412.971
412.971
262.594
412.971
412.971
550.484
480.735
421.145
259.055
412.971
412.971
412.971
85.116
412.971
412.971
182.941
254.05
412.971
533.631
412.971
412.971
454.999
412.971
412.971
486.774
412.971
538.514
366.548
412.971
412.971
412.971
412.971
412.971
412.971
438.654
412.971
412.971
412.971
412.971
412.971
542.562
374.728
435.98
412.971
378.254
474.992
412.971
412.971
412.971
275.552
278.391
456.75
412.971
412.971
522.809
411.267
423.877
249.535
398.452
412.971
412.971
412.971
378.159
460.367
412.971
478.575
412.971
516.045
412.971
412.971
220.435
465.939
420.687
564.897
334.697
412.971
412.971
476.736
274.536
503.092
479.928
527.512
412.971
574.087
410.988
412.971
412.971
273.872
470.587
412.971
412.971
412.971
412.971
452.795
337.599
412.971
325.735
96.9693
451.801
412.971
412.971
412.971
412.971
412.971
412.971
538.922
412.971
412.971
412.971
320.878
412.971
615.687
412.971
412.971
412.971
421.307
501.333
412.145
412.971
412.971
412.971
412.971
412.971
412.971
395.482
412.971
412.971
412.971
412.971
412.971
412.971
412.971
412.971
412.971
468.571
412.971
412.971
412.971
412.971
226.35
412.971
412.971
206.171
412.971
441.081
198.831
412.971
354.375
412.971
412.971
168.326
541.657
412.971
458.674
412.971
412.971
470.716
412.971
412.971
506.969
412.971
419.196
412.971
269.117
412.971
345.092
412.971
412.971
500.007
412.971
220.365
412.971
608.729
538.829
340.48
412.971
412.971
342.28
212.785
412.971
336.326
385.049
422.032
412.971
412.971
412.971
412.971
246.747
524.055
412.656
412.971
391.94
412.971
112.782
412.971
423.194
412.971
412.971
412.971
473.905
412.971
392.163
368.69
412.971
412.971
412.971
305.59
412.971
359.575
335.714
215.68
451.836
412.971
412.971
384.358
223.069
448.172
248.797
60.5326
169.441
412.971
511.653
424.06
438.261
412.971
165.695
517.546
412.971
412.971
509.716
325.92
412.971
366.431
372.447
412.971
412.971
412.971
412.971
443.35
412.971
551.423
412.971
412.971
412.971
400.349
479.925
412.971
347.778
412.971
527.215
458.756
412.971
412.971
412.971
359.89
412.971
412.971
412.971
155.597
538.142
238.339
277.439
283.058
523.06
412.971
400.834
412.971
130.649
192.865
484.729
412.971
442.102
348.297
288.816
504.37
274.333
412.971
412.971
412.971
484.542
412.971
228.161
396.948
412.971
429.915
212.522
354.664
412.971
416.008
412.971
412.971
604.922
241.197
412.971
412.971
412.971
412.971
412.971
535.596
468.732
362.463
386.038
412.971
412.971
207.868
202.166
501.352
412.971
412.971
412.971
361.26
412.971
412.971
412.971
412.971
504.375
412.971
412.971
412.971
412.971
269.662
412.971
412.971
515.556
531.341
412.971
348.292
168.911
488.726
412.971
518.046
412.971
514.155
412.971
412.971
439.76
412.971
430.156
475.58
298.826
412.971
453.403
412.971
412.971
316.67
412.971
265.382
412.971
412.971
412.971
412.971
412.971
412.971
367.803
412.971
412.971
412.971
563.718
588.882
471.187
458.47
164.084
412.971
412.971
152.962
412.971
428.186
412.971
448.563
412.971
412.971
412.971
412.971
412.971
207.679
412.971
412.971
412.971
412.971
338.797
412.971
502.295
412.971
412.971
416.233
412.971
412.971
546.538
412.971
412.971
226.987
396.653
292.501
412.971
412.971
371.032
412.971
431.044
452.943
337.077
412.971
303.927
405.82
412.971
412.971
470.594
391.185
313.567
412.971
412.971
109.412
412.971
380.124
412.971
412.971
467.656
412.971
412.971
412.971
412.971
412.971
412.971
412.971
412.971
412.971
441.873
389.03
412.971
412.971
471.883
412.971
412.971
412.971
351.351
412.971
136.457
331.361
394.658
412.971
571.898
412.971
412.971
412.971
120.438
412.971
412.971
412.971
412.971
412.971
331.105
412.971
416.682
412.971
412.971
412.971
412.971
306.749
412.971
342.203
333.329
412.971
458.886
275.914
322.219
484.685
412.971
412.971
412.971
279.822
96.9611
412.971
412.971
412.971
412.971
412.971
383.715
530.935
412.971
121.181
412.971
263.315
412.971
286.048
412.971
429.79
412.971
412.971
526.319
442.766
412.971
412.971
412.971
307.878
412.971
412.971
412.971
512.666
412.971
412.971
412.971
412.971
412.971
412.971
412.971
412.971
420.432
478.661
412.971
412.971
233.769
412.971
212.759
412.971
412.971
210.015
308.027
582.863
412.971
562.301
464.988
508.74
415.969
244.922
412.971
470.072
359.147
422.735
380.218
412.971
333.599
412.971
412.971
417.723
428.121
362.011
412.971
412.971
531.832
307.427
300.201
288.777
324.591
158.563
412.971
412.971
412.971
543.998
412.971
412.971
441.217
412.971
412.971
521.477
412.971
359.668
412.971
412.971
412.971
449.586
357.697
412.971
144.363
452.422
219.406
478.927
458.54
199.693
412.971
412.971
418.321
412.971
412.971
412.971
412.971
433.052
412.971
273.755
412.971
170.033
412.971
412.971
487.015
452.914
412.971
412.971
412.971
412.971
333.443
412.971
412.971
412.971
556.586
311.53
371.392
561.241
295.681
404.789
412.971
412.884
412.971
412.971
412.971
412.971
358.581
412.971
412.971
228.649
278.987
412.971
354.444
412.971
489.275
412.971
412.971
471.861
412.971
412.971
412.971
412.971
454.207
412.971
412.971
390.385
412.971
455.811
412.971
412.971
374.657
412.971
412.971
412.971
558.433
179.189
412.971
501.514
412.971
412.971
412.971
412.971
412.971
412.971
412.971
57.5579
412.971
412.971
412.971
412.971
412.971
371.754
412.971
599.93
476.847
430.402
469.015
532.188
412.971
412.971
232.285
412.971
412.971
488.556
412.971
412.971
412.971
412.971
422.739
549.219
412.971
521.363
412.971
412.971
455.872
412.971
512.272
412.971
450.431
412.971
412.971
412.971
412.971
412.971
434.745
412.971
331.753
569.407
421.959
213.629
467.307
412.971
199.605
412.971
351.925
356.438
412.971
285.326
419.685
412.971
348.703
216.702
412.971
412.971
412.971
412.971
648.983
412.971
412.971
418.782
298.383
396.975
412.971
443.257
495.794
572.838
572.287
327.251
412.971
412.971
497.494
346.698
412.971
412.971
412.971
412.971
406.862
381.22
412.971
412.971
412.971
412.971
412.971
528.682
412.971
412.971
456.884
332.117
412.971
412.971
412.971
454.09
422.31
412.971
412.971
412.971
412.971
484.975
412.971
412.971
412.971
412.971
403.415
412.971
412.971
431.268
412.971
412.971
479.017
108.475
362.011
454.29
502.189
412.971
412.971
412.971
412.971
597.208
412.971
296.542
106.38
374.912
534.636
359.134
399.601
412.971
313.183
412.971
412.971
329.058
410.516
525.17
383.313
412.971
412.971
190.838
332.724
412.971
412.971
223.91
412.971
412.971
412.971
460.212
365.279
511.348
412.971
512.678
412.971
154.788
395.025
453.594
393.399
412.971
412.971
515.296
412.971
334.812
358.01
463.979
412.971
353.902
412.971
412.971
361.967
412.971
412.971
412.971
412.971
334.73
239.796
412.971
337.988
412.971
412.971
412.971
386.272
439.389
435.151
319.972
465.157
412.971
412.971
596.13
412.971
412.971
412.971
412.971
412.971
412.971
400.068
398.534
151.313
412.971
412.971
412.971
412.971
412.971
412.971
258.092
412.971
412.971
245.467
494.315
406.282
425.482
412.971
587.227
412.971
245.119
382.802
412.971
412.971
412.971
294.87
485.046
382.487
443.264
412.971
412.971
412.971
440.608
267.751
412.971
474.448
589.192
474.988
249.876
518.966
428.509
532.459
412.971
412.971
276.439
318.654
276.127
548.587
412.971
412.971
412.971
412.971
625.41
442.602
319.58
412.971
412.971
412.971
412.971
412.971
288.456
412.971
375.889
412.971
412.971
412.971
649.33
412.971
459.754
439.202
412.971
445.984
412.971
273.473
566.28
424.773
412.971
412.971
412.971
412.971
412.971
412.971
412.971
381.477
412.971
412.971
463.653
412.971
561.683
412.971
412.971
412.971
577.949
411.507
412.971
412.971
320.721
412.971
412.971
318.607
412.971
412.971
412.971
333.13
258.658
412.971
412.971
412.971
444.885
412.971
463.704
452.665
412.971
412.971
412.971
442.099
412.971
498.995
412.971
412.971
412.971
412.971
360.94
243.704
412.971
421.584
412.971
412.971
443.28
412.971
509.915
412.971
412.971
282.467
556.092
412.971
402.08
412.971
421.438
520.498
345.778
143.156
437.846
412.971
412.971
412.971
472.843
412.971
389.589
369.177
412.971
412.971
315.912
377.019
412.971
566.583
383.355
412.971
412.971
316.418
412.971
412.971
412.971
497.949
412.971
460.522
412.971
412.971
412.971
412.971
451.329
273.099
441.975
412.971
412.971
412.971
412.971
412.971
412.971
412.971
422.309
470.189
412.971
412.971
455.423
412.971
412.971
412.971
412.971
412.971
449.979
192.613
412.971
412.971
422.476
266.693
412.971
325.101
412.971
412.971
461.852
412.971
412.971
412.971
412.971
412.971
264.563
412.971
319.376
606.896
609.438
412.971
412.971
549.773
412.971
560.751
518.453
409.956
472.11
419.212
412.971
412.971
518.706
412.971
412.971
387.277
522.914
412.971
287.158
469.328
459.897
412.971
412.971
412.971
412.971
412.971
451.191
412.971
441.306
412.971
412.971
412.971
494.1
412.971
412.971
412.971
327.654
332.136
344.129
412.971
412.971
639.822
331.266
412.971
412.971
494.478
412.971
566.954
412.971
412.971
412.971
412.971
412.971
412.971
170.318
373.14
412.971
585.632
412.971
412.971
524.598
412.971
412.971
412.971
272.77
412.971
462.05
412.971
398.611
264.807
412.971
412.971
412.971
371.849
412.971
412.971
365.901
404.403
412.971
412.971
412.971
412.971
412.971
412.971
412.971
45.3229
412.971
412.971
482.353
532.006
412.971
412.971
285.523
490.616
412.971
412.971
412.971
365.192
432.147
412.971
503.093
645.71
442.562
361.839
271.929
412.971
412.971
394.231
412.971
471.857
412.971
307.382
383.974
392.004
412.971
615.404
455.349
412.971
324.728
412.971
412.971
412.971
658.174
385.943
412.971
412.971
412.971
575.311
448.824
162.754
264.9
412.971
412.971
412.971
457.085
567.08
412.971
181.794
629.478
412.971
412.971
522.42
385.451
431.316
352.321
491.73
493.576
412.971
412.971
412.971
412.971
412.971
412.971
412.971
239.837
412.971
375.923
412.971
352.731
225.285
412.971
312.051
338.366
412.971
412.971
844.698
608.838
412.971
370.665
412.971
384.092
199.618
531.689
514.139
451.864
412.971
403.516
499.508
412.971
412.971
412.971
412.971
217.082
296.563
173.978
412.971
412.971
412.971
555.443
412.971
412.971
278.868
412.971
412.971
412.971
412.971
412.971
406.526
412.971
513.408
412.971
397.04
412.971
204.864
164.464
412.345
412.971
436.904
342.023
412.971
303.179
412.971
277.024
478.893
534.663
412.971
430.287
412.971
496.838
412.971
264.529
412.971
468.111
523.35
181.292
588.121
151.244
412.971
412.971
412.971
412.971
412.971
412.971
412.971
412.971
412.971
380.099
412.971
412.971
412.971
327.455
238.421
417.44
472.296
412.971
278.306
412.971
275.266
412.971
412.971
412.971
412.971
412.971
412.971
350.72
420.92
412.971
412.971
509.275
412.971
412.971
423.096
412.971
439.797
311.688
412.971
412.971
527.433
262.903
412.971
412.971
412.971
516.452
377.103
412.971
412.971
412.971
354.852
412.971
412.971
412.971
404.631
412.971
412.971
412.971
398.775
352.556
412.971
412.971
154.986
412.971
413.644
412.971
412.971
412.971
412.971
412.971
412.971
579.928
412.971
262.957
450.779
376.703
412.971
412.971
249.472
412.971
496.621
470.236
510.981
331.834
412.971
412.971
412.971
559.069
412.971
412.971
518.905
412.971
412.971
314.764
412.971
412.971
479.654
412.971
543.966
475.544
412.971
506.735
412.971
412.971
395.997
415.047
412.971
583.123
412.971
582.013
412.971
602.438
412.971
412.971
412.971
347.11
216.508
412.971
509.953
533.115
432.336
412.971
277.963
336.533
412.971
183.257
412.971
412.971
412.971
412.971
412.971
412.971
412.971
412.971
485.901
459.164
411.607
448.204
452.964
412.971
330.647
412.971
272.088
412.971
412.971
448.388
412.971
412.971
477.259
380.279
412.971
286.825
293.199
412.971
412.971
412.971
412.971
412.971
473.032
412.971
525.827
182.508
412.971
412.971
412.971
412.971
481.702
345.32
412.971
293.353
396.225
412.971
253.444
464.593
412.971
344.659
412.971
412.971
412.971
477.602
412.971
412.971
412.971
412.971
412.971
486.26
412.971
412.971
508.771
384.013
136.48
472.626
314.566
412.971
402.038
532.37
325.095
412.971
412.971
436.384
412.971
455.028
412.971
412.971
412.971
412.971
403.811
566.437
462.951
305.939
412.971
577.226
412.971
412.971
466.568
484.943
301.798
412.971
412.971
412.971
341.648
412.971
412.971
196.123
412.971
106.189
412.971
412.971
412.971
237.512
394.138
338.824
412.971
614.501
386.348
483.646
465.388
412.971
222.298
339.991
412.971
412.971
412.971
413.553
308.222
412.971
390.282
412.971
412.971
362.952
412.971
412.971
412.971
412.971
412.971
319.35
380.033
492.248
412.971
498.421
415.167
412.971
338.707
412.971
412.971
412.971
412.971
507.759
412.971
412.971
412.971
412.971
412.971
412.971
412.971
412.971
441.055
412.971
349.781
412.971
412.971
200.274
412.971
412.971
416.715
387.787
412.971
343.063
313.062
412.971
129.107
412.971
412.971
517.398
438.127
497.231
712.844
412.971
412.971
412.971
412.971
549.246
412.971
412.971
201.084
353.55
446.602
649.49
412.971
335.158
382.449
392.867
232.316
412.971
430.537
477.015
412.971
412.971
412.971
247.337
319.186
412.971
412.971
322.584
404.039
186.047
412.971
412.971
412.971
412.971
247.422
412.971
412.971
498.707
412.971
412.971
412.971
571.967
156.567
275.196
332.928
412.971
419.955
402.296
389.541
412.971
255.435
508.394
412.971
341.323
412.971
500.103
412.971
462.322
412.971
533.585
443.53
412.971
412.971
412.971
412.971
412.971
412.971
412.971
636.669
412.971
412.971
412.971
412.971
147.527
412.971
412.971
267.593
412.971
412.971
417.19
351.473
236.5
473.777
302.333
288.834
372.554
412.971
412.971
412.971
345.695
412.971
412.971
412.971
412.971
412.971
412.971
222.284
449.224
412.971
395.761
503.32
412.971
412.971
412.971
324.655
412.971
216.066
412.971
412.971
295.147
412.971
404.893
183.191
412.971
412.971
393.023
364.117
412.971
412.971
469.148
379.372
412.971
275.117
412.971
412.971
336.502
412.971
450.015
412.971
384.501
412.971
412.971
412.971
412.971
412.971
412.971
614.843
478.256
412.971
290.027
491.406
412.971
371.878
412.971
412.971
634.633
440.667
412.971
412.971
412.971
640.195
412.971
412.971
577.935
412.971
412.971
412.971
412.971
430.468
474.716
521.8
629.825
228.06
475.443
412.971
331.102
343.944
412.971
412.971
412.971
414.652
387.343
412.971
510.957
171.002
412.971
254.127
412.971
412.971
412.971
423.233
412.971
412.971
412.971
431.468
517.057
412.971
412.971
382.16
537.772
412.971
412.971
399.192
412.971
412.971
421.031
412.971
412.971
412.971
412.971
412.971
412.971
412.971
298.057
412.971
329.709
328.281
205.763
412.971
412.971
412.971
412.971
412.971
412.971
499.171
412.971
412.971
412.971
677.555
412.971
412.971
412.971
412.971
412.971
412.971
412.971
270.62
412.971
412.971
412.971
572.981
412.971
412.971
467.088
412.971
515.794
575.579
281.859
482.224
412.971
412.971
412.971
412.971
412.971
412.971
412.971
412.971
558.499
412.971
412.971
417.931
189.452
330.738
128.697
323.687
412.971
412.971
123.459
518.68
412.971
412.971
412.971
447.91
197.149
412.971
439.645
678.733
594.533
205.243
412.971
412.971
412.971
250.883
491.2
412.971
412.971
412.971
412.971
363.392
412.971
267.909
311.958
412.971
412.971
529.288
412.971
412.971
385.155
412.971
412.971
417.175
412.971
412.971
412.971
412.971
412.971
412.971
520.086
412.971
234.476
412.971
412.971
412.971
412.971
494.753
400.189
412.971
412.971
338.333
320.772
412.971
412.971
200.428
276.731
412.971
412.971
549.607
518.23
414.583
450.078
412.971
412.971
443.03
405.492
412.971
293.804
412.971
294.225
340.281
412.971
222.096
412.971
426.963
412.971
251.627
412.971
412.971
310.365
412.971
378.265
412.971
380.528
412.971
272.586
412.971
405.223
444.492
412.971
412.971
422.41
326.489
412.971
412.971
412.971
563.411
412.971
412.971
412.971
230.376
307.845
412.971
197.674
310.667
445.273
457.151
412.971
189.632
344.349
412.971
412.971
131.958
412.971
412.971
552.122
412.971
412.971
395.852
412.971
412.971
329.472
412.971
331.147
397.546
388.403
412.971
392.86
412.971
153.275
583.544
352.787
239.815
495.462
412.971
412.971
259.504
290.623
412.971
412.971
470.979
590.228
412.971
154.567
432.726
421.989
412.971
176.415
453.139
367.944
412.971
224.963
412.971
362.636
416.78
412.971
412.971
453.129
253.887
412.971
426.765
412.971
412.971
510.854
412.971
412.971
415.294
412.971
538.739
412.971
518.026
412.971
412.971
288.776
460.647
172.572
412.971
444.865
412.971
278.184
412.971
357.725
133.182
412.971
557.95
447.475
450.647
412.971
444.987
412.971
412.971
412.971
498.335
466.636
412.971
412.971
412.971
412.971
412.971
412.971
466.506
372.922
412.971
388.41
491.466
412.971
412.971
412.971
412.971
313.438
505.537
497.128
412.971
412.971
412.971
412.971
412.971
520.874
412.971
329.937
412.971
324.822
343.287
302.422
412.971
477.267
412.971
412.971
333.11
412.971
288.32
322.697
412.971
412.971
412.971
412.971
412.971
265.64
412.971
412.971
639.936
273.636
389.283
320.163
565.905
412.971
412.971
271.553
412.971
250.807
412.971
294.994
514.464
467.588
291.223
521.596
412.971
568.21
525.207
412.971
145.778
484.222
380.571
412.971
412.971
395.558
412.971
508.847
412.971
394.021
412.971
472.148
269.768
412.971
561.567
412.971
412.971
412.971
412.971
395.483
412.971
412.971
458.247
412.971
412.971
483.787
412.971
385.22
504.124
613.667
412.971
433.663
412.971
397.167
412.971
527.581
596.889
412.971
412.971
412.971
375.087
412.971
412.971
412.971
412.971
278.543
483.215
372.203
412.971
228.953
327.022
395.032
566.336
412.971
214.492
412.971
339.893
361.236
412.971
412.971
412.971
412.971
412.971
412.971
412.971
360.804
412.971
320.434
412.971
412.971
412.971
412.971
412.971
354.897
412.971
412.971
412.971
412.971
384.368
318.751
265.854
412.971
412.971
478.906
412.971
412.971
203.593
412.971
343.119
412.971
523.923
412.971
327.979
520.497
627.473
412.971
520.034
412.971
360.938
412.971
412.971
412.971
327.291
412.971
412.971
552.947
204.821
412.971
465.429
346.497
412.971
353.398
412.971
356.858
412.971
412.971
488.425
412.971
412.971
414.216
425.652
412.971
412.971
412.971
412.971
412.971
460.556
412.971
540.08
412.971
182.578
412.971
168.563
412.971
281.971
412.971
398.591
344.699
412.971
402.256
339.729
397.585
194.538
412.971
477.493
501.099
483.383
368.659
453.873
412.971
563.693
412.971
412.971
438.618
412.971
412.971
412.971
484.486
412.971
338.988
392.278
412.971
505.884
695.583
412.971
339.341
412.971
412.971
412.971
412.971
412.971
412.971
341.779
412.971
317.217
245.742
412.971
396.176
157.19
440.51
412.971
412.971
412.971
412.971
412.971
231.402
185.617
435.182
373.505
390.603
412.971
412.971
412.971
412.971
412.971
421.213
412.971
412.971
412.971
306.27
437.068
412.971
412.971
412.971
412.971
412.971
412.971
530.715
412.971
412.971
412.971
412.971
279.131
320.099
412.971
468.6
410.768
472.095
347.507
412.971
412.971
382.763
412.971
211.322
245.99
412.971
444.156
412.971
423.931
412.971
397.172
249.957
412.971
412.971
294.104
412.971
412.971
555.377
412.971
227.235
538.07
483.776
451.027
412.971
130.027
412.971
412.971
438.579
194.391
270.948
412.971
386.628
411.012
321.732
412.971
412.971
364.904
412.971
412.971
412.971
374.711
412.971
412.971
412.971
437.705
412.971
412.971
412.971
412.971
412.971
384.176
412.971
412.971
412.971
412.971
521.33
412.971
412.971
412.971
412.971
412.971
412.971
520.838
724.205
412.971
241.674
412.971
412.971
397.845
412.971
412.971
412.971
412.971
412.971
412.971
412.971
412.971
412.971
412.118
352.436
412.971
519.017
430.252
412.971
149.033
248.519
316.066
412.971
600.955
338.432
412.971
412.971
382.077
412.971
441.4
414.25
412.971
506.128
484.557
412.971
381.178
412.971
412.971
412.971
412.971
412.971
412.971
412.971
412.971
412.971
462.915
412.971
176.137
278.313
412.971
412.971
299.51
412.971
412.971
514.305
457.204
412.971
375.649
412.971
412.971
412.971
412.971
412.971
223.956
412.971
488.327
293.178
412.971
412.971
453.703
412.971
451.328
412.971
412.971
412.971
493.003
306.006
412.971
412.971
412.971
140.893
389.609
412.971
412.971
583.514
412.971
289.189
354.384
412.971
487.876
412.971
412.971
536.813
412.971
391.984
412.971
329.548
412.971
263.002
412.971
336.134
412.971
532.66
412.971
208.162
412.971
543.733
486.139
464.386
412.971
449.203
412.971
412.971
412.971
412.971
381.638
412.971
412.971
550.597
412.971
412.971
412.971
412.971
412.971
412.971
412.971
412.971
459.312
307.25
475.131
324.025
289.175
412.971
412.971
412.971
412.971
412.971
238.798
412.971
412.971
412.971
412.971
406.538
540.964
412.971
412.971
412.971
412.971
412.971
534.475
278.274
412.971
412.971
412.971
412.971
412.971
412.971
412.971
412.971
420.029
259.655
432.373
260.989
412.971
506.364
47.3436
412.971
412.971
278.335
412.971
175.382
412.971
412.971
556.632
412.971
450.532
412.971
412.971
412.971
310.196
412.971
412.971
571.915
409.266
412.971
436.51
412.971
394.09
434.72
629.359
412.971
412.971
490.48
412.971
412.971
412.971
412.971
412.971
412.971
412.971
412.971
412.971
139.678
412.971
410.729
412.971
412.971
412.971
412.971
412.971
412.971
477.184
412.971
412.971
412.971
331.466
308.815
412.971
412.971
517.436
495.574
412.971
412.971
412.971
412.971
412.971
412.971
412.971
367.243
609.227
412.971
412.971
412.971
451.907
412.971
412.971
412.971
412.971
412.971
357.047
429.858
502.659
412.971
412.971
412.971
412.971
203.742
217.335
497.245
412.971
323.966
412.971
412.971
412.971
599.457
412.971
326.343
412.971
412.971
431.442
412.971
670
425.583
412.971
506.917
412.971
412.971
412.971
412.971
377.318
488.852
655.102
325.663
412.971
412.971
412.971
545.441
412.971
412.971
412.971
385.581
412.971
412.971
461.877
412.971
504.244
412.971
412.971
412.971
412.971
309.333
412.971
412.971
412.971
286.331
94.0965
412.971
412.971
412.971
412.971
412.971
412.971
412.971
381.108
412.971
412.971
412.971
184.018
412.971
370.648
246.8
448.817
412.971
412.971
412.971
412.971
679.836
412.971
412.971
412.971
412.971
418.769
412.971
578.645
412.971
412.971
412.971
409.979
213.651
412.971
315.287
412.971
412.971
572.741
412.971
412.971
412.971
412.971
412.971
412.971
481.953
490.514
412.971
412.971
189.916
412.971
374.782
569.113
412.971
412.971
412.971
344.759
412.971
291.987
412.971
412.971
412.971
412.971
412.971
412.971
212.185
355.101
412.971
353.251
412.971
412.971
128.582
386.34
297.603
315.581
465.946
470.965
412.971
412.971
412.971
456.263
412.971
412.971
412.971
441.114
412.971
248.223
441.374
412.971
412.971
412.971
384.955
395.553
412.971
420.323
507.617
412.971
412.971
412.971
412.971
389.103
412.971
520.654
449.784
412.971
412.971
396.92
488.149
412.971
416.981
327.169
393.604
469.261
412.971
412.971
412.971
412.971
412.971
412.971
412.971
412.971
412.971
412.971
326.05
510.343
412.971
412.971
297.187
182.349
407.144
412.971
412.971
427.022
412.971
412.971
370.671
531.506
196.209
458.797
519.909
412.971
425.694
408.575
201.46
412.971
517.468
412.971
554.521
405.695
426.989
412.971
370.688
412.971
412.971
301.48
412.971
382.144
412.971
412.971
439.735
412.971
326.027
412.971
412.971
142.981
553.369
412.971
252.383
424.252
412.971
412.971
471.971
476.68
412.971
453.59
412.971
412.971
97.6503
412.971
176.778
473.992
412.971
451.829
391.776
226.919
354.386
412.971
556.403
412.971
412.971
412.971
412.971
412.971
412.971
412.971
412.971
412.971
382.212
412.971
342.068
412.971
175.82
437.8
421.337
412.971
412.971
412.971
490.556
412.971
530.022
412.971
412.971
447.72
412.971
412.971
192.588
412.971
412.971
412.971
240.74
412.971
416.708
504.993
412.971
412.971
481.65
412.971
139.415
412.971
273.83
573.599
270.903
412.971
412.971
412.971
412.971
412.971
412.971
412.971
523.046
505.207
412.971
207.169
412.971
412.971
466.349
412.971
566.686
412.971
412.971
506.268
424.885
412.971
412.971
412.971
412.971
412.971
412.971
412.971
538.765
412.971
408.603
412.971
412.971
450.215
412.971
267.024
412.971
571.673
412.971
84.7202
477.511
412.971
412.971
503.257
431.643
412.971
412.971
365.622
424.544
540.581
303.056
412.971
412.971
264.788
557.682
544.22
396.136
427.56
412.971
412.971
390.735
412.971
412.971
412.971
295.317
377.593
375.188
412.971
412.971
536.478
412.971
412.971
412.971
332.573
472.691
412.971
412.971
415.268
412.971
359.986
594.139
412.971
369.419
552.127
412.971
412.971
452.066
444.928
451.775
412.971
455.153
253.44
412.971
412.971
389.894
453.276
384.01
390.071
338.034
412.971
412.971
412.971
412.971
412.971
412.971
452.812
412.971
508.931
420.136
412.971
412.971
412.971
369.28
278.076
412.971
432.024
474.616
412.971
412.971
351.55
320.539
355.973
322.632
412.971
412.971
412.971
369.959
412.971
550.016
454.425
564.476
412.971
412.971
412.971
530.687
412.971
412.971
483.676
412.971
412.971
412.971
412.971
292.552
331.728
277.693
412.971
412.971
259.009
412.971
443.727
246.319
432.621
420.945
378.634
408.997
412.971
412.971
412.971
284.518
412.971
412.971
535.524
340.986
412.971
290.642
412.971
373.242
376.457
354.189
412.971
393.751
451.677
412.971
412.971
412.971
322.153
412.971
412.971
506.346
412.971
412.971
159.636
412.971
547.037
412.971
412.971
412.971
412.971
420.023
463.998
412.971
574.405
412.971
412.971
313.848
463.588
412.971
486.856
412.971
412.971
224.566
412.971
412.971
412.971
536.249
434.552
178.492
538.009
442.24
412.971
412.971
478.08
376.301
409.527
412.971
374.422
431.646
412.971
412.971
412.971
344.114
412.971
412.971
412.971
412.971
185.245
412.971
412.971
537.74
412.971
320.01
491.974
389.671
259.46
412.971
577.11
412.971
412.971
407.405
412.971
364.553
412.971
412.971
412.971
412.971
504.946
412.971
412.971
274.431
246.563
200.697
525.894
560.47
412.971
338.827
412.971
412.971
384.729
190.679
519.174
412.971
412.971
412.971
437.37
412.971
412.971
412.971
412.971
286.642
412.971
412.971
577.595
412.971
348.193
412.971
412.971
378.148
412.971
509.36
299.033
441.659
412.971
412.971
534.689
412.971
412.971
412.971
412.971
297.827
237.707
179.359
412.971
412.971
514.062
385.402
519.616
453.714
369.554
286.577
294.257
159.962
427.313
379.033
455.12
547.27
412.971
545.036
412.971
536.671
412.971
412.971
401.828
412.971
361.633
373.63
412.971
155.932
412.971
426.909
412.971
412.971
412.971
412.971
490.151
339.727
412.971
412.971
247.218
412.971
185.872
412.971
412.971
408.822
412.971
529.029
412.971
387.667
412.971
412.971
399.769
412.971
510.779
399.467
412.971
412.971
452.625
417.815
412.971
412.971
455.588
412.971
412.971
240.652
412.971
376.851
264.294
441.599
412.971
412.971
588.497
433.082
292.581
412.971
412.971
412.971
85.0411
412.971
412.971
441.913
286.72
412.971
412.971
412.971
415.628
412.971
270.657
412.971
668.416
412.971
412.971
412.971
412.971
162.977
359.029
606.487
509.708
547.235
324.607
488.737
439.629
455.635
366.967
412.971
320.322
498.443
412.971
120.053
412.971
412.971
412.971
412.971
412.971
412.971
412.971
412.971
372.368
412.971
286.796
528.672
412.971
484.42
162.907
412.971
412.971
427.204
412.971
412.971
545.924
478.574
412.971
198.411
330.621
412.971
412.971
412.971
412.971
412.971
332.623
418.617
278.184
326.316
494.771
412.971
374.788
412.971
412.971
433.608
412.971
412.971
412.971
244.588
412.971
412.971
372.998
412.971
375.177
412.971
358.758
119.864
412.971
412.971
549.149
412.971
431.828
329.736
299.177
457.941
320.827
256.384
412.971
412.971
412.971
301.091
412.971
412.971
412.971
300.667
412.971
392.269
412.971
412.971
412.971
179.478
412.971
412.971
412.971
412.971
379.051
412.971
566.545
394.374
412.971
414.861
412.971
428.421
412.971
495.587
546.58
223.208
412.971
208.3
585.354
412.971
412.971
597.356
269.006
412.971
412.971
523.805
412.971
412.971
489.576
412.971
385.004
464.209
345.89
197.076
412.971
412.971
412.971
412.971
412.971
259.882
344.052
412.971
412.971
432.981
412.971
323.039
336.181
412.971
412.971
412.971
412.971
412.971
487.706
412.971
412.971
412.971
376.816
412.971
263.772
449.742
412.971
412.971
412.971
412.971
412.971
447.553
412.971
412.971
412.971
412.971
305.414
412.971
412.971
412.971
412.971
412.971
412.971
513.345
320.532
412.971
412.971
412.971
352.43
412.971
412.971
412.971
351.371
515.018
573.826
412.971
412.971
405.739
412.971
412.971
347.273
577.831
412.971
385.772
373.061
121.037
376.466
460.849
276.434
412.971
412.971
291.154
431.817
332.288
292.027
412.971
459.199
412.971
155.809
412.971
412.971
412.971
364.211
282.558
412.971
439.262
412.971
412.971
431.972
412.971
412.971
443.824
326.145
412.971
468.699
412.971
268.428
427.547
517.134
412.971
511.807
412.971
367.064
412.971
412.971
412.971
412.971
412.971
412.971
412.971
412.971
412.971
412.971
418.66
461.29
412.971
410.723
506.783
412.971
403.516
317.371
412.971
412.971
412.971
522.44
432.986
412.971
412.971
412.971
544.133
444.356
412.971
286.504
199.698
412.971
412.971
412.971
412.971
412.971
433.164
412.971
412.971
489.589
412.971
462.176
424.218
401.68
412.971
443.41
569.841
412.971
412.971
435.371
412.971
412.971
314.319
444.324
412.971
283.004
412.971
304.411
412.971
412.971
412.971
412.971
412.971
422.791
351.135
412.971
412.971
412.971
412.971
412.971
412.971
412.971
412.971
362.073
412.971
412.971
412.971
258.459
282.869
435.709
412.971
412.971
412.971
412.971
207.714
412.971
412.971
424.514
468.184
363.628
412.971
230.609
108.772
412.971
412.971
488.833
412.971
430.789
375.258
413.795
334.623
412.971
412.971
36.9212
412.971
412.971
412.971
363.417
620.651
472.086
391.622
412.971
450.007
412.971
412.971
463.404
412.971
168.416
236.724
412.971
446.187
391.04
412.971
466.551
339.14
321.353
492.927
558.426
431.592
412.971
389.915
281.2
474.093
412.971
365.608
412.971
383.482
412.971
434.348
465.788
412.971
412.971
412.971
416.23
412.971
412.971
412.971
412.971
412.971
412.971
412.971
233.16
412.971
412.971
389.306
412.971
489.869
457.174
412.971
285.894
412.971
408.776
358.149
412.971
437.245
415.586
193.609
456.27
412.971
515.48
448.243
412.971
412.971
142.637
412.971
392.531
90.4424
448.36
412.971
411.078
472.4
412.971
412.971
412.971
426.033
199.387
412.971
412.971
412.971
412.971
395.051
412.971
412.971
412.971
412.971
440.752
192.682
412.971
412.971
412.971
412.971
412.971
412.971
412.971
222.74
412.971
515.779
232.155
391.422
412.971
412.971
412.971
399.424
347.609
386.955
401.294
352.769
412.971
375.345
412.971
445.315
412.971
412.971
412.971
511.131
412.971
412.971
412.971
412.971
542.084
207.712
412.971
412.971
412.971
412.971
412.971
412.971
439.159
412.971
457.116
412.971
542.761
404.284
412.971
592.496
412.971
412.971
412.971
558.528
504.891
403.27
412.971
412.971
301.409
412.971
412.971
483.233
346.049
473.569
412.971
256.692
495.966
512.852
412.971
412.971
412.971
412.971
412.971
412.971
465.519
412.971
412.971
412.971
412.971
394.76
412.971
501.172
557.778
412.971
60.8422
412.971
412.971
412.971
412.971
348.441
412.971
102.689
412.971
412.971
474.111
412.971
146.372
412.971
158.508
393.468
362.49
320.738
412.971
412.971
412.971
350.321
412.971
527.87
412.971
412.971
454.022
412.971
412.971
412.971
474.759
442.598
412.971
412.971
420.174
412.971
412.971
412.971
371.97
412.971
412.971
412.971
412.971
412.971
305.034
274.905
412.971
412.971
412.971
373.265
412.971
226.285
412.971
427.43
412.971
375.749
412.971
367.728
412.971
412.971
520.838
412.971
504.875
412.971
412.971
301.868
367.984
469.81
321.972
412.971
499.164
587.916
412.971
412.971
412.971
412.971
412.971
412.971
412.971
402.716
263.835
412.971
412.971
412.971
412.971
412.971
614.112
634.077
412.971
547.922
412.971
258.491
226.244
412.971
391.865
581.112
319.451
520.668
412.971
412.971
236.096
480.917
412.971
412.971
449.827
412.971
412.971
412.971
412.971
380.608
353.881
412.971
412.971
412.971
537.66
412.971
412.971
492.092
468.296
290.166
412.971
347.823
477.155
459.04
412.971
412.971
364.778
393.261
412.971
412.971
449.349
584.963
462.554
583.799
412.971
412.971
412.971
476.77
412.971
412.971
412.971
528.371
412.971
390.119
412.971
412.971
502.558
380.23
283.991
497.076
256.546
596.98
406.374
412.971
364.741
437.785
404.59
437.438
438.488
412.971
412.971
412.971
412.971
444.087
542.406
412.971
412.971
395.417
412.971
412.971
412.971
412.971
412.971
412.971
412.971
412.971
412.971
412.971
412.971
412.971
412.971
412.971
412.971
352.764
412.971
412.971
412.971
413.714
394.88
232.006
412.971
412.971
412.971
167.596
412.971
484.016
355.958
412.971
529.435
412.971
412.971
412.971
412.971
412.971
412.971
346.2
412.971
412.971
412.971
318.172
335.9
412.971
280.2
412.971
346.617
487.723
412.971
327.515
272.568
149.852
421.085
393.445
412.971
412.971
403.033
568.88
441.848
431.254
448.841
412.971
412.971
412.971
457.774
555.92
177.249
241.012
509.137
181.498
398.424
412.971
344.092
412.971
459.907
449.859
412.971
202.18
415.206
552.792
637.388
469.164
412.971
412.971
412.971
424.894
421.112
412.971
367.369
602.855
384.826
530.969
412.971
412.971
412.971
412.971
412.971
412.971
412.971
412.971
412.971
353.059
251.753
348.015
412.971
273.982
412.971
581.378
567.597
164.948
412.971
412.971
412.971
412.971
613.345
412.971
412.971
389.987
555.598
412.971
334.409
537.36
432.396
495.088
412.971
288.752
412.971
334.383
412.971
440.608
412.971
412.971
343.14
523.413
412.971
412.971
412.971
412.971
413.52
412.971
412.971
628.971
412.971
412.971
412.971
480.373
412.971
412.971
412.971
412.971
506.86
275.442
412.971
412.971
355.53
412.971
412.971
412.971
434.971
412.971
419.18
448.803
412.971
412.971
272.812
412.971
152.682
304.774
412.971
575.087
449.199
412.971
518.064
412.971
412.971
412.971
438.848
412.971
412.971
238.492
328.863
412.971
335.846
358.008
412.971
412.971
412.971
412.971
572.457
412.971
412.971
337.402
412.971
316.963
412.971
153.547
412.971
412.971
371.188
372.305
425.816
412.971
412.971
412.971
412.971
412.971
412.971
412.971
412.971
412.971
513.884
412.971
344.466
336.103
488.657
412.971
412.971
400.664
412.971
288.927
412.971
412.971
412.971
412.971
277.654
412.971
412.971
412.971
412.971
137.855
412.971
412.971
412.971
236.721
398.802
412.971
412.971
412.971
653.983
351.174
412.971
401.195
412.971
412.971
412.971
412.971
440.6
412.971
412.971
210.546
412.971
412.971
412.971
412.971
480.542
412.971
431.668
412.971
347.516
483.738
412.971
412.971
412.971
412.971
412.971
435.667
517.356
412.971
412.971
412.971
412.971
330.317
501.58
381.216
412.971
433.223
484.202
412.971
412.971
412.971
402.947
412.971
334.772
412.971
626.711
412.971
577.868
412.971
412.971
412.971
412.971
419.971
412.971
477.716
210.237
412.971
451.309
272.637
412.971
504.051
412.971
444.034
251.518
412.971
412.971
412.971
537.14
412.971
412.971
262.739
379.858
368.138
368.3
412.971
412.971
412.971
412.971
434.601
484.236
412.971
548.27
412.971
412.971
412.971
412.971
556.386
537.975
412.971
412.971
412.971
422.492
492.672
412.971
412.971
412.971
386.944
412.971
317.037
412.971
420.839
281.868
361.82
305.923
412.971
412.971
370.95
456.135
412.971
459.543
498.131
412.971
476.398
412.971
412.971
423.415
412.971
576.776
412.971
412.971
513.786
412.971
412.971
461.165
347.223
412.971
412.971
412.971
412.971
412.971
412.971
460.492
412.971
412.971
412.971
495.742
412.971
412.971
412.971
412.971
317.906
412.971
412.971
412.971
412.971
505.11
399.945
412.971
412.971
412.971
412.971
486.505
412.971
387.088
412.971
317.796
412.971
412.971
412.971
412.971
193.513
412.971
412.971
312.717
412.971
596.687
384.45
359.179
344.385
412.971
380.712
555.487
412.971
412.971
412.971
326.231
482.563
412.971
412.971
429.808
412.971
412.971
412.971
378.158
412.971
267.701
330.548
412.971
318.187
415.269
412.971
412.971
291.087
384.865
288.573
490.336
412.971
392.88
412.971
412.971
412.971
412.971
412.971
412.971
412.971
412.971
412.971
412.971
496.738
412.971
646.906
412.971
521.398
477.498
114.232
612.016
412.971
460.818
305.737
412.971
412.971
216.784
412.971
213.707
545.758
412.971
412.971
412.971
144.544
412.971
412.971
482.743
252.317
403.773
412.971
412.971
362.862
412.484
412.971
412.971
212.581
276.413
412.971
412.971
412.971
471.242
412.971
412.971
412.971
496.932
415.01
429.314
449.903
412.971
556.079
283.766
535.676
469.423
412.971
277.758
412.971
357.549
412.971
358.226
337.866
328.565
412.971
250.132
412.971
208.214
412.971
412.971
564.106
412.971
412.971
412.971
412.971
208.072
425.866
436.998
481.592
430.639
412.971
412.971
412.971
490.479
412.971
412.971
489.751
412.971
445.419
421.034
412.971
412.971
541.563
476.127
412.971
412.971
300.121
664.819
319.239
380.809
675.737
412.971
412.971
366.149
299.739
412.971
412.971
108.687
140.64
412.971
440.072
412.971
412.971
412.971
412.971
418.71
159.46
335.008
332.565
412.971
412.971
412.971
377.163
412.971
412.971
532.064
412.971
412.971
337.361
406.141
557.292
526.686
412.971
412.971
412.971
412.971
412.971
253.304
412.971
412.971
412.971
412.971
412.971
300.483
412.971
375.561
412.971
412.971
412.971
412.971
527.47
412.971
412.971
465.207
412.971
412.971
412.971
412.971
412.971
465.464
412.971
174.459
412.971
580.367
412.971
425.51
360.833
412.971
412.971
412.971
485.273
412.971
412.971
412.971
349.106
412.971
412.971
412.971
412.971
412.971
424.299
412.971
608.99
412.971
412.971
317.682
412.971
412.971
412.971
610.018
412.971
348.981
412.971
412.971
141.129
382.853
412.971
412.971
505.178
412.971
257.194
582.53
414.751
221.046
164.488
412.971
412.971
179.344
458.41
412.971
412.971
361.386
412.971
412.971
237.425
412.971
240.148
176.198
412.971
412.971
412.971
462.571
412.971
399.961
318.634
412.971
412.971
412.971
150.027
449.795
412.971
79.7769
412.971
412.971
412.971
109.131
436.055
412.971
412.971
412.971
412.971
543.886
435.579
412.971
412.971
412.971
525.724
412.971
444.761
277.161
560.049
412.971
74.5963
363.704
504.568
224.82
355.934
412.971
384.467
412.971
412.971
412.971
412.971
412.971
183.293
412.971
212.176
221.117
632.183
412.971
526.314
412.971
412.971
293.413
412.971
276.19
412.971
412.971
412.971
412.971
558.909
412.971
168.966
412.971
280.595
361.112
412.971
412.971
371.027
412.971
412.971
380.422
411.939
412.971
509.313
412.971
321.331
412.971
412.971
153.861
160.053
452.16
412.971
309.538
305.589
426.159
458.72
491.861
412.971
412.971
412.971
429.371
412.971
364.573
437.157
466.191
412.971
412.971
400.642
412.971
402.59
412.971
410.203
350.879
412.971
593.497
412.971
412.971
412.971
440.139
367.132
412.971
394.782
412.971
412.971
355.401
329.805
412.971
412.971
299.648
412.971
412.971
412.971
412.971
412.971
311.094
412.971
412.971
412.971
436.366
262.351
490.409
412.971
412.971
531.406
426.694
412.971
412.971
441.814
379.686
412.971
412.971
476.023
335.436
412.971
361.164
412.971
461.965
239.191
512.675
552.617
502.698
412.971
412.971
412.971
158.206
337.202
259.634
412.971
412.971
496.719
412.971
412.971
626.271
205.878
412.971
412.971
375.829
412.971
504.754
412.971
412.971
242.05
412.971
412.971
284.857
412.971
412.971
405.679
412.971
412.971
460.873
592.942
412.971
497.443
584.18
430.329
345.877
477.689
493.253
412.971
461.391
412.971
455.568
412.971
412.971
412.971
685.836
412.971
412.971
412.971
368.853
557.223
412.971
412.971
412.971
410.762
412.971
186.74
438.713
346.66
397.679
412.971
505.503
412.971
264.039
267.155
380.775
443.385
412.971
371.977
517.19
265.161
412.971
412.971
412.971
412.971
412.971
412.971
563.118
412.971
499.695
492.97
412.971
562.356
545.965
412.971
412.971
412.971
447.908
412.971
412.971
412.971
498.496
566.281
412.971
412.971
465.09
412.971
412.971
514.844
419.625
412.971
412.971
91.8669
412.971
412.971
357.347
412.971
317.048
401.323
412.971
412.971
412.971
412.971
383.179
442.872
75.7179
419.714
403.825
297.975
296.736
438.671
412.971
506.584
283.046
412.971
412.971
412.971
412.971
412.971
325.627
508.455
412.971
387.588
412.971
412.971
412.971
412.971
278.313
412.971
581.224
118.079
412.971
373.563
412.971
424.815
412.971
412.971
373.885
412.971
412.971
412.971
412.971
263.431
346.943
463.915
412.971
412.971
412.971
412.971
412.971
412.971
412.971
412.971
412.971
313.555
412.971
505.234
226.098
564.246
412.971
412.971
458.626
406.194
87.7487
548.855
326.602
520.451
401.576
558.86
267.799
412.971
412.971
412.971
425.2
376.109
373.255
412.971
356.249
412.971
358.721
422.863
412.971
412.971
263.579
412.971
595.416
412.971
548.119
337.44
548.405
412.971
412.971
412.971
412.971
380.137
412.971
412.971
321.273
355.566
312.872
412.971
412.971
412.971
309.076
412.971
412.971
510.497
303.191
483.982
434.535
447.178
361.43
555.676
412.971
501.923
425.368
412.971
412.971
639.952
412.971
339.812
402.195
412.971
412.971
484.685
244.791
412.971
509.182
412.971
378.17
489.659
412.971
412.971
412.971
303.876
412.971
341.307
412.971
412.971
656.824
412.971
618.477
293.201
329.468
559.484
505.464
357.272
535.048
412.971
412.971
352.323
412.971
253.335
374.28
412.971
314.37
412.971
412.971
412.971
412.971
412.971
481.26
332.107
428.776
491.051
436.293
414.93
412.971
499.63
544.784
375.315
308.655
299.86
510.487
412.971
412.971
412.971
412.971
412.971
412.971
368.143
412.971
278.689
408.545
412.971
412.971
412.971
381.491
254.017
412.971
283.05
157.348
412.971
519.376
401.281
412.971
412.971
376.134
412.971
442.102
412.971
412.971
453.602
257.196
581.387
441.66
412.971
461.659
412.971
525.863
412.971
412.971
477.321
412.971
412.971
412.971
412.971
412.971
417.179
412.971
412.971
412.971
297.105
412.971
412.971
412.971
386.495
412.971
391.311
461.567
412.971
483.478
141.833
412.971
445.31
409.225
366.037
412.971
412.971
412.971
412.971
412.971
412.971
412.971
239.402
412.296
510.332
412.971
412.971
412.971
412.971
431.401
419.638
333.978
365.769
412.971
485.532
514.147
412.971
412.971
319.164
467.833
407.194
412.971
499.246
412.971
271.257
412.971
436.831
514.073
412.971
412.971
414.944
329.386
412.971
412.971
412.971
412.971
412.971
694.546
491.508
445.736
286.833
498.846
412.971
187.986
457.878
473.915
470.262
271.19
590.273
412.971
393.53
412.971
412.971
685.66
149.944
412.971
405.485
412.971
385.41
412.971
342.021
412.971
476.208
412.971
670.509
287.87
412.971
412.971
412.971
412.971
298.183
412.971
412.971
412.971
412.971
412.971
362.075
412.971
485.802
403.869
412.971
339.291
241.626
412.971
412.971
376.548
412.971
283.286
330.727
412.971
412.971
412.971
412.971
412.971
412.971
412.971
412.971
538.371
412.971
322.519
412.971
412.971
313.124
412.971
412.971
412.971
213.177
232.311
412.971
412.971
412.971
412.971
412.971
412.971
412.971
412.971
434.963
391.316
412.971
412.971
310.481
488.513
412.971
412.971
412.971
347.371
471.901
163.175
412.971
550.525
412.971
412.971
412.971
423.061
412.971
423.196
412.971
412.971
389.451
412.971
206.533
347.935
412.971
412.971
542.815
412.971
412.971
412.971
352.559
178.468
412.971
412.971
371.595
502.029
412.971
412.971
412.971
412.971
523.709
349.488
336.338
412.971
412.971
412.971
166.735
483.033
353.818
412.971
412.971
412.971
471.194
412.971
412.971
412.971
348.268
446.485
412.971
412.971
412.971
412.971
401.958
412.971
412.971
277.995
293.112
254.042
412.971
265.809
274.38
412.971
327.785
405.796
412.971
568.988
412.971
412.971
412.971
462.535
237.739
412.971
412.971
317.334
412.971
337.405
412.971
412.971
488.847
469.858
546.875
533.183
412.971
412.971
172.529
484.686
412.971
412.971
461.309
430.391
552.797
412.971
412.971
412.971
429.527
285.212
538.427
306.624
412.971
412.971
439.877
412.971
412.971
412.971
412.971
325.953
402.068
464.669
412.971
412.971
645.536
412.971
283.971
412.971
381.36
412.971
412.971
400.309
423.836
412.971
284.051
412.971
412.971
412.971
412.971
490.996
412.971
642.724
412.971
412.971
214.945
352.82
516.514
412.971
412.971
412.971
453.381
266.367
298.813
412.971
412.971
412.971
458.791
348.968
489.692
485.52
412.971
412.971
368.938
412.971
412.971
412.971
352.428
412.971
412.971
388.966
303.686
410.044
416.016
412.971
246.614
412.971
451.087
412.971
412.971
412.971
524.096
412.971
228.852
526.003
536.115
441.422
412.971
387.644
412.971
452.352
412.971
435.823
456.51
412.971
412.971
622.262
377.631
192.427
412.971
448.176
540.607
323.625
412.971
392.262
412.971
412.971
412.971
412.971
412.971
412.971
412.971
245.131
384.883
398.933
478.61
369.886
412.971
412.971
554.637
452.495
412.971
197.364
412.971
412.971
551.037
507.138
497.982
414.985
443.592
744.64
412.971
412.971
252.676
412.971
412.971
238.667
412.971
434.33
323.055
407.514
384.964
412.971
412.971
412.971
412.971
394.347
265.014
452.533
401.818
412.971
412.971
412.971
325.336
158.597
465.287
388.167
352.495
412.971
508.725
363.361
412.971
156.206
412.971
412.971
412.971
412.971
481.695
412.971
412.971
492.841
555.889
497.372
339.817
412.971
534.71
412.971
461.13
333.433
412.971
412.971
412.971
519.901
412.971
412.971
294.557
369.031
412.971
412.971
346.469
412.971
406.666
391.5
368.592
453.697
412.971
537.318
303.24
485.858
412.971
415.184
412.971
485.422
153.74
412.971
412.971
412.971
269.503
412.971
531.39
412.971
412.971
493.903
412.971
399.213
412.971
412.971
412.971
412.971
412.971
553.05
410.864
412.971
412.971
151.172
127.123
412.971
412.971
320.808
265.451
412.971
412.971
412.971
412.971
208.766
429.683
667.354
467.39
412.971
412.971
546.498
412.971
242.309
385.71
412.971
412.971
375.325
290.159
412.971
412.971
412.971
412.971
573.866
412.971
412.971
412.971
412.971
412.971
325.674
438.895
412.971
392.234
412.971
508.283
436.482
347.465
412.971
412.971
394.77
412.971
272.488
416.824
565.378
412.971
345.096
500.349
412.971
412.971
369.781
412.971
412.971
412.971
412.971
412.971
534.369
160.612
410.862
412.971
292.442
412.971
412.971
412.971
412.971
412.971
412.971
412.971
295.139
412.971
523.144
544.352
536.279
632.163
412.971
411.939
471.759
94.7874
392.857
412.971
412.971
412.971
412.971
332.454
412.971
412.971
578.802
416.968
412.971
412.971
230.045
412.971
412.971
412.971
412.971
412.971
412.971
476.048
412.971
400.004
423.381
362.826
412.971
373.947
412.971
412.971
412.971
412.971
379.311
412.971
340.138
412.971
412.971
212.486
387.915
573.829
319.768
412.971
412.971
412.971
412.971
529.091
234.592
412.971
412.971
412.971
436.549
466.694
444.308
412.971
412.971
161.835
402.307
412.971
411.553
412.971
412.971
411.814
194.438
412.971
403.254
412.971
412.971
412.971
412.971
212.873
608.033
412.971
412.971
501.313
412.971
573.381
358.352
412.971
412.971
251.816
465.66
312.961
412.971
412.971
412.971
412.971
412.971
412.971
472.973
345.331
241.328
412.971
412.971
506.71
432.582
565.089
352.75
412.971
309.522
412.971
412.971
412.971
412.971
412.971
412.971
215.638
277.392
232.809
412.971
334.11
412.971
727.634
412.971
412.971
412.971
412.971
438.132
412.971
622.24
412.971
310.704
396.457
393.008
412.971
412.971
412.971
412.971
412.971
364.638
46.1563
560.848
466.194
411.792
580.851
412.971
412.971
263.365
217.906
413.361
412.971
412.971
412.971
379.732
293.646
412.971
412.971
412.971
388.162
412.971
412.971
122.867
307.149
412.971
535.333
362.965
559.068
422.337
392.606
524.849
518.241
412.971
412.971
481.877
412.971
366.862
412.971
412.971
412.971
543.043
412.971
447.74
412.971
412.971
562.374
317.126
530.76
412.971
463.443
412.971
438.27
412.971
451.139
437.94
412.971
405.619
481.024
412.971
385.234
315.104
412.971
324.606
412.971
470.893
412.971
332.65
337.896
368.259
412.971
491.857
412.971
412.971
412.971
412.971
411.546
412.971
494.099
495.601
412.971
412.971
412.971
412.971
412.971
320.267
412.971
412.971
412.971
529.374
412.971
412.971
412.971
412.971
553.523
202.39
385.004
392.1
412.971
412.971
452.269
412.971
540.754
506.569
337.815
412.971
684.662
412.971
435.735
412.971
412.971
260.001
366.801
412.971
460.36
412.971
412.971
412.971
199.585
412.971
412.971
331.439
412.971
412.971
412.971
412.971
412.971
359.447
412.971
412.971
412.971
412.971
412.971
223.37
585.794
358.131
412.971
412.971
363.857
412.971
412.971
412.971
412.971
363.347
412.971
412.971
412.971
449.479
412.971
412.971
108.672
412.971
412.971
412.971
496.402
412.971
179.1
412.971
412.971
570.649
343.139
412.971
412.971
412.971
412.971
343.549
412.971
526.44
261.41
412.971
412.971
412.971
412.971
412.971
412.971
328.595
637.147
412.971
412.971
412.971
231.358
412.971
412.971
412.971
412.971
412.971
412.971
412.971
413.778
412.971
412.971
412.971
363.927
412.971
412.971
466.565
412.971
412.971
287.752
412.971
506.489
412.971
568.187
243.93
233.888
422.79
728.788
412.971
580.002
412.971
396.407
500.452
412.971
537.649
356.381
350.752
450.597
398.132
239.631
178.711
302.624
412.971
355.215
412.971
471.17
236.285
431.566
334.661
602.534
412.971
412.971
382.006
390.217
412.971
412.971
412.971
412.971
502.259
412.971
412.971
309.774
412.971
591.783
412.971
513.605
412.971
412.971
412.971
412.971
412.971
412.971
412.971
412.971
440.31
412.971
412.971
412.971
451.535
542.802
412.971
316.211
425.442
412.971
412.971
412.971
412.971
525.882
412.971
364.139
418.806
386.79
478.635
412.971
412.971
493.741
412.971
497.589
412.971
546.542
412.971
412.971
412.971
412.971
516.541
412.971
412.971
532.521
412.971
412.971
453.26
412.971
412.971
412.971
412.971
465.317
412.971
419.943
510.332
412.971
412.971
412.971
275.957
412.971
489.505
490.849
373.718
250.267
412.971
412.971
412.971
412.971
258.399
412.971
412.971
412.971
284.732
412.971
500.426
558.846
412.971
466.457
412.971
412.971
516.487
554.15
412.971
412.971
412.971
238.082
412.971
412.971
404.702
412.971
412.971
412.971
412.971
412.971
412.971
412.971
448.142
164.204
412.971
412.971
412.971
412.971
368.709
412.971
412.971
409.624
598.627
190.395
412.971
412.971
412.971
412.971
518.955
452.157
295.308
412.971
412.971
365.837
390.4
423.217
412.971
412.971
412.971
468.741
213.295
295.477
412.971
485.94
412.971
412.971
414.145
412.971
412.971
579.501
499.711
434.278
552.362
398.705
297.828
412.971
412.971
465.781
412.971
344.119
412.971
412.971
412.971
211.46
412.971
412.971
339.039
412.971
412.971
515.373
57.555
412.971
412.971
412.971
412.971
538.892
412.971
412.971
412.971
412.971
151.377
344.154
412.971
361.001
277.039
428.849
412.971
393.461
572.008
394.394
572.759
412.971
282.157
497.833
412.971
412.971
412.971
412.971
412.971
412.971
429.553
412.971
487.181
412.971
203.795
412.971
580.025
412.971
217.386
412.971
412.971
412.971
412.971
412.971
412.971
412.971
306.962
412.971
412.971
391.838
431.656
412.971
590.335
412.971
412.971
412.971
271.522
337.756
363.551
480.685
412.971
332.924
412.971
412.971
557.513
262.78
412.971
412.971
414.62
101.562
412.971
412.971
412.971
371.801
412.971
352.581
317.211
415.177
412.971
412.971
352.48
597.009
176.96
412.971
377.049
412.971
412.971
412.971
491.331
351.224
412.971
412.971
412.971
220.182
417.123
412.971
362.49
412.971
412.971
412.971
392.393
412.971
412.971
412.971
412.971
412.971
140.186
412.971
326.952
412.971
555.776
412.971
412.971
412.971
412.971
412.971
412.971
412.971
551.928
412.971
356.535
412.971
412.971
412.971
412.971
482.542
412.971
579.269
291.583
412.971
412.971
412.971
390.308
349.69
412.971
149.245
323.544
412.971
341.274
412.971
412.971
412.971
412.971
412.971
412.971
412.971
207.973
509.692
379.528
412.971
388.631
284.671
385.359
466.379
412.971
412.971
121.29
412.971
382.748
420.353
527.689
540.352
412.971
651.72
412.971
525.621
548.848
577.851
98.4006
412.971
412.971
402.869
508.365
412.971
412.971
189.699
412.971
412.971
470.017
412.971
440.027
92.8686
412.971
412.971
513.034
412.971
412.971
393.65
412.971
412.971
412.971
412.971
412.971
412.971
412.971
520.143
299.413
412.971
412.971
412.971
412.971
412.971
412.971
445.884
412.971
212.06
412.971
412.971
412.971
322.855
191.144
412.971
412.971
389.038
412.971
179.042
412.971
147.798
400.175
412.971
412.971
412.971
170.788
550.121
412.971
537.349
432.299
324.738
412.971
412.971
258.944
437.994
254.583
412.971
412.971
276.632
437.462
371.961
412.971
335.671
485.117
412.971
412.971
412.971
548.32
412.971
412.971
412.971
412.971
412.971
412.971
412.971
412.971
412.971
471.685
412.971
412.971
468.007
412.971
412.971
222.267
343.415
289.711
280.642
308.907
412.971
412.971
412.971
241.637
400.442
139.498
345.766
181.702
412.971
412.971
412.971
412.971
412.971
361.326
634.571
412.971
412.971
412.971
485.429
412.971
357.571
412.971
516.205
412.971
417.071
412.971
412.971
557.673
412.971
402.358
412.971
412.971
432.466
412.971
412.971
453.755
614.73
594.619
333.58
412.971
405.767
217.869
401.562
340.603
412.971
361.867
412.971
462.9
412.971
495.499
412.971
412.971
715.754
485.754
412.971
271.208
152.656
471.979
398.574
311.704
565.859
348.123
412.971
412.971
412.971
412.971
412.971
486.736
412.971
412.971
530.206
382.878
443.901
465.872
454.679
412.971
404.899
412.971
412.971
494.781
412.971
412.971
412.971
494.409
412.971
412.971
412.971
394.242
412.971
397.846
407.334
412.971
459.778
282.51
412.971
412.971
412.971
412.971
426.864
412.971
419.344
408.116
603.936
412.971
306.018
412.971
422.109
304.424
412.971
412.971
411.504
452.992
412.971
533.281
116.616
395.238
425.917
412.971
415.275
412.971
412.971
346.714
566.196
412.971
412.971
412.971
213.663
412.971
412.971
412.971
412.971
420.873
412.971
412.971
459.562
143.974
412.971
513.116
412.971
412.971
493.945
477.636
412.971
412.971
412.971
224.131
376.361
412.971
412.971
506.456
412.971
429.732
534.703
302.952
412.971
412.971
298.323
408.016
324.52
295.95
412.971
508.879
394.609
412.971
412.971
412.971
412.971
465.275
412.971
412.971
412.971
412.971
412.971
412.971
412.971
360.346
412.971
412.971
504.925
412.971
360.699
412.971
412.971
412.174
550.944
277.009
412.971
412.971
412.133
412.971
412.971
257.337
412.971
233.707
412.971
412.971
299.59
412.971
412.971
538.13
412.971
286.815
412.971
412.971
412.971
430.449
412.971
425.524
412.971
671.798
412.971
412.971
412.971
307.088
412.971
412.971
412.971
412.971
692.127
392.787
412.971
412.971
388.323
339.43
420.127
329.921
412.971
412.971
359.149
412.971
412.971
506.665
412.971
412.971
412.971
412.971
412.971
179.759
360.294
412.971
464.834
412.971
389.236
412.971
296.078
412.971
476.046
412.971
312.734
412.971
412.971
412.971
187.006
425.291
180.559
412.971
612.399
412.971
342.644
384.266
412.971
412.971
412.971
412.971
321.766
749.36
412.971
412.971
412.971
412.971
412.971
412.971
309.115
219.778
332.506
412.971
412.971
412.971
393.175
412.971
412.971
211.641
412.971
338.753
533.932
382.619
431.327
507.58
524.348
412.971
412.971
495.647
454.474
412.971
412.971
338.971
412.971
363.169
245.456
412.971
412.971
412.971
370.054
606.291
419.168
412.971
435.654
412.971
453.786
412.971
359.401
307.973
412.971
412.971
412.971
412.971
486.837
326.36
412.971
300.661
412.971
412.971
405.497
412.971
412.971
415.148
613.962
412.971
412.971
493.062
466.101
412.971
412.971
287.964
412.971
45.9687
259.62
412.971
412.971
583.269
412.971
412.971
181.076
412.971
421.364
412.971
412.971
333.646
412.971
412.971
386.733
136.244
563.733
412.971
502.32
477.896
179.422
648.642
181.406
412.971
294.249
337.542
412.971
412.971
412.971
436.844
412.971
412.971
412.971
412.971
412.971
353.734
396.309
391.601
412.971
350.126
412.971
412.971
467.543
412.971
412.971
230.925
373.553
566.842
412.971
342.049
412.971
412.971
412.971
412.971
560.493
412.971
424.341
412.971
618.832
412.971
333.537
412.971
523.208
412.971
412.971
412.971
464.008
461.337
412.971
412.971
646.15
558.335
412.971
337.928
214.927
412.971
428.464
412.971
183.681
412.971
412.971
412.971
356.405
412.971
446.986
412.971
183.829
375.881
412.971
520.494
575.924
174.18
302.316
412.971
412.971
463.168
453.317
508.31
412.971
412.971
511.551
447.375
413.705
412.971
437.787
480.853
412.971
261.17
437.99
412.971
412.971
412.971
359.232
298.954
412.971
412.971
412.971
403.915
412.971
412.971
412.971
412.971
537.462
412.971
311.395
503.538
412.971
412.971
412.971
519.71
412.971
262.961
594.813
553.28
412.971
361.996
490.646
412.971
412.971
311.62
491.198
186.992
423.803
412.971
432.493
412.971
333.56
412.971
412.971
412.971
412.971
550.529
412.971
328.767
412.971
412.971
320.559
412.971
458.59
248.229
412.971
412.971
412.971
412.971
412.971
555.877
631.034
412.971
412.971
412.971
655.55
430.188
412.971
412.971
515.833
414.214
412.971
412.971
412.971
304.481
412.971
412.971
199.009
412.971
412.971
412.971
412.971
412.971
412.971
292.602
412.971
438.208
493.433
412.971
412.971
412.971
412.971
412.971
412.971
412.971
549.262
376.806
412.971
412.971
412.971
354.457
412.971
412.971
412.971
390.423
412.971
412.971
419.535
358.825
412.971
412.971
412.971
412.971
467.441
412.971
412.971
412.971
412.971
304.991
412.971
412.971
412.971
238.441
346.793
304.202
412.971
402.7
514.564
412.971
332.637
412.971
484.333
429.129
412.971
412.971
412.971
399.166
322.129
412.971
412.971
412.971
412.971
600.137
412.971
412.971
412.971
339.925
398.803
412.971
704.831
270.818
412.971
412.971
412.971
377.879
366.688
412.971
412.971
412.971
394.187
412.971
412.971
523.735
412.971
412.971
202.381
412.971
425.025
549.27
412.971
462.318
412.971
243.461
412.971
297.836
548.568
412.971
412.971
412.971
412.971
346.941
412.971
412.971
314.719
412.971
266.167
412.971
412.971
412.971
402.459
394.763
363.794
242.758
361.199
412.971
412.971
530.863
412.971
412.971
367.897
412.971
412.971
427.545
412.971
485.568
412.971
433.151
220.92
295.061
412.971
412.971
260.239
420.06
435.322
483.908
412.971
412.971
412.971
412.971
412.971
412.971
366.373
412.971
382.282
412.971
250.466
412.971
412.971
412.971
412.971
412.971
397.078
412.971
412.971
146.544
412.971
394.205
498.066
412.971
447.975
437.878
672.667
330.306
412.971
412.971
412.971
412.383
412.971
491.024
339.535
412.971
412.971
412.971
412.971
412.971
412.971
412.971
401.014
413.125
412.971
412.971
412.971
305.191
412.971
464.402
412.971
335.716
412.971
412.971
412.971
492.11
412.971
454.22
412.971
221.392
412.971
379.486
412.971
525.774
412.971
412.971
412.971
412.971
386.339
412.971
412.971
394.061
335.342
458.003
412.971
412.971
304.644
412.971
209.762
363.48
477.76
448.914
207.936
496.403
527.695
412.971
412.971
412.971
486.154
441.652
412.971
412.971
394.488
183.895
412.971
409.206
569.698
412.971
412.971
412.971
412.971
526.171
412.971
412.971
338.052
412.971
395.508
412.971
466.341
412.971
412.971
412.971
434.338
432.295
467.501
412.971
412.971
307.691
412.971
412.971
441.052
421.723
465.099
466.475
412.971
412.971
354.108
396.8
412.971
412.971
412.971
332.791
412.971
412.971
412.971
556.287
412.971
412.971
412.971
312.431
412.971
412.971
412.971
296.059
412.971
353.295
639.996
361.009
372.631
412.971
412.971
412.971
445.948
412.971
449.327
373.212
292.727
434.205
412.971
412.971
412.971
341.327
412.971
290.672
559.166
457.654
412.971
412.454
540.525
429.917
412.971
412.971
412.971
362.693
336.481
412.971
412.971
412.971
412.971
412.971
466.654
412.971
463.373
340.491
226.571
573.835
412.971
381.462
412.971
412.971
412.971
400.557
323.603
234.909
493.941
412.971
412.971
325.837
412.971
538.94
338.243
472.589
412.971
412.971
412.971
632.112
302.87
412.971
412.971
412.971
412.971
412.971
255.448
412.971
366.307
347.043
537.396
412.971
412.971
412.971
412.971
566.832
472.028
412.971
412.971
370.457
405.542
483.471
498.498
412.971
384.822
412.971
412.971
412.971
414.92
412.971
412.971
286.092
412.971
412.971
412.971
482.545
412.971
412.971
417.269
412.971
345.365
517.602
485.925
412.971
412.971
632.364
412.971
412.971
412.971
287.446
412.971
412.971
84.8576
412.971
472.068
412.971
429.927
584.266
499.193
510.639
412.971
563.349
412.971
291.974
412.971
412.971
412.971
412.971
412.971
412.971
412.971
575.679
399.632
334.243
412.971
412.971
496.015
412.971
228.455
167.662
269.855
475.88
412.971
412.971
256.17
156.806
412.971
412.971
412.971
412.971
412.971
412.971
412.971
412.971
236.214
485.33
412.971
462.18
542.185
341.017
464.175
412.971
498.716
439.588
459.144
412.971
545.831
242.921
412.971
498.548
412.971
412.971
412.971
412.971
412.971
370.243
412.971
412.971
412.971
478.566
571.596
220.125
412.971
412.971
433.058
412.971
449.951
485.265
412.971
362.563
400.111
412.971
315.416
304.925
412.971
298.229
414.798
340.994
412.971
306.783
412.971
708.953
391.247
412.971
412.971
614.583
412.971
189.047
685.479
371.758
412.971
412.971
412.971
412.971
412.971
273.949
434.093
412.971
412.971
412.971
412.971
412.971
412.971
393.824
412.971
390.01
449.367
412.971
65.292
412.971
562.431
412.971
345.069
412.971
365.157
412.971
412.971
412.971
566.779
412.971
412.971
412.971
412.971
412.971
390.746
412.971
412.971
412.971
228.833
411.145
412.971
321.644
410.566
412.971
391.564
412.971
481.954
412.971
422.913
408.832
412.971
412.971
412.971
335.064
312.584
549.335
444.101
412.971
412.971
412.971
412.971
412.971
412.971
412.971
623.491
412.971
412.971
538.289
412.971
412.971
412.971
412.971
412.971
501.77
412.971
412.971
412.971
230.266
412.971
573.541
534.14
412.971
463.615
515.128
433.154
412.971
412.971
412.971
404.462
412.971
567.327
412.971
412.971
520.686
331.076
393.498
386.461
412.971
145.432
412.971
359.237
412.971
613.502
412.971
412.971
333.695
344.152
388.978
412.971
412.971
150.281
527.094
412.971
505.746
602.281
412.971
412.971
465.608
412.971
412.971
351.656
412.971
412.971
450.898
412.971
550.618
412.971
412.971
412.971
171.025
412.971
412.971
412.971
412.971
132.154
412.971
266.667
412.971
300.322
412.971
437.128
213.046
306.87
392.651
412.971
412.971
412.971
329.836
412.971
412.971
412.971
412.971
412.971
348.419
329.622
412.971
412.971
412.971
321.197
412.971
412.971
412.971
412.971
412.971
412.971
431.998
689.22
412.971
412.971
412.971
412.971
412.971
412.971
511.756
412.971
211.922
412.971
412.971
297.642
412.971
412.971
412.971
412.971
412.971
557.679
412.971
412.971
472.299
272.181
412.971
412.971
412.971
412.971
412.971
412.971
412.971
514.947
391.49
264.754
412.971
412.971
487.745
444.575
412.971
412.971
548.462
432.297
430.733
459.219
481.81
561.055
517.159
443.937
412.971
412.971
412.971
412.971
412.971
412.971
412.971
147.033
412.971
412.971
392.337
412.971
412.971
412.971
409.95
412.971
412.971
412.971
184.618
412.971
412.971
292.712
412.971
412.971
517.315
412.971
412.971
412.971
412.971
421.026
202.919
412.971
412.971
274
431.976
412.971
137.942
399.751
490.701
438.351
452.318
534.95
412.971
412.971
302.496
412.971
328.831
412.971
514.938
412.971
412.971
440.439
449.539
412.971
412.971
412.971
400.69
354.991
412.971
412.971
412.971
412.971
297.467
352.578
412.971
412.971
307.996
526.16
446.855
257.648
457.507
412.971
468.866
412.971
498.856
412.971
412.971
571.566
412.971
336.204
336.788
412.971
412.971
412.971
412.971
412.971
412.971
412.971
412.971
412.971
412.971
195.082
412.971
412.971
412.971
581.185
369.153
428.61
412.971
412.971
412.971
276.562
518.469
229.367
412.971
412.971
412.971
412.971
401.967
549.076
412.971
412.971
412.971
425.862
412.971
412.971
492.074
412.971
348.086
412.971
412.971
235.556
482.998
468.715
412.971
179.349
412.971
396.688
550.886
412.971
412.971
412.971
412.971
412.971
412.971
268.848
414.725
442.155
561.158
412.971
412.971
460.517
412.971
412.971
493.727
412.971
412.971
412.971
412.971
412.971
412.971
336.021
437.588
412.971
431.104
322.276
412.971
412.971
337.834
412.971
366.455
357.989
412.971
403.782
412.971
412.971
412.971
546.291
261.911
412.971
412.971
412.971
219.655
412.971
400.423
411.63
391.972
569.672
403.199
412.971
412.971
412.971
207.47
410.752
412.971
239.943
412.971
433.129
460.706
412.971
412.971
412.971
265.169
480.134
654.709
412.971
385.801
412.971
406.193
412.971
392.214
412.971
527.73
412.971
412.971
412.971
412.971
412.971
412.971
277.018
412.971
412.971
412.971
389.843
321.184
336.844
412.971
412.971
353.813
412.971
412.971
412.971
412.971
358.008
412.971
412.971
443.554
412.971
526.214
677.216
412.971
412.971
517.375
409.849
519.047
288.467
412.971
412.971
412.971
412.971
412.971
424.521
412.971
412.971
315.68
365.357
412.971
271.711
465.988
419.309
430.736
412.971
423.738
412.971
412.971
340.733
343.094
412.971
412.971
422.897
502.157
412.971
369.096
412.971
412.971
388.601
520.697
513.352
412.971
298.962
412.971
412.971
412.971
48.072
412.971
412.971
412.971
412.971
412.971
225.019
412.971
412.971
242.261
412.971
491.977
333.689
415.124
572.08
412.971
177.268
412.971
412.971
412.971
412.971
412.971
460.348
412.971
456.359
412.971
412.971
412.971
412.971
412.971
547.338
412.971
495.563
412.971
412.971
246.021
412.971
545.094
412.971
336.096
412.971
412.971
290.485
412.971
412.971
412.971
334.042
455.957
385.512
412.971
424.066
412.971
520.71
194.763
412.971
412.971
412.971
395.232
352.437
521.545
412.971
536.473
412.971
471.197
172.095
412.971
431.962
412.971
366.419
412.971
412.971
412.971
549.405
412.971
412.971
285.773
603.379
412.971
412.971
412.971
412.971
412.971
451.893
427.688
412.971
412.971
355.792
412.971
412.971
513.997
193.316
462.524
302.396
336.263
407.069
412.971
467.918
349.241
534.734
412.971
284.493
193.474
255.511
428.309
412.971
412.971
412.971
443.258
412.971
412.971
412.971
412.971
375.214
412.971
412.971
399.646
412.971
412.971
334.16
412.971
386.763
423.621
547.622
380.583
435.51
412.971
412.971
660.964
412.971
412.971
419.553
412.971
412.971
412.971
353.897
412.971
386.061
250.068
412.971
412.971
412.971
470.622
507.748
412.971
416.484
311.327
341.44
547.213
175.215
412.971
561.695
412.971
412.971
412.971
372.313
412.971
551.1
561.449
412.971
417.319
442.975
377.902
393.238
407.035
412.971
244.477
441.722
314.528
317.076
412.971
370.56
412.971
412.971
412.971
412.971
412.971
455.434
412.971
412.971
371.554
500.39
341.25
412.971
412.971
412.971
412.971
181.573
412.971
412.971
412.971
412.971
515.467
412.971
412.971
426.638
264.729
397.987
412.971
412.971
204.426
614.295
172.879
564.693
412.971
203.261
567.183
412.971
412.971
412.971
515.512
412.971
412.971
412.971
412.971
412.971
412.971
199.318
534.245
412.971
456.779
412.971
202.976
412.971
525.187
412.971
401.096
564.239
412.971
412.971
442.199
562.991
504.806
412.971
379.229
143.832
412.971
446.175
412.971
412.971
249.393
229.396
441.014
331.019
314.9
421.975
412.971
412.971
502.383
385.399
243.133
412.971
412.971
370.774
412.971
224.253
153.808
412.971
421.737
412.971
412.971
412.971
478.072
412.971
412.971
326.961
281.376
550.92
412.971
412.971
266.064
450.66
256.702
412.971
454.742
412.971
412.971
412.971
412.971
301.104
286.774
144.401
412.971
457.235
412.971
412.971
412.971
412.971
364.453
412.971
412.971
412.971
412.971
412.971
233.8
320.1
412.971
412.971
412.971
327.561
412.971
450.526
259.694
562.74
412.971
412.971
394.512
412.971
412.971
322.344
412.971
412.971
428.673
408.058
369.765
412.971
290.935
571.207
415.472
354.668
448.745
412.971
412.971
426.111
412.971
412.971
412.971
412.971
458.248
556.476
412.971
412.971
356.258
192.902
577.572
336.65
412.971
412.971
412.971
550.728
409.626
412.971
576.657
412.971
412.971
412.971
259.152
412.971
412.971
412.971
412.971
597.98
205.47
212.774
412.971
412.971
379.913
412.971
412.971
397.723
543.87
412.971
412.971
412.971
338.591
412.971
412.971
412.971
412.971
556.324
412.971
412.971
412.971
412.971
412.971
412.971
399.512
412.971
412.971
412.971
412.971
412.971
582.59
577.804
412.971
412.971
402.351
412.971
370.05
412.971
343.581
289.493
327.64
435.247
412.971
412.971
412.971
396.905
412.971
412.971
387.114
412.971
394.491
412.971
412.971
412.971
412.971
412.971
349.602
414.257
412.971
385.621
412.971
465.307
412.971
362.088
230.955
412.971
412.971
412.971
493.222
447.037
412.971
412.971
583.406
412.971
412.971
207.744
428.05
412.971
641.507
412.971
412.971
271.061
449.284
359.642
187.835
412.971
412.971
412.971
261.087
515.199
412.971
491.837
412.971
412.971
412.971
412.971
406.352
328.97
412.971
412.971
412.971
412.971
412.971
412.971
377.446
449.018
556.544
323.423
412.971
412.971
777.441
506.102
412.971
412.971
317.556
412.971
412.971
239.951
412.971
453.983
475.647
412.971
349.627
336.103
522.289
412.971
365.666
412.971
365.142
412.971
412.971
412.971
533.146
392.6
412.971
412.971
412.971
412.971
412.971
412.971
412.971
412.971
413.184
412.971
212.478
412.971
412.971
412.971
179.065
575.526
412.971
412.971
412.971
412.971
51.0253
412.971
412.971
243.999
375.877
129.497
412.971
292.814
581.939
412.971
198.651
412.971
254.37
383.127
373.512
476.602
412.971
412.971
255.06
369.653
374.891
412.971
488.357
412.971
298.215
450.329
412.971
412.971
412.971
577.868
412.971
195.618
412.971
258.831
412.971
412.971
412.971
412.971
569.667
286.915
351.579
459.375
384.675
462.936
414.077
412.971
412.971
412.971
434.75
192.45
412.971
163.913
103.723
436.856
412.971
333.438
333.876
412.971
313.161
412.971
412.971
400.743
449.88
170.702
597.431
412.971
314.114
562.511
412.971
157.842
412.971
415.94
412.971
499.359
412.971
412.971
289.707
412.971
290.482
547.381
412.971
412.971
412.971
445.666
412.971
412.971
412.971
412.971
412.971
524.914
332.457
305.193
412.971
412.971
412.971
412.971
412.971
329.864
321.272
412.971
412.971
412.971
286.452
356.081
412.971
412.971
436.62
412.971
498.922
399.664
455.893
412.971
263.814
412.971
412.971
412.971
405.359
412.971
458.358
412.971
471.842
412.971
412.971
396.681
577.134
312.803
506.229
476.608
412.971
412.971
412.971
412.971
414.124
164.806
224.283
412.971
298.571
412.971
412.971
392.797
405.824
620.741
412.971
412.971
418.565
412.971
412.971
412.971
449.238
412.971
412.971
412.971
412.971
412.971
348.65
316.437
412.971
412.971
412.971
227.312
239.29
412.971
376.253
412.971
263.478
412.971
412.971
298.423
412.971
325.453
212.347
412.971
429.108
322.094
412.971
415.441
569.747
373.04
412.971
412.971
412.971
606.644
412.971
353.791
412.971
412.971
144.738
412.971
412.971
412.971
412.971
748.409
412.971
413.999
206.744
412.971
270.233
153.902
412.971
292.752
412.971
412.971
412.971
412.971
412.971
460.153
412.971
412.971
408.347
531.014
412.971
412.971
412.971
264.927
395.3
412.971
412.971
412.971
412.971
377.251
109.058
142.316
526.603
428.121
412.971
412.971
412.971
499.951
412.971
412.971
412.971
381.72
347.683
315.93
366.765
485.832
419.099
412.971
637.324
220.125
396.885
104.009
447.873
412.971
440.809
412.971
412.971
412.971
412.971
412.971
475.303
412.971
412.971
412.971
412.971
492.397
412.971
412.971
412.971
581.795
412.971
412.971
412.971
522.719
412.971
444.526
311.794
233.07
412.971
412.971
412.971
412.971
412.971
412.971
412.971
412.971
519.914
76.6335
412.971
412.971
412.971
179.874
412.971
517.527
231.914
412.971
273.166
110.18
412.971
560.943
412.971
450.428
412.971
174.832
881.612
412.971
365.451
412.971
424.777
412.971
402.783
397.709
259.319
412.971
412.971
412.971
178.368
493.323
412.971
412.971
412.971
412.971
373.572
370.127
211.193
412.971
488.075
412.971
412.971
412.971
412.971
455.369
264.873
412.971
412.971
412.971
294.021
412.971
412.971
285.684
412.971
558.729
412.971
412.971
412.971
533.818
412.971
412.971
501.505
220.892
412.971
412.971
412.971
443.912
505.143
409.639
412.971
412.971
412.971
363.931
412.971
412.971
398.843
446.088
434.634
614.183
412.971
412.971
412.971
484.629
412.971
421.442
480.168
298.363
281.789
412.971
412.971
412.971
412.971
412.971
412.971
239.094
412.971
417.078
412.971
412.971
412.971
412.971
412.971
412.971
530.746
412.971
412.971
412.971
478.288
454.941
292.281
493.966
543.784
412.971
127.004
412.971
523.918
412.971
463.864
412.971
412.971
412.971
412.971
546.019
412.971
412.971
127.812
615.512
412.971
475.54
412.971
412.971
91.6251
412.971
435.168
412.971
301.018
412.971
412.971
423.224
412.971
412.971
412.971
412.971
312.682
285.82
480.035
363.819
556.438
412.971
445.178
412.971
412.971
541.148
528.532
470.158
412.971
412.971
412.971
352.681
412.971
412.971
479.067
412.971
412.971
456.597
412.971
359.018
412.971
119.498
412.971
561.838
412.971
213.542
412.971
412.971
466.088
412.971
412.971
297.531
412.971
426.966
412.971
412.971
361.119
412.971
412.971
412.971
412.971
412.971
412.971
437.836
421.634
456.552
412.971
412.971
412.971
412.971
412.971
230.09
412.971
412.971
335.453
412.971
412.971
412.971
651.07
412.971
313.623
412.971
412.971
412.971
522.506
354.425
412.971
412.971
470.647
412.971
412.971
495.334
574.849
412.971
337.56
412.971
412.971
442.586
412.971
412.971
412.971
412.971
412.971
412.971
412.971
448.553
403.289
412.971
412.971
412.971
412.971
412.971
301.751
412.971
384.672
242.977
412.971
291.841
412.971
409.552
370.004
412.971
412.971
467.207
412.971
448.612
277.014
486.176
412.971
412.971
361.671
368.85
424.297
537.039
412.971
412.971
300.739
412.971
412.971
412.971
360.161
412.971
412.971
217.325
412.971
412.971
412.971
412.971
412.971
161.547
412.971
412.971
418.531
362.476
430.794
393.616
412.971
487.827
412.971
387.727
412.971
479.079
412.971
412.971
412.971
412.971
412.971
412.971
412.971
474.486
412.971
412.971
329.003
412.971
412.971
412.971
412.971
412.971
412.971
361.476
412.971
392.844
412.971
412.971
412.971
454.872
457.055
412.971
311.315
360.322
474.346
359.386
412.971
509.849
212.18
412.971
412.971
532.801
412.971
412.971
480.592
412.971
412.971
412.971
412.971
412.971
519.85
412.971
412.971
412.971
273.456
412.971
455.337
612.007
287.216
412.971
241.079
513.45
412.971
412.971
512.554
365.481
412.971
458.973
412.971
412.971
319.679
412.971
412.971
412.971
346.66
236.047
412.971
533.215
626.143
412.971
473.272
412.971
412.971
412.971
492.021
412.971
287.337
412.971
412.971
412.971
505.371
412.971
502.378
412.971
368.725
249.001
412.971
635.765
412.971
412.971
412.971
121.813
412.971
300.514
487.483
408.342
412.971
412.971
305.769
396.536
386.978
412.971
517.572
567.858
412.971
412.971
377.454
412.971
336.61
267.92
412.971
412.971
412.971
444.611
348.019
412.971
169.44
575.21
403.591
361.936
412.971
412.971
326.488
412.971
457.814
412.971
412.971
357.122
412.971
412.971
460.798
412.971
412.971
266.518
412.971
429.527
412.971
412.971
489.253
422.37
392.508
248.934
412.971
412.971
412.971
410.223
412.971
357.181
412.971
412.971
432.805
359.625
412.971
412.971
412.971
368.172
412.971
412.971
412.971
412.971
412.971
412.971
455.712
318.208
412.971
521.787
550.114
508.925
412.971
303.141
273.062
557.073
412.971
292.965
439.027
412.971
239.162
640.541
412.971
412.971
445.811
403.929
412.971
412.971
412.971
343.275
351.788
412.971
412.971
382.765
412.971
412.971
412.971
601.76
412.971
312.755
412.971
385.582
412.971
462.002
224.584
296.628
465.454
326.881
489.023
412.971
275.401
476.517
232.377
412.971
412.971
412.971
412.971
412.971
412.971
412.971
412.971
463.354
476.414
412.971
412.971
291.039
412.971
379.515
412.971
339.418
274.586
314.831
412.971
353.714
412.971
338.447
412.971
589.297
412.971
412.971
319.892
357.21
412.971
412.971
611.256
412.971
412.971
412.971
385.666
412.971
412.971
412.971
412.971
532.32
220.073
412.971
437.985
412.971
412.971
207.076
412.971
412.971
412.971
412.971
412.971
412.971
412.971
412.971
274.788
247.736
412.971
412.971
434.119
412.971
412.971
68.2459
412.971
412.971
330.23
412.971
412.971
412.971
381.887
320.367
412.971
315.222
412.971
573.981
356.042
531.695
412.971
213.855
412.971
412.971
412.971
412.971
421.22
576.247
412.971
412.971
230.096
441.68
371.186
412.971
412.971
430.053
412.971
515.96
412.971
361.332
412.971
412.971
259.831
412.971
412.971
412.971
275.241
412.971
198.928
331.784
400.554
368.63
412.971
464.653
282.646
412.971
511.123
313.084
412.971
412.971
280.475
412.971
316.727
324.939
509.61
412.971
412.971
412.971
412.971
412.971
412.971
412.971
382.773
412.971
412.971
412.971
412.971
412.971
412.971
412.971
412.971
412.971
412.971
356.583
412.971
412.971
412.971
354.168
541.166
386.286
412.971
301.876
412.971
412.971
391.752
541.766
412.971
469.385
412.971
314.511
412.971
557.722
253.518
464.337
255.517
412.971
224.594
412.971
269.139
412.971
407.547
392.586
412.971
412.971
412.971
412.971
186.283
523.151
412.971
412.971
412.971
412.971
412.971
412.971
441.483
412.971
412.971
177.528
412.971
314.97
408.653
412.971
412.971
412.971
373.785
550.855
412.971
340.571
412.971
412.971
412.971
412.971
508.804
412.971
412.971
412.971
412.971
412.971
297.893
352.983
412.971
412.971
412.971
412.971
412.971
409.099
375.221
305.735
415.109
434.397
412.971
412.971
412.971
412.971
412.971
412.971
412.971
412.971
412.971
412.971
412.971
237.99
412.971
412.971
412.971
412.971
412.971
412.971
412.971
537.434
412.971
412.971
492.45
290.2
412.971
412.971
287.449
412.971
211.658
450.253
424.552
292.683
309.27
413.086
364.553
412.971
412.971
569.434
99.6198
412.971
416.806
372.148
412.971
239.546
412.971
578.662
412.971
400.565
412.971
449.719
412.971
331.917
323.42
412.971
412.971
355.972
412.971
715.245
482.116
299.901
370.219
339.181
412.971
462.286
412.971
412.971
412.971
412.971
349.929
145.79
412.971
412.971
479.842
412.971
330.326
179.015
395.215
412.971
459.89
412.971
412.971
414.703
412.971
412.971
494.241
412.971
339.757
412.971
412.971
412.971
412.971
412.971
452.151
412.971
412.971
412.971
490.247
412.971
506.664
412.971
412.971
718.554
428.299
412.971
412.971
412.971
412.971
412.971
412.971
243.846
412.971
268.259
412.971
412.971
412.971
412.971
412.971
412.971
412.971
433.714
412.971
289.266
582.047
412.971
566.041
608.641
412.971
412.971
412.971
412.971
412.971
352.957
290.649
310.469
459.848
412.971
246.322
412.971
326.554
431.449
365.729
503.142
412.971
412.971
412.971
412.971
412.971
412.971
412.971
412.971
396.18
412.971
180.511
407.355
412.971
412.971
412.971
412.971
474.437
370.895
488.924
412.971
567.712
240.04
528.621
428.666
412.971
495.713
326.247
483.458
46.0323
426.974
412.971
412.971
480.96
412.971
366.193
412.971
412.971
330.041
412.971
412.971
412.971
351.011
412.971
412.971
412.971
427.124
412.971
412.971
360.896
412.971
412.971
510.299
253.534
412.971
412.971
412.971
412.971
312.203
412.971
489.091
412.971
351.299
412.971
412.971
412.971
412.971
339.056
512.675
357.728
412.971
502.237
412.971
406.489
294.128
