0 0
0.00195312 -0.763585
0.00390625 -0.986105
0.00585938 -0.509886
0.0078125 0.32763
0.00976562 0.932993
0.0117188 0.877251
0.0136719 0.199902
0.015625 -0.619094
0.0175781 -0.99941
0.0195312 -0.671559
0.0214844 0.132148
0.0234375 0.842217
0.0253906 0.955504
0.0273438 0.391735
0.0292969 -0.449611
0.03125 -0.97237
0.0332031 -0.806122
0.0351562 -0.0686683
0.0371094 0.717443
0.0390625 0.995185
0.0410156 0.567754
0.0429688 -0.261979
0.0449219 -0.906077
0.046875 -0.908143
0.0488281 -0.266713
0.0507812 0.563706
0.0527344 0.994692
0.0546875 0.720854
0.0566406 -0.0637703
0.0585938 -0.803208
0.0605469 -0.973504
0.0625 -0.453991
0.0644531 0.387214
0.0664062 0.954044
0.0683594 0.844854
0.0703125 0.137012
0.0722656 -0.667914
0.0742188 -0.999566
0.0761719 -0.622941
0.078125 0.19509
0.0800781 0.874884
0.0820312 0.934748
0.0839844 0.332264
0.0859375 -0.505657
0.0878906 -0.985278
0.0898438 -0.766745
0.0917969 -0.00490875
0.09375 0.760406
0.0957031 0.986909
0.0976562 0.514103
0.0996094 -0.322988
0.101562 -0.931215
0.103516 -0.879597
0.105469 -0.20471
0.107422 0.615232
0.109375 0.999229
0.111328 0.675188
0.113281 -0.127281
0.115234 -0.839561
0.117188 -0.95694
0.119141 -0.396247
0.121094 0.445221
0.123047 0.971212
0.125 0.809017
0.126953 0.0735646
0.128906 -0.714015
0.130859 -0.995654
0.132812 -0.571788
0.134766 0.257238
0.136719 0.903989
0.138672 0.910187
0.140625 0.27144
0.142578 -0.559645
0.144531 -0.994174
0.146484 -0.724247
0.148438 0.0588708
0.150391 0.800274
0.152344 0.974615
0.154297 0.458359
0.15625 -0.382683
0.158203 -0.952562
0.160156 -0.84747
0.162109 -0.141873
0.164062 0.664252
0.166016 0.999699
0.167969 0.626774
0.169922 -0.190274
0.171875 -0.872496
0.173828 -0.936481
0.175781 -0.33689
0.177734 0.501416
0.179688 0.984427
0.181641 0.769887
0.183594 0.00981739
0.185547 -0.757209
0.1875 -0.987688
0.189453 -0.518307
0.191406 0.318339
0.193359 0.929415
0.195312 0.881921
0.197266 0.209512
0.199219 -0.611354
0.201172 -0.999024
0.203125 -0.678801
0.205078 0.122411
0.207031 0.836884
0.208984 0.958354
0.210938 0.400749
0.212891 -0.440821
0.214844 -0.970031
0.216797 -0.811893
0.21875 -0.0784592
0.220703 0.710569
0.222656 0.996099
0.224609 0.575808
0.226562 -0.252491
0.228516 -0.90188
0.230469 -0.91221
0.232422 -0.276162
0.234375 0.55557
0.236328 0.993633
0.238281 0.727623
0.240234 -0.0539698
0.242188 -0.797321
0.244141 -0.975702
0.246094 -0.462716
0.248047 0.378144
0.25 0.951056
0.251953 0.850065
0.253906 0.146731
0.255859 -0.660575
0.257812 -0.999807
0.259766 -0.630591
0.261719 0.185452
0.263672 0.870087
0.265625 0.938191
0.267578 0.341508
0.269531 -0.497163
0.271484 -0.983552
0.273438 -0.773011
0.275391 -0.0147258
0.277344 0.753993
0.279297 0.988444
0.28125 0.522499
0.283203 -0.313682
0.285156 -0.927592
0.287109 -0.884225
0.289062 -0.214309
0.291016 0.607462
0.292969 0.998795
0.294922 0.682397
0.296875 -0.117537
0.298828 -0.834187
0.300781 -0.959744
0.302734 -0.405241
0.304688 0.436409
0.306641 0.968827
0.308594 0.814749
0.310547 0.0833518
0.3125 -0.707107
0.314453 -0.99652
0.316406 -0.579815
0.318359 0.247739
0.320312 0.899748
0.322266 0.91421
0.324219 0.280876
0.326172 -0.551482
0.328125 -0.993068
0.330078 -0.730982
0.332031 0.0490676
0.333984 0.794348
0.335938 0.976766
0.337891 0.467062
0.339844 -0.373595
0.341797 -0.949528
0.34375 -0.85264
0.345703 -0.151584
0.347656 0.656882
0.349609 0.999892
0.351562 0.634393
0.353516 -0.180626
0.355469 -0.867657
0.357422 -0.939879
0.359375 -0.346117
0.361328 0.492898
0.363281 0.982653
0.365234 0.776115
0.367188 0.0196338
0.369141 -0.75076
0.371094 -0.989177
0.373047 -0.526678
0.375 0.309017
0.376953 0.925747
0.378906 0.886507
0.380859 0.219101
0.382812 -0.603556
0.384766 -0.998543
0.386719 -0.685977
0.388672 0.112661
0.390625 0.83147
0.392578 0.961111
0.394531 0.409724
0.396484 -0.431987
0.398438 -0.967599
0.400391 -0.817585
0.402344 -0.0882425
0.404297 0.703627
0.40625 0.996917
0.408203 0.583807
0.410156 -0.24298
0.412109 -0.897595
0.414062 -0.916188
0.416016 -0.285584
0.417969 0.547381
0.419922 0.99248
0.421875 0.734323
0.423828 -0.0441641
0.425781 -0.791357
0.427734 -0.977806
0.429688 -0.471397
0.431641 0.369037
0.433594 0.947977
0.435547 0.855195
0.4375 0.156435
0.439453 -0.653173
0.441406 -0.999952
0.443359 -0.63818
0.445312 0.175796
0.447266 0.865206
0.449219 0.941544
0.451172 0.350718
0.453125 -0.488621
0.455078 -0.981731
0.457031 -0.779201
0.458984 -0.0245414
0.460938 0.747508
0.462891 0.989885
0.464844 0.530844
0.466797 -0.304345
0.46875 -0.923879
0.470703 -0.888767
0.472656 -0.223888
0.474609 0.599635
0.476562 0.998266
0.478516 0.689541
0.480469 -0.107782
0.482422 -0.828732
0.484375 -0.962455
0.486328 -0.414197
0.488281 0.427555
0.490234 0.966348
0.492188 0.820402
0.494141 0.0931311
0.496094 -0.700131
0.498047 -0.99729
0.5 -0.587785
0.501953 0.238215
0.503906 0.89542
0.505859 0.918144
0.507812 0.290285
0.509766 -0.543266
0.511719 -0.991867
0.513672 -0.737646
0.515625 0.0392596
0.517578 0.788346
0.519531 0.978823
0.521484 0.47572
0.523438 -0.36447
0.525391 -0.946403
0.527344 -0.857729
0.529297 -0.161281
0.53125 0.649448
0.533203 0.999988
0.535156 0.641952
0.537109 -0.170962
0.539062 -0.862734
0.541016 -0.943186
0.542969 -0.355311
0.544922 0.484332
0.546875 0.980785
0.548828 0.782269
0.550781 0.0294484
0.552734 -0.744239
0.554688 -0.990569
0.556641 -0.534998
0.558594 0.299665
0.560547 0.92199
0.5625 0.891007
0.564453 0.22867
0.566406 -0.595699
0.568359 -0.997965
0.570312 -0.693088
0.572266 0.102901
0.574219 0.825975
0.576172 0.963776
0.578125 0.41866
0.580078 -0.423112
0.582031 -0.965074
0.583984 -0.823198
0.585938 -0.0980174
0.587891 0.696617
0.589844 0.99764
0.591797 0.59175
0.59375 -0.233445
0.595703 -0.893224
0.597656 -0.920078
0.599609 -0.294979
0.601562 0.539138
0.603516 0.99123
0.605469 0.740951
0.607422 -0.0343542
0.609375 -0.785317
0.611328 -0.979816
0.613281 -0.480032
0.615234 0.359895
0.617188 0.944806
0.619141 0.860242
0.621094 0.166124
0.623047 -0.645707
0.625 -1
0.626953 -0.645708
0.628906 0.166123
0.630859 0.860242
0.632812 0.944806
0.634766 0.359895
0.636719 -0.480032
0.638672 -0.979816
0.640625 -0.785317
0.642578 -0.0343546
0.644531 0.740951
0.646484 0.99123
0.648438 0.539139
0.650391 -0.294978
0.652344 -0.920078
0.654297 -0.893224
0.65625 -0.233446
0.658203 0.591749
0.660156 0.99764
0.662109 0.696618
0.664062 -0.0980169
0.666016 -0.823198
0.667969 -0.965074
0.669922 -0.423113
0.671875 0.41866
0.673828 0.963776
0.675781 0.825975
0.677734 0.102901
0.679688 -0.693087
0.681641 -0.997965
0.683594 -0.5957
0.685547 0.228669
0.6875 0.891006
0.689453 0.92199
0.691406 0.299666
0.693359 -0.534997
0.695312 -0.990569
0.697266 -0.744239
0.699219 0.0294479
0.701172 0.782268
0.703125 0.980785
0.705078 0.484333
0.707031 -0.355311
0.708984 -0.943186
0.710938 -0.862735
0.712891 -0.170962
0.714844 0.641951
0.716797 0.999988
0.71875 0.649448
0.720703 -0.161281
0.722656 -0.857728
0.724609 -0.946403
0.726562 -0.364471
0.728516 0.47572
0.730469 0.978823
0.732422 0.788347
0.734375 0.0392601
0.736328 -0.737646
0.738281 -0.991867
0.740234 -0.543266
0.742188 0.290284
0.744141 0.918144
0.746094 0.895421
0.748047 0.238216
0.75 -0.587785
0.751953 -0.99729
0.753906 -0.700131
0.755859 0.0931306
0.757812 0.820401
0.759766 0.966348
0.761719 0.427555
0.763672 -0.414197
0.765625 -0.962455
0.767578 -0.828733
0.769531 -0.107783
0.771484 0.68954
0.773438 0.998266
0.775391 0.599635
0.777344 -0.223888
0.779297 -0.888767
0.78125 -0.92388
0.783203 -0.304345
0.785156 0.530844
0.787109 0.989885
0.789062 0.747509
0.791016 -0.0245409
0.792969 -0.779201
0.794922 -0.981731
0.796875 -0.488621
0.798828 0.350718
0.800781 0.941544
0.802734 0.865206
0.804688 0.175797
0.806641 -0.63818
0.808594 -0.999952
0.810547 -0.653173
0.8125 0.156434
0.814453 0.855195
0.816406 0.947977
0.818359 0.369037
0.820312 -0.471396
0.822266 -0.977806
0.824219 -0.791357
0.826172 -0.0441646
0.828125 0.734322
0.830078 0.99248
0.832031 0.547381
0.833984 -0.285584
0.835938 -0.916188
0.837891 -0.897595
0.839844 -0.24298
0.841797 0.583807
0.84375 0.996917
0.845703 0.703627
0.847656 -0.0882421
0.849609 -0.817585
0.851562 -0.967599
0.853516 -0.431988
0.855469 0.409724
0.857422 0.961111
0.859375 0.83147
0.861328 0.112662
0.863281 -0.685977
0.865234 -0.998543
0.867188 -0.603556
0.869141 0.219101
0.871094 0.886506
0.873047 0.925747
0.875 0.309017
0.876953 -0.526677
0.878906 -0.989176
0.880859 -0.75076
0.882812 0.0196334
0.884766 0.776115
0.886719 0.982653
0.888672 0.492898
0.890625 -0.346117
0.892578 -0.939879
0.894531 -0.867657
0.896484 -0.180627
0.898438 0.634393
0.900391 0.999892
0.902344 0.656882
0.904297 -0.151584
0.90625 -0.85264
0.908203 -0.949528
0.910156 -0.373595
0.912109 0.467062
0.914062 0.976766
0.916016 0.794349
0.917969 0.049068
0.919922 -0.730981
0.921875 -0.993068
0.923828 -0.551482
0.925781 0.280876
0.927734 0.91421
0.929688 0.899748
0.931641 0.247739
0.933594 -0.579814
0.935547 -0.99652
0.9375 -0.707107
0.939453 0.0833514
0.941406 0.814748
0.943359 0.968827
0.945312 0.43641
0.947266 -0.405241
0.949219 -0.959744
0.951172 -0.834187
0.953125 -0.117538
0.955078 0.682397
0.957031 0.998795
0.958984 0.607463
0.960938 -0.214309
0.962891 -0.884224
0.964844 -0.927592
0.966797 -0.313682
0.96875 0.522498
0.970703 0.988444
0.972656 0.753994
0.974609 -0.0147253
0.976562 -0.77301
0.978516 -0.983552
0.980469 -0.497164
0.982422 0.341507
0.984375 0.938191
0.986328 0.870087
0.988281 0.185453
0.990234 -0.630591
0.992188 -0.999807
0.994141 -0.660575
0.996094 0.14673
0.998047 0.850065
