246
234.99
224.232
213.727
203.475
193.475
183.727
174.232
164.99
156
147.263
138.778
130.545
122.566
114.838
107.364
100.141
93.1717
86.4545
79.9899
73.7778
67.8182
62.1111
56.6566
51.4545
46.5051
41.8081
37.3636
33.1717
29.2323
25.5455
22.1111
18.9293
16
13.3232
10.899
8.72727
6.80808
5.14141
3.72727
2.56566
1.65657
1
0.59596
0.444444
0.545455
0.89899
1.50505
2.36364
3.47475
4.83838
6.45455
8.32323
10.4444
12.8182
15.4444
18.3232
21.4545
24.8384
28.4747
32.3636
36.5051
40.899
45.5455
50.4444
55.596
61
66.6566
72.5657
78.7273
85.1414
91.8081
98.7273
105.899
113.323
121
128.929
137.111
145.545
154.232
163.172
172.364
181.808
191.505
201.455
211.657
222.111
232.818
243.778
254.99
266.455
278.172
290.141
302.364
314.838
327.566
340.545
353.778
367.263
381
