0
0.1
0.199755
0.299264
0.398529
0.497548
0.596321
0.69485
0.793133
0.891171
0.988964
1.08651
1.18381
1.28087
1.37768
1.47425
1.57057
1.66665
1.76248
1.85806
1.9534
2.0485
2.14335
2.23795
2.33231
2.42643
2.52029
2.61392
2.7073
2.80043
2.89332
2.98596
3.07836
3.17051
3.26241
3.35408
3.44549
3.53666
3.62759
3.71827
3.80871
3.8989
3.98884
4.07854
4.16799
4.2572
4.34617
4.43488
4.52336
4.61159
4.69957
4.78731
4.8748
4.96205
5.04905
5.1358
5.22232
5.30858
5.3946
5.48038
5.56591
5.65119
5.73623
5.82103
5.90558
5.98988
6.07394
6.15775
6.24132
6.32464
6.40772
6.49055
6.57314
6.65548
6.73758
6.81943
6.90104
6.9824
7.06351
7.14438
7.22501
7.30539
7.38552
7.46541
7.54506
7.62446
7.70361
7.78252
7.86118
7.9396
8.01777
8.0957
8.17338
8.25082
8.32801
8.40496
8.48166
8.55812
8.63433
8.71029
8.78601
8.86149
8.93672
9.0117
9.08644
9.16094
9.23518
9.30919
9.38295
9.45646
9.52973
9.60275
9.67553
9.74806
9.82034
9.89239
9.96418
10.0357
10.107
10.1781
10.2489
10.3195
10.3898
10.4599
10.5297
10.5993
10.6687
10.7378
10.8066
10.8752
10.9436
11.0117
11.0796
11.1472
11.2146
11.2817
11.3486
11.4153
11.4817
11.5478
11.6137
11.6794
11.7448
11.81
11.8749
11.9396
12.004
12.0682
12.1322
12.1959
12.2593
12.3225
12.3855
12.4482
12.5107
12.5729
12.6349
12.6967
12.7582
12.8194
12.8804
12.9412
13.0017
13.062
13.122
13.1818
13.2413
13.3006
13.3596
13.4184
13.477
13.5353
13.5934
13.6512
13.7087
13.7661
13.8232
13.88
13.9366
13.9929
14.049
14.1049
14.1605
14.2159
14.271
14.3258
14.3805
14.4349
14.489
14.5429
14.5965
14.6499
14.7031
14.756
14.8087
14.8611
14.9133
14.9652
15.0169
15.0683
15.1195
15.1705
15.2212
15.2716
15.3219
15.3718
15.4215
15.471
15.5203
15.5692
15.618
15.6665
15.7147
15.7627
15.8105
15.858
15.9053
15.9523
15.9991
16.0456
16.0919
16.138
16.1838
16.2293
16.2746
16.3197
16.3645
16.4091
16.4534
16.4975
16.5413
16.5849
16.6283
16.6714
16.7142
16.7569
16.7992
16.8413
16.8832
16.9248
16.9662
17.0074
17.0483
17.0889
17.1293
17.1695
17.2094
17.2491
17.2885
17.3277
17.3666
17.4053
17.4437
17.4819
17.5199
17.5576
17.595
17.6323
17.6692
17.706
17.7424
17.7787
17.8147
17.8504
17.8859
17.9212
17.9562
17.9909
18.0254
18.0597
18.0937
18.1275
18.1611
18.1944
18.2274
18.2602
18.2928
18.3251
18.3571
18.389
18.4205
18.4519
18.4829
18.5138
18.5444
18.5747
18.6048
18.6347
18.6643
18.6937
18.7228
18.7517
18.7803
18.8087
18.8368
18.8647
18.8924
18.9198
18.947
18.9739
19.0005
19.027
19.0531
19.0791
19.1048
19.1302
19.1554
19.1804
19.2051
19.2295
19.2538
19.2777
19.3015
19.3249
19.3482
19.3712
19.3939
19.4164
19.4387
19.4607
19.4824
19.504
19.5252
19.5463
19.567
19.5876
19.6079
19.6279
19.6477
19.6673
19.6866
19.7057
19.7245
19.7431
19.7614
19.7795
19.7973
19.8149
19.8323
19.8494
19.8662
19.8829
19.8992
19.9154
19.9312
19.9469
19.9623
19.9774
19.9923
20.0069
20.0214
20.0355
20.0494
20.0631
20.0765
20.0897
20.1027
20.1153
20.1278
20.14
20.1519
20.1637
20.1751
20.1863
20.1973
20.208
20.2185
20.2288
20.2388
20.2485
20.258
20.2673
20.2763
20.285
20.2936
20.3018
20.3099
20.3177
20.3252
20.3325
20.3395
20.3464
20.3529
20.3592
20.3653
20.3711
20.3767
20.382
20.3871
20.392
20.3966
20.4009
20.405
20.4089
20.4125
20.4159
20.419
20.4219
20.4245
20.4269
20.4291
20.431
20.4326
20.434
20.4352
20.4361
20.4368
20.4372
20.4374
20.4373
20.437
20.4365
20.4357
20.4346
20.4333
20.4318
20.43
20.428
20.4257
20.4232
20.4205
20.4174
20.4142
20.4107
20.407
20.403
20.3987
20.3943
20.3895
20.3846
20.3794
20.3739
20.3682
20.3623
20.3561
20.3496
20.3429
20.336
20.3288
20.3214
20.3138
20.3058
20.2977
20.2893
20.2806
20.2718
20.2626
20.2532
20.2436
20.2337
20.2236
20.2133
20.2026
20.1918
20.1807
20.1694
20.1578
20.1459
20.1339
20.1215
20.109
20.0961
20.0831
20.0698
20.0562
20.0424
20.0284
20.0141
19.9996
19.9848
19.9698
19.9545
19.939
19.9232
19.9072
19.891
19.8745
19.8577
19.8408
19.8235
19.8061
19.7883
19.7704
19.7522
19.7337
19.715
19.6961
19.6769
19.6574
19.6378
19.6178
19.5977
19.5772
19.5566
19.5357
19.5145
19.4931
19.4715
19.4496
19.4274
19.4051
19.3824
19.3596
19.3365
19.3131
19.2895
19.2656
19.2415
19.2172
19.1926
19.1678
19.1427
19.1174
19.0918
19.066
19.0399
19.0136
18.9871
18.9603
18.9332
18.906
18.8784
18.8507
18.8226
18.7944
18.7659
18.7371
18.7081
18.6789
18.6494
18.6196
18.5896
18.5594
18.5289
18.4982
18.4673
18.4361
18.4046
18.3729
18.341
18.3088
18.2763
18.2437
18.2107
18.1776
18.1441
18.1105
18.0766
18.0424
18.008
17.9734
17.9385
17.9034
17.868
17.8324
17.7965
17.7604
17.724
17.6874
17.6506
17.6135
17.5761
17.5385
17.5007
17.4626
17.4243
17.3858
17.3469
17.3079
17.2686
17.229
17.1892
17.1492
17.1089
17.0684
17.0276
16.9866
16.9453
16.9038
16.8621
16.8201
16.7778
16.7353
16.6926
16.6496
16.6064
16.5629
16.5192
16.4752
16.431
16.3866
16.3419
16.2969
16.2518
16.2063
16.1606
16.1147
16.0686
16.0221
15.9755
15.9286
15.8814
15.834
15.7864
15.7385
15.6904
15.642
15.5934
15.5445
15.4954
15.446
15.3964
15.3466
15.2965
15.2462
15.1956
15.1447
15.0937
15.0424
14.9908
14.939
14.8869
14.8346
14.7821
14.7293
14.6763
14.623
14.5694
14.5157
14.4617
14.4074
14.3529
14.2981
14.2431
14.1879
14.1324
14.0767
14.0207
13.9645
13.908
13.8513
13.7943
13.7371
13.6797
13.622
13.564
13.5058
13.4474
13.3887
13.3298
13.2706
13.2112
13.1516
13.0917
13.0315
12.9711
12.9105
12.8496
12.7885
12.7271
12.6655
12.6036
12.5415
12.4792
12.4166
12.3537
12.2906
12.2273
12.1637
12.0999
12.0358
11.9715
11.9069
11.8421
11.7771
11.7118
11.6462
11.5804
11.5144
11.4481
11.3816
11.3148
11.2478
11.1805
11.113
11.0453
10.9773
10.909
10.8406
10.7718
10.7028
10.6336
10.5642
10.4944
10.4245
10.3543
10.2838
10.2131
10.1422
10.071
9.99959
9.92791
9.85599
9.78383
9.71142
9.63876
9.56586
9.49271
9.41932
9.34568
9.2718
9.19767
9.1233
9.04868
8.97382
8.89871
8.82336
8.74776
8.67191
8.59582
8.51949
8.44291
8.36608
8.28901
8.2117
8.13414
8.05633
7.97828
7.89998
7.82144
7.74265
7.66362
7.58434
7.50482
7.42505
7.34504
7.26478
7.18428
7.10353
7.02253
6.94129
6.85981
6.77808
6.6961
6.61388
6.53142
6.4487
6.36575
6.28255
6.1991
6.11541
6.03147
5.94729
5.86286
5.77818
5.69327
5.6081
5.52269
5.43704
5.35114
5.265
5.17861
5.09197
5.00509
4.91796
4.83059
4.74298
4.65511
4.56701
4.47866
4.39006
4.30122
4.21213
4.1228
4.03322
3.94339
3.85333
3.76301
3.67245
3.58165
3.4906
3.3993
3.30776
3.21598
3.12395
3.03167
2.93915
2.84638
2.75337
2.66011
2.56661
2.47286
2.37887
2.28463
2.19015
2.09542
2.00045
1.90523
1.80976
1.71405
1.6181
1.5219
1.42545
1.32876
1.23183
1.13465
1.03722
0.93955
0.841633
0.743471
0.645064
0.546411
0.447514
0.348371
0.248982
0.149349
0.04947
-0.050654
