0 -1.22015
1 -1.2203
2 -1.22078
3 -1.22157
4 -1.22269
5 -1.22412
6 -1.22588
7 -1.22798
8 -1.23041
9 -1.23318
10 -1.23629
11 -1.23977
12 -1.24361
13 -1.24783
14 -1.25243
15 -1.25743
16 -1.26284
17 -1.26869
18 -1.27497
19 -1.28172
20 -1.28895
21 -1.29669
22 -1.30495
23 -1.31376
24 -1.32316
25 -1.33318
26 -1.34384
27 -1.3552
28 -1.36728
29 -1.38014
30 -1.39382
31 -1.40839
32 -1.42391
33 -1.44044
34 -1.45806
35 -1.47686
36 -1.49694
37 -1.5184
38 -1.54136
39 -1.56597
40 -1.59237
41 -1.62073
42 -1.65127
43 -1.68421
44 -1.7198
45 -1.75836
46 -1.80025
47 -1.84586
48 -1.89569
49 -1.95031
50 -2.01042
51 -2.07682
52 -2.15053
53 -2.23276
54 -2.32504
55 -2.42926
56 -2.54785
57 -2.68391
58 -2.84153
59 -3.02619
60 -3.2454
61 -3.50971
62 -3.8345
63 -4.24302
64 -4.7722
65 -5.48443
66 -6.49411
67 -8.03605
68 -10.6805
69 -16.2649
70 -35.8143
71 140.145
72 22.8411
73 12.1785
74 8.18086
75 6.08752
76 4.79984
77 3.92797
78 3.29864
79 2.82312
80 2.45125
81 2.15254
82 1.90738
83 1.70261
84 1.52905
85 1.38009
86 1.25088
87 1.13777
88 1.03793
89 0.949183
90 0.869791
91 0.798364
92 0.733773
93 0.675093
94 0.621558
95 0.572528
96 0.527468
97 0.48592
98 0.447497
99 0.411865
100 0.378737
101 0.347862
102 0.319025
103 0.292033
104 0.26672
105 0.242938
106 0.220555
107 0.199456
108 0.179536
109 0.160701
110 0.142869
111 0.125964
112 0.109918
113 0.0946696
114 0.0801632
115 0.066348
116 0.0531776
117 0.04061
118 0.0286065
119 0.0171316
120 0.00615285
121 -0.00435965
122 -0.0144335
123 -0.0240942
124 -0.0333652
125 -0.0422683
126 -0.0508238
127 -0.0590503
128 -0.0669654
129 -0.0745852
130 -0.081925
131 -0.0889987
132 -0.0958197
133 -0.1024
134 -0.108752
135 -0.114885
136 -0.120811
137 -0.126538
138 -0.132076
139 -0.137433
140 -0.142616
141 -0.147634
142 -0.152494
143 -0.157202
144 -0.161764
145 -0.166187
146 -0.170476
147 -0.174636
148 -0.178672
149 -0.18259
150 -0.186394
151 -0.190088
152 -0.193675
153 -0.197161
154 -0.200549
155 -0.203842
156 -0.207044
157 -0.210157
158 -0.213186
159 -0.216132
160 -0.218999
161 -0.221789
162 -0.224505
163 -0.22715
164 -0.229724
165 -0.232232
166 -0.234674
167 -0.237053
168 -0.239371
169 -0.24163
170 -0.243831
171 -0.245976
172 -0.248067
173 -0.250105
174 -0.252092
175 -0.25403
176 -0.255919
177 -0.257761
178 -0.259557
179 -0.261309
180 -0.263018
181 -0.264684
182 -0.26631
183 -0.267895
184 -0.269441
185 -0.27095
186 -0.272421
187 -0.273856
188 -0.275256
189 -0.276621
190 -0.277953
191 -0.279252
192 -0.280518
193 -0.281754
194 -0.282958
195 -0.284133
196 -0.285278
197 -0.286394
198 -0.287483
199 -0.288544
200 -0.289577
201 -0.290584
202 -0.291566
203 -0.292522
204 -0.293453
205 -0.294359
206 -0.295242
207 -0.2961
208 -0.296936
209 -0.297749
210 -0.29854
211 -0.299308
212 -0.300056
213 -0.300781
214 -0.301486
215 -0.30217
216 -0.302834
217 -0.303478
218 -0.304103
219 -0.304708
220 -0.305294
221 -0.305861
222 -0.306409
223 -0.306939
224 -0.307451
225 -0.307945
226 -0.308421
227 -0.30888
228 -0.309321
229 -0.309746
230 -0.310153
231 -0.310544
232 -0.310918
233 -0.311276
234 -0.311617
235 -0.311943
236 -0.312252
237 -0.312545
238 -0.312823
239 -0.313085
240 -0.313331
241 -0.313562
242 -0.313778
243 -0.313979
244 -0.314164
245 -0.314334
246 -0.314489
247 -0.314629
248 -0.314755
249 -0.314865
250 -0.314961
251 -0.315042
252 -0.315108
253 -0.315159
254 -0.315196
255 -0.315218
256 -0.315225
257 -0.315218
258 -0.315196
259 -0.315159
260 -0.315108
261 -0.315042
262 -0.314961
263 -0.314865
264 -0.314755
265 -0.314629
266 -0.314489
267 -0.314334
268 -0.314164
269 -0.313979
270 -0.313778
271 -0.313562
272 -0.313331
273 -0.313085
274 -0.312823
275 -0.312545
276 -0.312252
277 -0.311943
278 -0.311617
279 -0.311276
280 -0.310918
281 -0.310544
282 -0.310153
283 -0.309746
284 -0.309321
285 -0.30888
286 -0.308421
287 -0.307945
288 -0.307451
289 -0.306939
290 -0.306409
291 -0.305861
292 -0.305294
293 -0.304708
294 -0.304103
295 -0.303478
296 -0.302834
297 -0.30217
298 -0.301486
299 -0.300781
300 -0.300056
301 -0.299308
302 -0.29854
303 -0.297749
304 -0.296936
305 -0.2961
306 -0.295242
307 -0.294359
308 -0.293453
309 -0.292522
310 -0.291566
311 -0.290584
312 -0.289577
313 -0.288543
314 -0.287483
315 -0.286394
316 -0.285278
317 -0.284133
318 -0.282958
319 -0.281754
320 -0.280518
321 -0.279252
322 -0.277953
323 -0.276621
324 -0.275256
325 -0.273856
326 -0.272421
327 -0.27095
328 -0.269441
329 -0.267895
330 -0.26631
331 -0.264684
332 -0.263018
333 -0.261309
334 -0.259557
335 -0.257761
336 -0.255919
337 -0.25403
338 -0.252092
339 -0.250105
340 -0.248067
341 -0.245976
342 -0.243831
343 -0.24163
344 -0.239371
345 -0.237053
346 -0.234674
347 -0.232232
348 -0.229724
349 -0.22715
350 -0.224505
351 -0.221789
352 -0.218999
353 -0.216132
354 -0.213186
355 -0.210157
356 -0.207044
357 -0.203842
358 -0.200549
359 -0.197161
360 -0.193675
361 -0.190088
362 -0.186394
363 -0.18259
364 -0.178672
365 -0.174636
366 -0.170476
367 -0.166187
368 -0.161764
369 -0.157202
370 -0.152494
371 -0.147634
372 -0.142616
373 -0.137433
374 -0.132076
375 -0.126538
376 -0.120811
377 -0.114885
378 -0.108752
379 -0.1024
380 -0.0958197
381 -0.0889987
382 -0.081925
383 -0.0745852
384 -0.0669654
385 -0.0590503
386 -0.0508238
387 -0.0422683
388 -0.0333652
389 -0.0240942
390 -0.0144335
391 -0.00435966
392 0.00615284
393 0.0171316
394 0.0286065
395 0.04061
396 0.0531776
397 0.066348
398 0.0801632
399 0.0946696
400 0.109918
401 0.125964
402 0.142869
403 0.160701
404 0.179536
405 0.199456
406 0.220555
407 0.242938
408 0.26672
409 0.292033
410 0.319025
411 0.347862
412 0.378737
413 0.411865
414 0.447497
415 0.48592
416 0.527468
417 0.572528
418 0.621558
419 0.675093
420 0.733773
421 0.798364
422 0.869791
423 0.949183
424 1.03793
425 1.13777
426 1.25088
427 1.38009
428 1.52905
429 1.70261
430 1.90738
431 2.15254
432 2.45125
433 2.82312
434 3.29864
435 3.92797
436 4.79984
437 6.08752
438 8.18086
439 12.1785
440 22.8411
441 140.145
442 -35.8143
443 -16.2649
444 -10.6805
445 -8.03605
446 -6.49411
447 -5.48443
448 -4.7722
449 -4.24302
450 -3.8345
451 -3.50971
452 -3.2454
453 -3.02619
454 -2.84153
455 -2.68391
456 -2.54785
457 -2.42926
458 -2.32504
459 -2.23276
460 -2.15053
461 -2.07682
462 -2.01042
463 -1.95031
464 -1.89569
465 -1.84586
466 -1.80025
467 -1.75836
468 -1.7198
469 -1.68421
470 -1.65127
471 -1.62073
472 -1.59237
473 -1.56597
474 -1.54136
475 -1.5184
476 -1.49694
477 -1.47686
478 -1.45806
479 -1.44044
480 -1.42391
481 -1.40839
482 -1.39382
483 -1.38014
484 -1.36728
485 -1.3552
486 -1.34384
487 -1.33318
488 -1.32316
489 -1.31376
490 -1.30495
491 -1.29669
492 -1.28895
493 -1.28172
494 -1.27497
495 -1.26869
496 -1.26284
497 -1.25743
498 -1.25243
499 -1.24783
500 -1.24361
501 -1.23977
502 -1.23629
503 -1.23318
504 -1.23041
505 -1.22798
506 -1.22588
507 -1.22412
508 -1.22269
509 -1.22157
510 -1.22078
511 -1.2203
