3 0.0001
5 0.0002
6 0.0004
8 0.0007
9 0.0002
10 0.0006
11 0.0008
12 0.0006
13 0.0014
14 0.0011
15 0.0014
16 0.0014
17 0.002
18 0.0023
19 0.0026
20 0.0016
21 0.003
22 0.0039
23 0.0034
24 0.0037
25 0.0037
26 0.0037
27 0.0057
28 0.0051
29 0.0045
30 0.005
31 0.0057
32 0.0061
33 0.0064
34 0.0061
35 0.0083
36 0.0077
37 0.0095
38 0.0077
39 0.0095
40 0.0089
41 0.0095
42 0.0116
43 0.0104
44 0.011
45 0.0124
46 0.0139
47 0.0117
48 0.0153
49 0.0134
50 0.0123
51 0.0146
52 0.0142
53 0.0182
54 0.0165
55 0.0162
56 0.0207
57 0.0164
58 0.0197
59 0.0224
60 0.0204
61 0.0199
62 0.0249
63 0.0235
64 0.0253
65 0.0224
66 0.0274
67 0.024
68 0.0279
69 0.0268
70 0.0259
71 0.0287
72 0.0307
73 0.0303
74 0.0277
75 0.0318
76 0.0335
77 0.0328
78 0.0328
79 0.0374
80 0.0374
81 0.0348
82 0.0351
83 0.0392
84 0.0369
85 0.0365
86 0.0409
87 0.0401
88 0.0451
89 0.0398
90 0.0458
91 0.0468
92 0.0493
93 0.0497
94 0.0489
95 0.0497
96 0.0504
97 0.0529
98 0.0493
99 0.054
100 0.0552
101 0.0526
102 0.056
103 0.0587
104 0.0625
105 0.0596
106 0.0597
107 0.0619
108 0.0615
109 0.0585
110 0.0681
111 0.0662
112 0.0634
113 0.0697
114 0.0737
115 0.0713
116 0.0685
117 0.0732
118 0.0728
119 0.0742
120 0.0752
121 0.0802
122 0.0763
123 0.079
124 0.082
125 0.082
126 0.0863
127 0.0829
128 0.0838
129 0.0863
130 0.0893
131 0.0855
132 0.0872
133 0.0875
134 0.0946
135 0.0889
136 0.0893
137 0.0976
138 0.0953
139 0.0965
140 0.098
141 0.0967
142 0.1013
143 0.0991
144 0.1022
145 0.107
146 0.1023
147 0.1022
148 0.1153
149 0.1041
150 0.1169
151 0.1072
152 0.1145
153 0.1116
154 0.1161
155 0.1129
156 0.1137
157 0.1167
158 0.1176
159 0.1168
160 0.1251
161 0.1205
162 0.1203
163 0.1268
164 0.1221
165 0.1253
166 0.1334
167 0.1268
168 0.1248
169 0.1327
170 0.132
171 0.1339
172 0.137
173 0.1402
174 0.1372
175 0.1375
176 0.1435
177 0.1466
178 0.1411
179 0.139
180 0.1488
181 0.1527
182 0.1516
183 0.1508
184 0.1523
185 0.1568
186 0.1499
187 0.1497
188 0.1579
189 0.1565
190 0.1592
191 0.1569
192 0.1557
193 0.1581
194 0.1636
195 0.1608
196 0.1681
197 0.1642
198 0.1768
199 0.1622
200 0.1694
201 0.1731
202 0.1676
203 0.1643
204 0.172
205 0.1726
206 0.1798
207 0.1757
208 0.1834
209 0.174
210 0.1819
211 0.1688
212 0.18
213 0.1841
214 0.1822
215 0.1868
216 0.1781
217 0.1878
218 0.1829
219 0.1867
220 0.1884
221 0.1797
222 0.1867
223 0.189
224 0.1905
225 0.1958
226 0.186
227 0.1848
228 0.2002
229 0.1946
230 0.1967
231 0.195
232 0.1976
233 0.1964
234 0.1974
235 0.2013
236 0.2048
237 0.198
238 0.1973
239 0.2042
240 0.2067
241 0.2034
242 0.2144
243 0.2052
244 0.2077
245 0.2055
246 0.2146
247 0.2037
248 0.2047
249 0.2068
250 0.222
251 0.2189
252 0.2089
253 0.2213
254 0.2176
255 0.2133
256 0.21
257 0.215
258 0.2212
259 0.2251
260 0.227
261 0.2231
262 0.216
263 0.2243
264 0.22
265 0.221
266 0.2166
267 0.2199
268 0.2217
269 0.2206
270 0.2272
271 0.2185
272 0.2327
273 0.2261
274 0.2256
275 0.23
276 0.2282
277 0.2309
278 0.2269
279 0.2283
280 0.2302
281 0.2286
282 0.2392
283 0.2322
284 0.2356
285 0.2416
286 0.2367
287 0.2382
288 0.2317
289 0.2371
290 0.2363
291 0.2451
292 0.2332
293 0.2271
294 0.2346
295 0.2309
296 0.2421
297 0.2373
298 0.2331
299 0.2449
300 0.239
301 0.2463
302 0.2459
303 0.2359
304 0.2353
305 0.2473
306 0.2517
307 0.2398
308 0.2368
309 0.2373
310 0.2367
311 0.2424
312 0.2531
313 0.246
314 0.2396
315 0.2431
316 0.255
317 0.2389
318 0.2462
319 0.243
320 0.2384
321 0.2457
322 0.2365
323 0.2447
324 0.241
325 0.2423
326 0.2461
327 0.2436
328 0.25
329 0.2404
330 0.2432
331 0.2424
332 0.2524
333 0.2453
334 0.244
335 0.251
336 0.2561
337 0.2529
338 0.2437
339 0.2413
340 0.2429
341 0.2456
342 0.2479
343 0.2459
344 0.2522
345 0.2363
346 0.2511
347 0.2465
348 0.2425
349 0.2448
350 0.2492
351 0.2422
352 0.2496
353 0.2531
354 0.2424
355 0.247
356 0.2443
357 0.243
358 0.2453
359 0.2473
360 0.2439
361 0.2537
362 0.2392
363 0.2459
364 0.2399
365 0.228
366 0.2369
367 0.2421
368 0.2414
369 0.2349
370 0.2394
371 0.2453
372 0.2359
373 0.2396
374 0.2358
375 0.2429
376 0.2429
377 0.2406
378 0.2431
379 0.2352
380 0.2355
381 0.2356
382 0.2369
383 0.2483
384 0.2278
385 0.2414
386 0.2406
387 0.2331
388 0.2241
389 0.2406
390 0.2359
391 0.2388
392 0.2408
393 0.2311
394 0.233
395 0.2359
396 0.2261
397 0.2308
398 0.2301
399 0.2309
400 0.2345
401 0.2268
402 0.233
403 0.2281
404 0.2246
405 0.2285
406 0.2321
407 0.2316
408 0.221
409 0.2274
410 0.2269
411 0.2259
412 0.2318
413 0.2272
414 0.2291
415 0.2205
416 0.2117
417 0.2183
418 0.2183
419 0.2215
420 0.2167
421 0.2188
422 0.2164
423 0.2152
424 0.2152
425 0.2122
426 0.2149
427 0.2113
428 0.2153
429 0.2196
430 0.2034
431 0.2086
432 0.207
433 0.2157
434 0.2123
435 0.2026
436 0.2097
437 0.2091
438 0.1998
439 0.2058
440 0.205
441 0.2107
442 0.2083
443 0.2077
444 0.1986
445 0.2023
446 0.1998
447 0.2031
448 0.1943
449 0.1999
450 0.2008
451 0.1937
452 0.2009
453 0.204
454 0.1939
455 0.1949
456 0.1978
457 0.1944
458 0.1918
459 0.1978
460 0.1896
461 0.1903
462 0.1974
463 0.1879
464 0.1816
465 0.192
466 0.188
467 0.1923
468 0.1894
469 0.1817
470 0.1837
471 0.1944
472 0.1842
473 0.1889
474 0.1786
475 0.1761
476 0.1806
477 0.1815
478 0.1801
479 0.1777
480 0.1801
481 0.181
482 0.1761
483 0.1711
484 0.1737
485 0.174
486 0.1727
487 0.1712
488 0.1759
489 0.1675
490 0.1685
491 0.1708
492 0.1653
493 0.1706
494 0.174
495 0.1681
496 0.1631
497 0.1673
498 0.1659
499 0.1681
500 0.1605
501 0.1642
502 0.1579
503 0.1651
504 0.1627
505 0.1613
506 0.1613
507 0.157
508 0.1522
509 0.1599
510 0.1571
511 0.1567
512 0.1581
513 0.1579
514 0.1478
515 0.152
516 0.1421
517 0.1468
518 0.1485
519 0.1545
520 0.1506
521 0.1423
522 0.1435
523 0.1448
524 0.1414
525 0.145
526 0.1488
527 0.1396
528 0.1373
529 0.14
530 0.1369
531 0.1453
532 0.1432
533 0.1389
534 0.135
535 0.1343
536 0.1371
537 0.1373
538 0.1338
539 0.1327
540 0.1326
541 0.1312
542 0.1311
543 0.1278
544 0.1259
545 0.1281
546 0.1245
547 0.1277
548 0.1265
549 0.1239
550 0.1284
551 0.1234
552 0.1183
553 0.1236
554 0.1246
555 0.1207
556 0.126
557 0.1169
558 0.1162
559 0.1133
560 0.1179
561 0.1193
562 0.1166
563 0.1172
564 0.1185
565 0.1119
566 0.1135
567 0.1046
568 0.1108
569 0.1102
570 0.1116
571 0.1085
572 0.109
573 0.1081
574 0.1081
575 0.1044
576 0.1041
577 0.1066
578 0.1077
579 0.1045
580 0.1111
581 0.0994
582 0.1001
583 0.1001
584 0.1002
585 0.098
586 0.1009
587 0.1002
588 0.096
589 0.0993
590 0.0971
591 0.0938
592 0.0949
593 0.0942
594 0.0962
595 0.0978
596 0.0905
597 0.0911
598 0.0924
599 0.0868
600 0.0875
601 0.0861
602 0.0907
603 0.0853
604 0.0837
605 0.0834
606 0.0872
607 0.0863
608 0.0849
609 0.0825
610 0.078
611 0.0794
612 0.0828
613 0.0804
614 0.079
615 0.077
616 0.0793
617 0.0789
618 0.0768
619 0.0773
620 0.0801
621 0.0751
622 0.0707
623 0.0767
624 0.0782
625 0.0716
626 0.0722
627 0.07
628 0.0749
629 0.0728
630 0.07
631 0.0755
632 0.0688
633 0.0675
634 0.067
635 0.0687
636 0.072
637 0.0697
638 0.0671
639 0.0695
640 0.0652
641 0.0643
642 0.0672
643 0.0647
644 0.0657
645 0.0606
646 0.0631
647 0.0618
648 0.0619
649 0.0614
650 0.0551
651 0.0565
652 0.0608
653 0.0611
654 0.0622
655 0.0564
656 0.0601
657 0.0534
658 0.0549
659 0.0569
660 0.0532
661 0.0557
662 0.0508
663 0.0523
664 0.0488
665 0.0523
666 0.0537
667 0.051
668 0.0465
669 0.0536
670 0.0559
671 0.0486
672 0.0515
673 0.0497
674 0.0516
675 0.0497
676 0.0466
677 0.0479
678 0.044
679 0.0468
680 0.0446
681 0.0484
682 0.0526
683 0.0444
684 0.0446
685 0.0453
686 0.0424
687 0.0427
688 0.0473
689 0.0431
690 0.0415
691 0.0439
692 0.0419
693 0.0401
694 0.0451
695 0.0386
696 0.0436
697 0.0381
698 0.0378
699 0.0392
700 0.0358
701 0.0341
702 0.0377
703 0.036
704 0.0384
705 0.0353
706 0.0351
707 0.0364
708 0.0381
709 0.035
710 0.0331
711 0.0336
712 0.0317
713 0.0344
714 0.035
715 0.0349
716 0.0319
717 0.0314
718 0.0337
719 0.0317
720 0.0313
721 0.0317
722 0.0295
723 0.0328
724 0.0307
725 0.0285
726 0.0296
727 0.0304
728 0.0292
729 0.0266
730 0.0284
731 0.0287
732 0.0293
733 0.0289
734 0.0242
735 0.0284
736 0.0285
737 0.0253
738 0.0232
739 0.0259
740 0.0239
741 0.0276
742 0.0235
743 0.0254
744 0.0269
745 0.0225
746 0.0257
747 0.0249
748 0.0266
749 0.0244
750 0.0264
751 0.0246
752 0.0204
753 0.021
754 0.02
755 0.0212
756 0.0206
757 0.0214
758 0.0246
759 0.0209
760 0.0241
761 0.0225
762 0.0203
763 0.0181
764 0.02
765 0.0199
766 0.0206
767 0.0181
768 0.0202
769 0.0176
770 0.0183
771 0.0172
772 0.0194
773 0.0177
774 0.0174
775 0.0205
776 0.018
777 0.0168
778 0.0171
779 0.0188
780 0.0178
781 0.0159
782 0.0171
783 0.0196
784 0.0148
785 0.0157
786 0.0131
787 0.0149
788 0.0143
789 0.0156
790 0.0142
791 0.0184
792 0.0144
793 0.0142
794 0.0141
795 0.0144
796 0.0144
797 0.0121
798 0.0114
799 0.0131
800 0.0156
801 0.0115
802 0.0139
803 0.014
804 0.0135
805 0.0118
806 0.0111
807 0.0114
808 0.0111
809 0.0126
810 0.0124
811 0.0129
812 0.0125
813 0.0119
814 0.0127
815 0.0107
816 0.0106
817 0.0101
818 0.0096
819 0.0113
820 0.011
821 0.0095
822 0.0111
823 0.0105
824 0.01
825 0.0105
826 0.0106
827 0.0096
828 0.0104
829 0.01
830 0.0102
831 0.0076
832 0.0104
833 0.0084
834 0.0084
835 0.0067
836 0.008
837 0.0088
838 0.0092
839 0.0076
840 0.0081
841 0.0071
842 0.0075
843 0.0099
844 0.008
845 0.0088
846 0.0075
847 0.0067
848 0.0096
849 0.0075
850 0.0081
851 0.0081
852 0.0066
853 0.0059
854 0.0068
855 0.0055
856 0.0057
857 0.0065
858 0.0062
859 0.0049
860 0.0063
861 0.0063
862 0.0072
863 0.006
864 0.005
865 0.0058
866 0.0054
867 0.006
868 0.0064
869 0.0059
870 0.0049
871 0.0059
872 0.0043
873 0.0051
874 0.0047
875 0.0051
876 0.0044
877 0.0037
878 0.0048
879 0.0048
880 0.0053
881 0.0045
882 0.0055
883 0.0045
884 0.0052
885 0.0037
886 0.0044
887 0.0039
888 0.0045
889 0.0065
890 0.004
891 0.0046
892 0.0049
893 0.0038
894 0.0039
895 0.004
896 0.0045
897 0.0035
898 0.0036
899 0.0025
900 0.004
901 0.004
902 0.0043
903 0.004
904 0.0038
905 0.003
906 0.0031
907 0.0033
908 0.0036
909 0.0033
910 0.0042
911 0.0033
912 0.0038
913 0.0036
914 0.0047
915 0.0036
916 0.0034
917 0.0034
918 0.0027
919 0.0033
920 0.0038
921 0.0037
922 0.003
923 0.0026
924 0.0031
925 0.0031
926 0.0032
927 0.002
928 0.0024
929 0.0027
930 0.0025
931 0.0025
932 0.0023
933 0.003
934 0.0021
935 0.0026
936 0.0031
937 0.002
938 0.0024
939 0.0026
940 0.0023
941 0.0025
942 0.0027
943 0.002
944 0.0019
945 0.0022
946 0.0017
947 0.0023
948 0.0017
949 0.001
950 0.0017
951 0.0015
952 0.0015
953 0.0013
954 0.002
955 0.0008
956 0.0023
957 0.0015
958 0.0021
959 0.0011
960 0.0012
961 0.0014
962 0.0009
963 0.0017
964 0.0013
965 0.001
966 0.0015
967 0.002
968 0.0027
969 0.0021
970 0.0012
971 0.0012
972 0.0012
973 0.0017
974 0.0021
975 0.0017
976 0.0019
977 0.002
978 0.0016
979 0.001
980 0.0012
981 0.0012
982 0.0016
983 0.0009
984 0.0008
985 0.0005
986 0.002
987 0.0009
988 0.0011
989 0.001
990 0.001
991 0.0006
992 0.0009
993 0.0013
994 0.0008
995 0.0013
996 0.0008
997 0.001
998 0.001
999 0.0009
1000 0.0007
1001 0.0012
1002 0.0013
1003 0.0006
1004 0.0006
1005 0.0006
1006 0.0006
1007 0.0004
1008 0.0011
1009 0.0013
1010 0.0007
1011 0.0009
1012 0.0007
1013 0.0007
1014 0.0002
1015 0.0007
1016 0.0009
1017 0.0009
1018 0.0008
1019 0.0006
1020 0.0006
1021 0.0006
1022 0.0007
1023 0.0005
1024 0.0008
1025 0.0003
1026 0.0008
1027 0.0006
1028 0.0002
1029 0.0009
1030 0.0008
1031 0.0009
1032 0.0009
1033 0.0007
1034 0.0006
1035 0.0009
1036 0.0004
1037 0.0002
1038 0.0005
1039 0.0004
1040 0.0005
1041 0.0004
1042 0.0004
1043 0.0003
1044 0.0002
1045 0.0004
1046 0.0002
1047 0.0005
1048 0.0004
1049 0.0001
1050 0.0003
1051 0.0003
1052 0.0006
1053 0.0002
1054 0.0006
1055 0.0002
1056 0.0004
1057 0.0007
1058 0.0001
1059 0.0003
1060 0.0003
1061 0.0003
1062 0.0005
1063 0.0004
1064 0.0004
1065 0.0004
1066 0.0003
1068 0.0003
1069 0.0005
1070 0.0002
1071 0.0006
1072 0.0003
1073 0.0006
1074 0.0004
1075 0.0005
1076 0.0002
1077 0.0001
1079 0.0001
1080 0.0001
1081 0.0004
1082 0.0002
1083 0.0006
1084 0.0002
1085 0.0003
1086 0.0003
1088 0.0003
1089 0.0002
1091 0.0007
1092 0.0002
1093 0.0001
1094 0.0002
1095 0.0005
1096 0.0001
1099 0.0002
1101 0.0003
1102 0.0004
1103 0.0001
1105 0.0002
1106 0.0002
1108 0.0001
1109 0.0001
1110 0.0001
1111 0.0001
1113 0.0003
1114 0.0003
1115 0.0002
1116 0.0002
1117 0.0002
1120 0.0001
1122 0.0006
1123 0.0001
1124 0.0001
1125 0.0003
1126 0.0003
1127 0.0002
1128 0.0003
1130 0.0001
1131 0.0003
1132 0.0002
1133 0.0001
1134 0.0001
1135 0.0002
1136 0.0003
1142 0.0002
1145 0.0003
1147 0.0001
1149 0.0001
1155 0.0001
1156 0.0001
1157 0.0002
1158 0.0002
1159 0.0001
1160 0.0002
1161 0.0002
1166 0.0001
1167 0.0001
1169 0.0001
1170 0.0001
1172 0.0001
1174 0.0001
1175 0.0001
1186 0.0001
1188 0.0002
1190 0.0001
1192 0.0001
1195 0.0001
1207 0.0002
1217 0.0001
1218 0.0001
1219 0.0002
1220 0.0001
1229 0.0001
1239 0.0001
1242 0.0001
1251 0.0001
1254 0.0001
1257 0.0001
1274 0.0001
1276 0.0001
1289 0.0001
1297 0.0001
1315 0.0001
1356 0.0001
